Epoch	AverageEpRet	StdEpRet	MaxEpRet	MinEpRet	AverageTestEpRet	StdTestEpRet	MaxTestEpRet	MinTestEpRet	EpLen	TestEpLen	TotalEnvInteracts	AverageQVals	StdQVals	MaxQVals	MinQVals	LossPi	LossQ	Time
1	-6769.952	1596.0726	-4392.7427	-10386.89	-7255.543	2439.1233	-3506.0352	-11124.511	110.0	110.0	1649	-107.3702	60.63425	0.14867596	-382.24518	104.081	1282.7881	4.974326848983765
2	-7420.24	2046.9528	-4281.0586	-10676.486	-7912.1924	3150.097	-2414.7703	-13074.527	110.0	110.0	3299	-386.51587	161.29277	-63.672565	-1077.9865	375.7783	1393.1997	13.659082651138306
3	-7035.5967	1615.2048	-4637.871	-10942.749	-5718.6675	3257.353	-1541.9944	-11555.395	110.0	110.0	4949	-751.8081	205.20854	-233.12483	-1594.6854	732.12573	2721.854	21.778663873672485
4	-6718.696	2011.1973	-2759.7092	-11508.368	-4000.073	3904.249	-698.52563	-13642.497	110.0	110.0	6599	-1052.2732	219.3737	-471.76352	-1909.3698	1028.5939	3121.5925	31.97412133216858
5	-7058.091	2345.245	-4325.9585	-12589.658	-1946.2048	2143.3918	-53.783264	-6142.582	110.0	110.0	8249	-1314.289	240.706	-672.5272	-2282.5703	1286.3191	3486.7583	41.11770963668823
6	-6746.113	2198.5378	-2385.2478	-11166.668	-2034.5115	1791.1187	-480.53763	-6861.8594	110.0	110.0	9899	-1529.5564	266.5114	-792.39355	-2517.4988	1494.873	3988.0732	49.91853094100952
7	-1551.728	955.4876	-125.76946	-3905.5913	-2946.9897	1855.1786	-529.79395	-7002.883	110.0	110.0	11549	-1643.3197	305.76892	-872.6731	-2649.2256	1606.0936	3999.4006	59.250407457351685
8	-2557.074	2035.3292	-240.02252	-7111.953	-1862.5234	1059.8734	-226.64032	-3493.1182	110.0	110.0	13199	-1686.7076	352.20596	-945.5546	-2805.2605	1650.5867	3754.3547	68.67755341529846
9	-2072.1406	1673.4805	-478.13693	-7548.0312	-1687.4583	1086.0521	-420.27942	-3130.942	110.0	110.0	14849	-1708.5277	386.50708	-878.69476	-2928.6433	1674.6277	3483.0627	78.07478523254395
10	-2210.5579	1315.3257	-484.13943	-4508.313	-2266.199	911.4782	-1131.9261	-4258.0635	110.0	110.0	16499	-1717.0607	413.00385	-852.10016	-3069.1187	1684.469	3236.9746	87.4157543182373
11	-2364.8354	2045.6512	-264.00122	-9214.797	-1381.2396	930.4237	-207.05927	-3459.606	110.0	110.0	18149	-1727.5962	425.8299	-828.9591	-3147.6968	1697.2435	3039.5076	96.8583505153656
12	-2175.9468	2268.2178	-357.215	-8086.397	-1881.0813	1037.5151	-806.40295	-4274.1416	110.0	110.0	19799	-1722.3005	448.0212	-789.82935	-3233.8123	1693.233	2794.5305	105.85475254058838
13	-2262.497	1680.2748	-165.04713	-7351.383	-1222.1278	748.5923	-255.13391	-2572.8284	110.0	110.0	21449	-1724.4553	462.8422	-747.5303	-3281.0146	1696.8855	2634.2346	115.32749056816101
14	-2049.1008	1591.2554	-406.77145	-5506.9966	-1964.0847	1401.8947	-278.23947	-4747.946	110.0	110.0	23099	-1731.4575	472.02667	-712.778	-3351.4749	1704.9039	2519.2307	124.71521973609924
15	-2422.618	1430.6578	-857.8675	-6440.221	-1773.9088	1434.628	-202.35641	-5568.235	110.0	110.0	24749	-1725.1615	487.49942	-674.95544	-3391.3164	1699.5376	2475.2505	134.10609889030457
16	-2105.9148	1224.711	-554.49384	-5487.527	-2362.7202	1535.0787	-327.73178	-5461.66	110.0	110.0	26399	-1719.7882	499.54526	-641.86255	-3426.4758	1694.9119	2387.7722	143.30483388900757
17	-1368.3053	831.58435	-352.81854	-3692.6711	-2014.571	857.5374	-262.2155	-3714.9033	110.0	110.0	28049	-1701.7568	512.61597	-584.44714	-3469.2048	1677.8871	2290.1443	153.09161472320557
18	-2200.858	1566.138	-198.48732	-5072.003	-2481.0168	2590.5244	-36.324688	-9863.037	110.0	110.0	29699	-1681.792	526.13074	-530.5008	-3461.8784	1658.7672	2199.8206	163.047030210495
19	-1970.6569	1086.8472	-847.77325	-4108.76	-2272.129	2693.4382	-191.47697	-9683.792	110.0	110.0	31349	-1672.3818	548.93146	-490.02112	-3510.4102	1649.7222	2137.4734	172.60878610610962
20	-1400.3273	895.04926	-151.71422	-3088.0425	-2410.0664	1715.9591	-328.56815	-5008.739	110.0	110.0	32999	-1651.1288	562.3082	-441.51874	-3510.4756	1628.7494	2071.2346	183.20946836471558
21	-2155.7192	1406.7701	-298.57764	-4386.5654	-1819.2981	1249.3788	-110.752846	-3469.4639	110.0	110.0	34649	-1629.0334	576.3223	-394.1708	-3525.938	1606.8882	2043.2797	192.1750295162201
22	-2267.3281	1388.2324	-607.2912	-4751.0366	-2003.2673	1055.9877	-440.13138	-3701.1362	110.0	110.0	36299	-1609.5189	590.0592	-349.21014	-3554.4207	1587.1581	1949.3424	201.51284193992615
23	-2032.7926	1220.1993	-457.27667	-4755.475	-1776.835	1379.8953	-382.13284	-4934.677	110.0	110.0	37949	-1577.6178	597.246	-306.93298	-3583.4304	1555.909	1929.5348	210.36334991455078
24	-1630.97	867.5817	-572.13196	-3509.727	-2021.3558	877.23285	-583.76245	-3704.9368	110.0	110.0	39599	-1550.3756	606.60394	-271.61374	-3599.1206	1528.6903	1872.5806	219.4409875869751
25	-1859.2548	2180.882	-198.63278	-9415.037	-1851.6897	1345.0974	-448.3991	-3956.343	110.0	110.0	41249	-1514.534	611.1382	-234.44778	-3609.4734	1493.4133	1873.6036	228.94880390167236
26	-1868.1636	1332.1415	-250.43199	-5402.439	-1935.6106	1283.6775	-153.95438	-3939.7354	110.0	110.0	42899	-1482.7461	620.69666	-200.66077	-3615.5513	1461.9009	1819.8135	238.4002389907837
27	-1890.8344	1027.319	-506.0254	-3722.5518	-1951.4033	1345.3647	-568.00134	-5429.748	110.0	110.0	44549	-1448.9392	622.854	-175.1947	-3666.0312	1428.3152	1815.8927	247.87369632720947
28	-2073.184	1350.3973	-251.46704	-4486.8086	-1760.1633	984.1408	-737.3302	-4096.636	110.0	110.0	46199	-1422.4425	629.77527	-152.61539	-3678.5486	1401.7609	1848.5385	257.29944348335266
29	-2265.6663	1516.441	-529.92346	-5868.0986	-1512.8091	877.974	-588.32196	-3602.8584	110.0	110.0	47849	-1391.5997	635.4826	-130.8151	-3684.8704	1370.5454	1823.5168	266.23568773269653
30	-1646.1746	1680.1085	-82.28054	-6326.7974	-2029.7523	2008.101	-225.98752	-7109.0166	110.0	110.0	49499	-1352.2224	644.6058	-108.07843	-3671.1465	1331.0479	1849.7097	274.39914178848267
31	-1926.4418	1319.1487	-577.0545	-4769.5825	-1848.971	1344.7704	-415.36908	-4493.523	110.0	110.0	51149	-1314.0947	658.811	-80.309975	-3686.121	1293.1127	1833.2727	282.27459025382996
32	-1808.4995	1636.1809	-111.681305	-5796.974	-1685.6687	1174.6892	-151.0055	-3945.941	110.0	110.0	52799	-1267.2328	666.08484	-28.378296	-3752.755	1245.3352	1851.1147	289.8189969062805
33	-1823.1993	1533.5157	-140.94363	-4973.093	-997.86975	796.40765	-341.04678	-2471.9675	110.0	110.0	54449	-1210.252	671.29785	31.474297	-3754.206	1188.057	1820.349	297.6282842159271
34	-1110.3429	1104.4661	-65.99795	-4855.105	-1731.9971	983.82587	-243.1937	-3572.6392	110.0	110.0	56099	-1153.2704	677.89197	86.11945	-3745.815	1130.8812	1803.9045	305.20566725730896
35	-1679.1991	1186.0073	-168.44377	-4175.7373	-1826.78	1459.755	-324.30103	-5032.96	110.0	110.0	57749	-1098.4172	687.7939	144.79294	-3752.7249	1076.5375	1759.0634	312.6958734989166
36	-1587.0468	934.35004	-345.21094	-3325.4822	-1940.1888	1234.9281	-343.75317	-4138.678	110.0	110.0	59399	-1048.5105	693.5128	175.5214	-3711.4368	1026.4855	1746.7667	320.26043701171875
37	-1624.6547	1258.7236	-445.53854	-4143.818	-1131.0896	698.19	-97.655045	-2302.0813	110.0	110.0	61049	-997.5271	699.71747	212.25375	-3727.45	975.4656	1671.3346	328.8473701477051
38	-1397.0829	1316.888	-204.53482	-3651.2583	-830.01086	484.26758	-110.474785	-1915.8561	110.0	110.0	62699	-943.6604	713.8818	254.79367	-3722.8796	920.80365	1681.3821	337.0258994102478
39	-991.3056	565.3144	-169.72597	-2008.6929	-850.5018	789.5671	-98.34687	-2983.775	110.0	110.0	64349	-869.312	719.35095	296.3626	-3676.199	845.219	1622.1637	345.71715211868286
40	-1241.528	742.89355	-247.85738	-2907.6409	-1449.8596	1015.6926	-288.18988	-3420.526	110.0	110.0	65999	-791.7632	720.1771	350.70963	-3632.8875	767.46063	1579.7898	356.16233563423157
41	-1130.883	746.65674	-57.043583	-3194.6416	-1300.1005	566.58636	-353.98642	-2357.456	110.0	110.0	67649	-720.22375	718.98065	448.70297	-3596.8267	696.3014	1541.0576	366.2824218273163
42	-1113.3022	1139.429	-96.87951	-4743.014	-850.4794	431.43643	-199.03763	-1631.1654	110.0	110.0	69299	-647.33813	717.94226	539.57855	-3508.2808	623.403	1507.6188	376.45261573791504
43	-806.0264	593.51337	-97.6519	-2220.615	-2035.0967	1322.9174	-326.72592	-4301.192	110.0	110.0	70949	-578.7115	721.7983	655.05316	-3394.8347	554.8837	1483.5764	386.9060604572296
44	-1364.8861	993.274	-84.341354	-3880.537	-1379.2251	935.113	-157.93764	-3431.0405	110.0	110.0	72599	-509.23563	723.55334	697.8332	-3382.4458	485.6622	1411.4253	397.2830390930176
45	-1118.8625	632.2423	-213.54735	-2167.7493	-1589.793	1244.8014	-382.46582	-4972.4995	110.0	110.0	74249	-450.2739	725.0219	782.9243	-3354.2444	426.66415	1424.8694	406.655636548996
46	-1080.5753	1347.8434	-63.877113	-4716.3535	-1743.5857	1119.7596	-439.17493	-3845.3403	110.0	110.0	75899	-385.19342	729.8864	843.71356	-3359.9368	361.37766	1384.7305	415.93113899230957
47	-1310.5741	1069.2915	-187.46538	-4235.2856	-2100.6973	1588.1964	-253.2316	-5910.866	110.0	110.0	77549	-319.59216	728.4248	924.43427	-3295.0876	296.5053	1369.9312	426.8018386363983
48	-1407.662	1129.8258	-323.75208	-4245.4033	-685.66376	527.9857	-164.15945	-2018.9725	110.0	110.0	79199	-262.7296	731.12054	983.8959	-3322.1003	239.89308	1392.853	436.3018548488617
49	-1752.7574	1612.5254	-281.26047	-5873.8823	-1459.0546	1293.0774	-107.61412	-3951.6055	110.0	110.0	80849	-208.42482	733.16425	1046.997	-3268.6938	185.64369	1343.5295	445.7913599014282
50	-1245.5092	775.43317	-168.42271	-2996.6982	-1674.6262	744.99774	-337.2054	-3072.6025	110.0	110.0	82499	-151.8522	733.6609	1071.9839	-3246.0461	128.99467	1329.6631	455.4435954093933
51	-1306.0627	1046.9648	-393.32495	-4176.4683	-1301.5089	1071.6484	-273.55634	-3245.0735	110.0	110.0	84149	-107.88983	740.6156	1144.5868	-3247.5938	84.36488	1336.7064	465.0200436115265
52	-1307.2283	796.6751	-438.26486	-2715.0894	-1456.2563	1238.4076	-245.23718	-4522.9595	110.0	110.0	85799	-55.008625	746.31616	1210.7036	-3291.7998	30.805653	1350.4839	474.58100295066833
53	-1476.9297	1105.5804	-316.53845	-4017.8513	-1443.5704	1194.0005	-146.26096	-4455.162	110.0	110.0	87449	3.1009915	748.55725	1282.8048	-3296.261	-26.830519	1343.0734	483.68712639808655
54	-1728.8997	1640.8995	-109.45147	-6183.3247	-880.20575	730.15967	-107.796394	-2214.3293	110.0	110.0	89099	60.707638	749.3413	1333.6669	-3272.7112	-84.815605	1358.7113	493.0032551288605
55	-952.0702	705.0337	-79.85814	-2373.9456	-1118.0867	648.1044	-398.21835	-2649.3638	110.0	110.0	90749	119.24261	755.97876	1411.3961	-3220.6597	-143.88365	1361.6976	502.5836453437805
56	-1426.6614	1139.5251	-260.47363	-4454.476	-866.2023	519.63934	-444.184	-2139.5557	110.0	110.0	92399	184.62099	757.066	1512.4944	-3216.363	-208.8789	1393.4795	511.8521955013275
57	-1024.2318	1154.1536	-81.48776	-4030.276	-1598.5818	1443.1523	-176.93343	-5219.1177	110.0	110.0	94049	244.71255	755.1536	1589.9241	-3143.1655	-269.44473	1382.1964	521.0129232406616
58	-1292.7476	1020.5041	-148.98038	-3619.8384	-1292.2797	807.82263	-229.03476	-3090.2114	110.0	110.0	95699	303.41934	755.56586	1675.4058	-3176.7568	-328.2446	1374.2366	530.7674226760864
59	-1010.60767	739.9301	-256.01257	-2798.199	-825.79785	481.80356	-323.00165	-1566.2106	110.0	110.0	97349	364.5279	755.3111	1725.2947	-3107.1445	-389.3294	1370.4258	540.4197223186493
60	-1200.4352	830.70703	-98.25651	-3212.8794	-801.44275	533.3435	-201.23541	-1585.56	110.0	110.0	98999	422.3103	761.6956	1807.8142	-3093.5847	-447.9554	1393.2332	550.1106557846069
61	-1714.944	1128.9794	-377.8937	-4612.245	-1330.013	920.537	-42.68665	-3403.687	110.0	110.0	100649	481.54947	760.40027	1868.0444	-3096.236	-507.40826	1388.6016	559.4018931388855
62	-1252.2151	1421.7385	-59.710407	-5635.685	-883.472	472.01892	-241.9595	-1763.6912	110.0	110.0	102299	539.15643	767.7001	1975.7478	-3018.0615	-564.94727	1397.8247	567.058901309967
63	-1302.4806	808.594	-398.88394	-3465.7368	-869.1624	492.7365	-152.64258	-1740.6747	110.0	110.0	103949	604.6259	768.04944	2042.6033	-2961.2766	-629.89667	1332.4409	575.0600364208221
64	-1103.8245	920.06165	-190.62935	-3008.5042	-595.3421	237.88852	-251.90755	-956.1082	110.0	110.0	105599	656.63806	773.32916	2082.5918	-2997.8423	-680.6568	1308.4125	582.9919185638428
65	-1015.30176	1027.8098	-159.87482	-4588.817	-829.2191	896.7913	-64.58953	-3359.4243	110.0	110.0	107249	698.52655	781.414	2156.5315	-2923.1506	-722.07605	1285.8048	590.5951952934265
66	-1171.8416	947.1483	-377.20853	-4065.926	-886.0807	748.9526	-154.23102	-2853.0273	110.0	110.0	108899	735.4064	795.17334	2199.4749	-3070.3562	-758.74176	1290.8749	598.5237979888916
67	-1203.0098	1311.5933	-146.62254	-5650.2407	-860.94073	496.99442	-93.92658	-1759.9926	110.0	110.0	110549	767.92285	811.92725	2260.5154	-3091.1619	-791.26166	1254.5951	606.1633710861206
68	-585.99774	459.6925	-96.40703	-2150.3315	-993.79846	672.13086	-335.52515	-2309.3042	110.0	110.0	112199	806.2217	819.7567	2295.09	-3115.732	-829.82477	1264.5477	614.1440558433533
69	-963.29285	523.8977	-194.23743	-1923.4907	-801.99963	597.5544	-127.457596	-2415.2979	110.0	110.0	113849	841.609	823.2165	2330.6387	-3129.368	-864.2274	1266.0182	622.0778403282166
70	-1404.0298	1263.4264	-43.316124	-4383.7583	-685.355	571.47437	-259.1453	-2024.8885	110.0	110.0	115499	869.9649	826.21423	2336.8252	-3135.4944	-892.64545	1237.9019	630.077892780304
71	-1167.9675	1351.9573	-152.51927	-5786.971	-868.57385	508.5354	-268.25647	-1754.9353	110.0	110.0	117149	893.9448	831.2908	2371.286	-3146.5703	-916.6681	1278.743	639.2900216579437
72	-842.68976	558.58563	-165.85406	-2124.362	-980.99493	988.2356	-179.91457	-3763.2903	110.0	110.0	118799	927.8211	826.80774	2376.4045	-3139.731	-950.6027	1268.2316	648.8913660049438
73	-955.8476	642.0428	-107.849365	-2142.775	-921.48193	832.31903	-123.65788	-3016.0942	110.0	110.0	120449	959.56885	821.83295	2370.3071	-3126.2527	-982.2484	1268.7047	658.1359069347382
74	-1120.5417	945.08795	-115.750885	-3294.3643	-1254.5919	489.37863	-705.79425	-2470.0796	110.0	110.0	122099	988.18317	816.43054	2382.196	-3127.2415	-1010.674	1240.5792	667.9410102367401
75	-788.79816	524.74786	-147.2421	-1873.9517	-965.02014	643.1273	-161.9181	-2210.1367	110.0	110.0	123749	1012.26074	812.7306	2403.168	-3075.0261	-1034.4861	1202.6327	677.3433659076691
76	-622.84827	323.4363	-228.81886	-1213.1078	-1225.559	778.4111	-178.54433	-2865.7368	110.0	110.0	125399	1040.5206	806.5693	2454.9514	-3032.3599	-1062.7404	1213.5533	686.9488019943237
77	-872.4283	401.23083	-370.98825	-1888.0055	-1240.1155	1494.4794	-92.874245	-4543.615	110.0	110.0	127049	1063.1068	806.32574	2472.5784	-3018.445	-1085.2197	1181.8184	696.6180860996246
78	-965.2701	1040.6835	-90.597244	-3561.166	-754.5858	572.924	-265.01163	-1922.536	110.0	110.0	128699	1086.2908	806.1942	2518.9536	-2920.2405	-1108.5289	1189.4034	706.3321988582611
79	-868.2794	952.0426	-196.6302	-4180.5625	-1289.5964	1028.4785	-260.3488	-3774.5369	110.0	110.0	130349	1113.3326	800.8001	2534.0745	-2832.091	-1135.4459	1174.2565	715.5164799690247
80	-722.69543	345.9762	-103.73764	-1250.3123	-1252.8826	1250.7994	-104.239456	-4720.808	110.0	110.0	131999	1139.6584	785.87854	2520.02	-2732.7349	-1160.9476	1164.6003	724.6530137062073
81	-790.788	407.9497	-214.73041	-1790.2688	-980.66046	974.0337	-212.38565	-3381.0332	110.0	110.0	133649	1157.7351	780.94824	2538.0793	-2724.2034	-1178.7709	1149.435	735.550831079483
82	-896.35815	624.86475	-174.21474	-2257.5662	-944.53723	1030.2008	-115.89826	-3661.894	110.0	110.0	135299	1174.2621	781.5027	2516.097	-2739.9414	-1195.2634	1099.5752	746.8480553627014
83	-789.0574	425.10834	-243.79523	-2096.2588	-1001.52185	577.0838	-190.14568	-1827.0132	110.0	110.0	136949	1193.475	778.98486	2529.4944	-2733.4436	-1214.5515	1110.8759	757.1251122951508
84	-929.60913	624.853	-129.16153	-2114.1836	-652.04443	376.45074	-191.29019	-1498.6244	110.0	110.0	138599	1205.1245	781.0409	2506.8347	-2750.0947	-1225.774	1078.8177	766.8055891990662
85	-807.008	567.1816	-83.17087	-1953.8842	-839.8939	606.8241	-319.03177	-2424.4373	110.0	110.0	140249	1225.0167	775.052	2512.7166	-2736.2063	-1246.2423	1082.1394	776.4964745044708
86	-1101.6062	660.56903	-265.15286	-2661.5173	-762.51996	300.41318	-130.99089	-1353.5946	110.0	110.0	141899	1241.9465	777.8002	2513.5425	-2738.5452	-1263.12	1080.274	786.0377924442291
87	-1048.7206	682.56134	-243.93367	-2601.7488	-867.2583	648.0619	-178.34914	-2317.7632	110.0	110.0	143549	1255.2847	773.2297	2530.0042	-2694.2517	-1276.4207	1080.3691	795.6235852241516
88	-1100.2433	564.4643	-253.08476	-2149.5159	-532.8407	342.16202	-251.6714	-1395.1957	110.0	110.0	145199	1276.6276	764.2822	2546.524	-2614.7214	-1297.7336	1064.6307	804.703131198883
89	-640.7292	459.4125	-75.53207	-2013.1741	-672.56604	282.04935	-125.14048	-1199.1069	110.0	110.0	146849	1295.4326	757.46875	2579.646	-2592.592	-1317.2875	1068.7634	814.2089583873749
90	-1066.5735	1063.7638	-143.8535	-4136.9795	-1237.8137	865.355	-332.1905	-3463.3994	110.0	110.0	148499	1322.0205	749.94104	2596.037	-2461.4363	-1343.5533	1074.222	822.8193736076355
91	-924.83966	456.02423	-241.87274	-1886.3483	-1228.9557	1197.8593	-185.47943	-4505.884	110.0	110.0	150149	1344.67	742.4383	2626.8687	-2404.4783	-1366.5055	1071.7064	830.7182042598724
92	-746.7087	703.9264	-153.87201	-3215.238	-716.66675	533.92645	-219.07095	-1707.052	110.0	110.0	151799	1366.6447	733.34406	2623.4182	-2312.4822	-1387.634	1049.7319	838.7175984382629
93	-749.66205	373.68304	-260.77155	-1658.0923	-739.1813	375.6373	-97.15774	-1335.6327	110.0	110.0	153449	1384.2723	719.3253	2592.6194	-2244.6914	-1405.1241	1052.5427	846.6044232845306
94	-891.2621	313.74103	-295.32812	-1323.564	-742.9757	380.81284	-178.67744	-1301.993	110.0	110.0	155099	1402.139	702.696	2603.5518	-2169.0952	-1422.776	1045.481	854.1932144165039
95	-809.3915	564.50146	-213.54865	-2487.4482	-1052.7092	687.183	-185.19702	-2208.7214	110.0	110.0	156749	1412.3999	687.6148	2582.3447	-2051.4941	-1432.6451	1059.9749	863.4396448135376
96	-1141.0199	818.1049	-242.38583	-3223.5479	-1010.3163	822.07214	-350.07385	-3285.6392	110.0	110.0	158399	1421.1716	677.2133	2581.4148	-1991.0436	-1441.5258	1049.0547	873.4098138809204
97	-788.26624	592.5354	-209.11563	-2177.8516	-836.00195	358.8654	-456.52222	-1486.0859	110.0	110.0	160049	1433.9567	669.95825	2575.605	-1945.4038	-1454.4297	1071.7556	883.1664414405823
98	-447.85678	267.90567	-70.33457	-1104.3677	-892.3527	766.36896	-266.9013	-2548.0076	110.0	110.0	161699	1447.4292	660.9118	2605.2876	-1881.0789	-1468.684	1057.6116	892.4561593532562
99	-505.82968	364.5441	-91.92526	-1176.0664	-672.7433	641.32996	-26.213705	-2324.96	110.0	110.0	163349	1472.0791	654.04114	2638.2861	-1834.7622	-1493.2494	1040.0776	901.7073531150818
100	-570.6796	313.42093	-99.76623	-1179.3643	-951.3049	851.2469	-225.62729	-2869.8623	110.0	110.0	164999	1489.9252	651.30084	2659.1565	-1799.1353	-1510.9642	1038.5292	911.0899984836578
