Epoch	AverageEpRet	StdEpRet	MaxEpRet	MinEpRet	AverageTestEpRet	StdTestEpRet	MaxTestEpRet	MinTestEpRet	EpLen	TestEpLen	TotalEnvInteracts	AverageQVals	StdQVals	MaxQVals	MinQVals	LossPi	LossQ	Time
1	-6799.5054	1689.9412	-4386.5283	-10267.948	-6017.671	1790.5792	-3404.5806	-9584.661	110.0	110.0	1649	-97.72772	53.838833	0.08082791	-285.28232	93.6885	1175.5033	7.133592128753662
2	-6578.945	1354.446	-3855.4626	-9469.186	-3860.3542	2748.3193	-292.19467	-9871.858	110.0	110.0	3299	-357.4559	166.21921	-50.56655	-1166.5643	345.09546	794.76135	19.908814430236816
3	-6542.4287	1949.2965	-4027.6626	-10003.629	-959.7418	628.6649	-109.98634	-2319.8408	110.0	110.0	4949	-634.50433	246.65094	-2.9491441	-1660.1294	594.8875	1717.5371	32.69795894622803
4	-7768.8345	2294.0295	-5079.0176	-12366.371	-1661.2725	530.15894	-630.0534	-2616.087	110.0	110.0	6599	-670.1685	292.82434	134.85136	-1748.3264	611.5311	2798.5588	45.46993803977966
5	-6951.1826	2205.6838	-2699.9443	-10351.005	-2038.6578	1402.2308	-186.55139	-4076.3225	110.0	110.0	8249	-640.9828	346.38492	350.18567	-1864.5513	579.29193	2826.1934	57.78509831428528
6	-7810.277	2018.3472	-4901.604	-11721.126	-1285.8348	856.2549	-602.32837	-3372.9548	110.0	110.0	9899	-591.60004	401.19376	651.28046	-1903.6793	523.7764	3387.8723	70.16963148117065
7	-7249.937	2299.0583	-4201.232	-13979.733	-1198.8417	622.2671	-277.6624	-2443.9202	110.0	110.0	11549	-503.38953	453.47037	997.0456	-1949.8547	428.90793	4046.0945	82.58216595649719
8	-6471.822	1604.0189	-3871.7622	-8933.977	-1833.1956	1287.6226	-363.01575	-3865.192	110.0	110.0	13199	-391.44327	496.39093	1216.2897	-1979.2207	315.91397	4542.835	95.08004879951477
9	-7068.075	2442.0847	-3968.2104	-12798.695	-2175.705	1341.6666	-245.67868	-4701.475	110.0	110.0	14849	-243.69131	520.73114	1546.6217	-2061.6536	164.7918	4800.3125	107.83784031867981
10	-6103.5366	1643.724	-3002.4277	-8587.815	-2044.393	1460.2036	-357.535	-4586.7	110.0	110.0	16499	-102.58807	545.99866	1785.1086	-2164.6667	22.745237	5022.4956	120.7839138507843
11	-7692.9707	2576.5452	-4450.0063	-11787.099	-2510.5718	1550.7645	-424.3074	-4946.277	110.0	110.0	18149	30.955866	565.35614	2098.4014	-2146.6514	-109.3332	5012.6553	133.25209164619446
12	-6879.5903	2122.2146	-3935.1782	-13049.856	-1195.2585	576.2621	-444.42337	-2121.905	110.0	110.0	19799	147.37158	594.79395	2337.497	-2134.5288	-225.56078	5179.994	145.85019445419312
13	-2555.8037	2465.2776	-310.3323	-10043.402	-1071.5442	587.42755	-242.18146	-2016.8389	110.0	110.0	21449	245.75221	629.2803	2584.054	-2220.109	-321.33185	5158.0386	159.4841537475586
14	-1641.753	947.88184	-405.39	-3335.0525	-1589.688	948.7569	-181.84789	-3398.3638	110.0	110.0	23099	362.6223	648.29675	2754.2783	-2393.35	-433.19885	4976.233	172.79401516914368
15	-1029.6295	1083.7761	-201.4496	-4671.553	-710.13776	217.32014	-375.94376	-1046.399	110.0	110.0	24749	461.99698	666.0161	2818.1902	-2389.4526	-528.81226	4696.716	186.08242511749268
16	-1294.0685	945.7714	-148.89767	-3207.184	-1786.1111	1353.04	-244.59256	-4626.912	110.0	110.0	26399	557.72437	677.7571	2791.4185	-2422.8545	-621.92114	4471.026	199.67436242103577
17	-1586.1366	943.65234	-388.63275	-3431.6096	-1085.6302	480.4415	-226.48958	-1946.2273	110.0	110.0	28049	627.24713	683.4046	2797.9102	-2412.1829	-688.8316	4324.7246	213.20318865776062
18	-1640.5294	1694.9607	-234.21524	-7382.779	-1322.3035	769.7882	-365.03748	-3162.9248	110.0	110.0	29699	692.7624	684.17786	2694.334	-2418.2197	-752.52484	4171.7256	226.426255941391
19	-1384.2202	1035.2194	-130.88126	-3506.714	-1920.5286	1886.2024	-349.22125	-6751.704	110.0	110.0	31349	761.9688	677.3051	2624.3506	-2400.4292	-819.92206	4050.256	239.58982372283936
20	-1120.9373	647.6237	-358.17224	-2279.054	-1485.343	1167.0626	-389.40567	-4656.2925	110.0	110.0	32999	832.60284	670.8391	2541.9	-2386.3274	-888.8172	3831.411	253.10114693641663
21	-1182.2644	523.3846	-419.9481	-2197.944	-1080.0717	512.7264	-227.62636	-2133.9255	110.0	110.0	34649	884.93896	667.9503	2527.773	-2392.0027	-940.11816	3788.0867	266.95743131637573
22	-1125.6713	487.08557	-261.64935	-2034.2059	-1131.1365	668.8293	-369.5058	-2690.1577	110.0	110.0	36299	946.4279	660.3306	2466.5933	-2286.4895	-1000.7095	3652.2944	281.20750546455383
23	-1218.715	959.3936	-286.72284	-4461.643	-1116.7034	656.8271	-383.6129	-2705.854	110.0	110.0	37949	1008.46204	651.42053	2384.0864	-2163.087	-1062.0328	3532.4224	295.54254817962646
24	-1365.1042	983.9585	-248.55461	-3617.2449	-1612.3953	923.205	-265.47437	-3246.9653	110.0	110.0	39599	1064.013	648.62964	2389.7917	-1998.8645	-1116.2035	3360.9211	309.33415508270264
25	-1244.7474	611.1158	-480.4652	-2858.457	-831.3255	443.25552	-173.97926	-1763.737	110.0	110.0	41249	1112.3779	644.7753	2459.8074	-1966.5841	-1163.807	3221.9697	323.2042136192322
26	-903.88336	495.4	-237.56667	-2151.5212	-1194.9613	883.6787	-399.17056	-3328.2527	110.0	110.0	42899	1169.531	639.58295	2528.8245	-1854.5963	-1219.5317	3135.5955	337.0411286354065
27	-1083.7626	725.9765	-167.5578	-2533.98	-1066.7537	661.17993	-162.28067	-2300.5735	110.0	110.0	44549	1210.753	635.39496	2543.1482	-1882.9601	-1260.116	2991.469	350.7766044139862
28	-743.9377	333.81076	-187.98817	-1220.7479	-1208.8258	800.2673	-502.71994	-3015.456	110.0	110.0	46199	1249.8363	629.9344	2536.0173	-1817.2031	-1297.1628	2917.6606	364.480610370636
29	-1053.078	879.6848	-97.78277	-3597.4072	-691.3835	592.05505	-121.773605	-1876.1794	110.0	110.0	47849	1280.2299	623.646	2525.3398	-1764.5183	-1326.2957	2838.9133	378.3269593715668
30	-916.6366	538.4032	-230.94653	-2011.4917	-838.60284	770.626	-167.4939	-2663.1658	110.0	110.0	49499	1307.0809	617.2379	2517.9001	-1689.0946	-1352.3667	2760.607	392.16902470588684
31	-1116.0453	715.16547	-201.67523	-2611.177	-1148.9941	461.075	-322.4894	-2048.4456	110.0	110.0	51149	1333.4452	613.78516	2551.567	-1563.8834	-1377.89	2740.378	406.2164800167084
32	-1093.1526	477.80338	-186.4244	-2059.7954	-861.0793	340.32104	-389.7643	-1533.9775	110.0	110.0	52799	1350.6204	608.3794	2558.656	-1584.2922	-1394.101	2689.7346	420.07770109176636
33	-783.0604	615.1759	-144.29823	-2371.7424	-953.52765	587.45465	-282.34384	-2010.7944	110.0	110.0	54449	1363.6229	602.5001	2585.7412	-1548.4624	-1406.1788	2624.3364	433.8852627277374
34	-967.5402	432.41696	-307.38626	-1748.6611	-1033.4952	825.8874	-83.72817	-2767.635	110.0	110.0	56099	1375.4465	599.62915	2584.788	-1513.0012	-1416.5685	2525.3025	447.5162560939789
35	-980.7057	732.5602	-203.73444	-3257.988	-1201.9727	739.5595	-636.02203	-3238.9082	110.0	110.0	57749	1379.4485	596.4504	2605.7295	-1490.0796	-1419.9728	2441.539	461.336332321167
36	-1215.7504	1186.1486	-133.84502	-5141.2227	-741.8539	331.97974	-331.28546	-1254.3038	110.0	110.0	59399	1374.3705	598.60187	2580.1057	-1558.128	-1413.7456	2330.9712	476.14944529533386
37	-960.81366	465.4023	-454.53198	-2496.7573	-887.757	408.26382	-534.2231	-1669.867	110.0	110.0	61049	1376.4341	595.0441	2591.073	-1577.3203	-1415.7476	2310.1719	490.19932746887207
38	-1259.9513	1375.3206	-327.6302	-6219.501	-668.1977	509.75626	-93.85685	-1943.1145	110.0	110.0	62699	1384.0801	586.9237	2531.7356	-1571.9325	-1422.8475	2227.9421	504.3183436393738
39	-947.00085	344.15805	-451.14798	-1658.7235	-1305.7448	681.49976	-295.50302	-3028.804	110.0	110.0	64349	1386.862	577.24133	2472.4353	-1590.8584	-1425.4453	2198.442	518.5512673854828
40	-1062.2046	597.8004	-180.24722	-2543.0928	-976.6986	788.49585	-177.10262	-2955.449	110.0	110.0	65999	1394.2743	567.56384	2464.2493	-1631.7673	-1432.4885	2222.3252	532.8226592540741
41	-1183.0746	550.7684	-513.44867	-2147.8787	-979.33923	370.57233	-309.69342	-1653.2002	110.0	110.0	67649	1402.6968	559.01514	2481.0984	-1546.629	-1440.7285	2198.7056	546.684817314148
42	-1038.7286	631.5972	-286.62137	-2966.9585	-1057.3247	500.51416	-298.26645	-2047.4744	110.0	110.0	69299	1418.2917	552.64417	2458.1387	-1480.6578	-1455.4745	2132.42	560.904542684555
43	-1065.2977	854.9363	-376.7058	-3954.9675	-1238.2909	811.1558	-310.05667	-3188.746	110.0	110.0	70949	1419.8802	546.8675	2486.1853	-1490.5632	-1456.2018	2111.1921	575.3009586334229
44	-778.29517	310.33527	-182.57747	-1460.2751	-958.57	637.3826	-304.65536	-2163.557	110.0	110.0	72599	1425.0515	536.44116	2515.3567	-1540.7848	-1461.1571	2068.0364	589.7049136161804
45	-1272.3265	898.6524	-295.1537	-3571.4404	-964.86584	383.12314	-161.90291	-1608.7638	110.0	110.0	74249	1427.1079	522.9976	2531.6296	-1448.1796	-1462.5458	2042.7357	603.9024958610535
46	-943.94965	611.6289	-337.79114	-2485.9724	-918.7959	550.24396	-115.48961	-2165.3945	110.0	110.0	75899	1433.187	506.598	2548.9116	-1386.3424	-1468.1664	1969.9935	618.0741565227509
47	-837.29974	466.1271	-237.148	-1814.525	-637.5374	361.36896	-257.42798	-1495.9869	110.0	110.0	77549	1432.8629	491.90042	2562.0437	-1217.7007	-1467.2047	1942.0819	632.3369224071503
48	-1136.8257	826.6636	-261.29037	-3880.775	-1327.6925	377.0989	-725.56476	-1931.9805	110.0	110.0	79199	1432.5237	479.51657	2547.0225	-1126.5756	-1466.689	1881.3569	646.7837274074554
49	-917.1706	422.08957	-316.18314	-1829.4395	-902.3387	527.7748	-141.25754	-1710.1089	110.0	110.0	80849	1433.3376	471.206	2559.625	-1052.2217	-1467.0715	1856.6621	661.2120542526245
50	-859.7009	462.49097	-287.259	-2214.847	-819.25604	395.85916	-138.43826	-1437.3948	110.0	110.0	82499	1436.7192	464.50156	2554.6807	-1063.3486	-1470.7224	1846.0264	675.791736125946
51	-781.83563	432.97565	-156.46037	-2181.8953	-1102.0856	772.77496	-166.4695	-2635.7366	110.0	110.0	84149	1437.3374	453.04276	2526.776	-920.89716	-1470.508	1777.87	690.5199000835419
52	-979.2162	483.30505	-271.37888	-2194.0825	-751.7515	448.0404	-171.9559	-1372.8339	110.0	110.0	85799	1439.864	447.035	2488.7822	-842.14325	-1472.7875	1773.29	705.2052896022797
53	-849.6542	342.45102	-391.80264	-1571.2228	-2010.5706	2624.6294	-124.55254	-9518.763	110.0	110.0	87449	1437.971	437.79984	2460.8904	-833.92645	-1470.5509	1800.5249	719.8013834953308
54	-762.31537	506.66812	-229.51236	-2293.6187	-760.2105	385.56995	-282.67517	-1491.5005	110.0	110.0	89099	1436.06	432.34503	2475.143	-810.2166	-1467.7479	1740.9242	734.1303169727325
55	-1003.8395	540.2419	-394.19092	-2297.0757	-712.71185	606.8164	-155.89046	-2039.0076	110.0	110.0	90749	1427.3556	430.75717	2492.13	-816.0309	-1458.6333	1697.314	748.6895542144775
56	-1101.742	542.57043	-229.22224	-2227.8303	-1206.5177	604.7886	-260.73822	-2220.7625	110.0	110.0	92399	1419.2476	427.57944	2494.4685	-795.31287	-1450.1273	1690.5817	763.2445821762085
57	-925.3124	369.25247	-353.72177	-1588.9502	-825.57117	485.0141	-297.51102	-1691.898	110.0	110.0	94049	1409.9196	426.12015	2520.5369	-830.78796	-1440.1691	1649.673	778.0517611503601
58	-645.1737	229.7546	-253.83882	-1111.4072	-1108.5946	562.3781	-258.9941	-2048.9192	110.0	110.0	95699	1402.1738	420.9324	2536.0486	-766.1318	-1432.1016	1601.637	793.2510759830475
59	-891.10815	414.40817	-441.44873	-1756.1652	-699.0587	305.03244	-153.86006	-1341.7478	110.0	110.0	97349	1393.0527	422.4466	2520.3	-786.60803	-1422.5319	1556.5452	807.9170727729797
60	-1175.3971	549.0624	-511.1117	-2489.4868	-572.68066	233.87048	-176.05144	-882.3793	110.0	110.0	98999	1382.6656	421.27774	2477.081	-803.7276	-1411.3588	1524.5953	822.519660949707
61	-621.719	377.0641	-89.38524	-1391.1913	-604.20087	382.6603	-108.37574	-1289.3533	110.0	110.0	100649	1369.5792	414.67392	2413.5867	-774.3408	-1397.8102	1469.0306	837.0370659828186
62	-691.9323	367.55396	-127.57687	-1524.918	-679.49445	284.56677	-280.8363	-1292.0234	110.0	110.0	102299	1355.0096	413.532	2386.1309	-839.01434	-1383.03	1458.4585	851.6770040988922
63	-828.99945	408.67242	-346.91797	-1659.4127	-707.7297	428.66626	-167.04103	-1580.3726	110.0	110.0	103949	1339.379	410.03088	2314.9521	-821.14935	-1367.1748	1421.0339	866.4517772197723
64	-992.47565	814.30914	-203.90007	-3617.5935	-875.55896	419.1669	-357.2861	-1669.2094	110.0	110.0	105599	1324.2548	408.80887	2252.9585	-859.5774	-1351.5	1394.9368	881.409040927887
65	-824.9499	471.75708	-311.65668	-1959.4224	-701.64185	505.7662	-61.32858	-1470.6694	110.0	110.0	107249	1313.257	406.99942	2254.3464	-820.15607	-1340.2687	1362.5021	896.5064177513123
66	-661.19836	402.3271	-149.29134	-1825.286	-771.91345	438.25446	-271.85867	-1837.6135	110.0	110.0	108899	1298.5898	403.07526	2285.7957	-814.96906	-1325.3074	1321.9015	911.2297613620758
67	-964.79614	794.4324	-179.9366	-2968.563	-947.228	225.97305	-666.2364	-1508.3737	110.0	110.0	110549	1284.6145	396.98	2280.6123	-828.9327	-1311.0991	1294.8064	925.8230087757111
68	-910.65765	599.1731	-189.4881	-2741.5056	-888.17725	408.97482	-451.18427	-1976.7784	110.0	110.0	112199	1271.4227	390.67215	2274.4556	-805.4269	-1297.7275	1281.3656	940.479161977768
69	-984.101	482.30188	-143.08113	-1903.2137	-759.67706	505.12192	-104.79616	-1803.447	110.0	110.0	113849	1255.7247	387.60352	2269.792	-827.87476	-1281.6227	1244.46	955.0435531139374
70	-743.59143	342.8506	-247.32365	-1740.979	-824.3063	523.1966	-194.81099	-1955.0588	110.0	110.0	115499	1239.1282	382.61377	2264.5823	-845.43256	-1264.1685	1203.0754	969.5857837200165
71	-860.0	466.12424	-255.19919	-2033.3448	-807.71454	626.27405	-107.94007	-2355.0789	110.0	110.0	117149	1222.7327	382.72122	2263.9604	-854.6403	-1247.8737	1216.9014	984.3912825584412
72	-1048.6613	676.2867	-112.758385	-2575.9617	-904.27716	707.64813	-179.05927	-2320.4177	110.0	110.0	118799	1207.4047	381.1404	2272.6042	-831.4393	-1232.3074	1190.6732	999.4097740650177
73	-510.1059	312.41794	-76.71178	-1384.4	-866.6149	277.44083	-506.16632	-1318.3695	110.0	110.0	120449	1194.8676	382.65176	2270.565	-894.3693	-1219.7528	1195.8815	1014.4887638092041
74	-692.6519	299.0386	-131.71375	-1179.8777	-661.58435	365.22372	-221.85689	-1365.3373	110.0	110.0	122099	1185.0901	384.8017	2258.018	-948.7656	-1209.9753	1187.2988	1029.4001350402832
75	-718.3651	314.26456	-354.9358	-1672.5891	-786.2993	886.09454	-88.800606	-3345.4949	110.0	110.0	123749	1176.6335	386.62534	2268.1682	-977.9286	-1201.7075	1217.5756	1044.5944266319275
76	-774.4909	507.8526	-162.7314	-1900.3937	-939.36847	534.237	-389.10587	-1765.161	110.0	110.0	125399	1173.1647	393.01788	2223.5867	-1037.7817	-1198.5123	1201.4087	1059.694812297821
77	-781.0717	419.25772	-147.15854	-1757.3323	-748.778	260.67566	-375.5799	-1149.1177	110.0	110.0	127049	1171.6086	392.58643	2205.4143	-1018.0544	-1196.7373	1209.1125	1074.872234582901
78	-914.865	472.88876	-311.69766	-2050.9404	-668.6299	491.11957	-211.57896	-1852.8456	110.0	110.0	128699	1169.7837	391.26337	2138.0566	-991.3229	-1194.5837	1177.0785	1090.5312507152557
79	-856.132	348.47592	-245.58458	-1615.7832	-1056.5369	973.9306	-190.81662	-3731.8313	110.0	110.0	130349	1164.6193	388.87573	2105.5479	-1010.0649	-1189.1039	1148.5756	1106.3165698051453
80	-674.17633	414.61783	-57.625256	-1862.6965	-942.5934	387.43857	-239.45871	-1537.6211	110.0	110.0	131999	1162.0382	387.23978	2108.5374	-938.60223	-1187.0782	1159.4824	1121.511944770813
81	-909.88873	811.402	-135.68965	-3631.0872	-679.04443	415.84198	-235.32092	-1690.1674	110.0	110.0	133649	1165.4839	383.45087	2090.959	-920.7687	-1190.2354	1169.3994	1136.7964372634888
82	-769.3191	419.68195	-169.55063	-1716.9723	-1047.7761	468.87402	-439.4343	-1906.3075	110.0	110.0	135299	1160.1729	378.25342	2060.141	-873.05194	-1184.2764	1145.8988	1151.8693208694458
83	-755.1846	345.97366	-113.53856	-1366.2778	-744.66815	544.6085	-79.23423	-1789.9906	110.0	110.0	136949	1153.3184	377.69147	2091.2979	-870.51685	-1177.6188	1172.0394	1167.2566931247711
84	-919.63745	537.7213	-378.67697	-2197.2124	-1023.1367	597.81665	-116.729614	-2272.207	110.0	110.0	138599	1153.0529	375.3704	2090.4504	-877.65753	-1176.8727	1123.5338	1182.7945861816406
85	-788.016	320.6468	-325.53387	-1469.0985	-993.36865	828.7991	-100.60824	-3132.4097	110.0	110.0	140249	1148.5204	373.61832	2062.0017	-878.7732	-1172.1406	1123.7866	1198.0975832939148
86	-698.54364	485.19205	-161.0243	-1672.9834	-1182.4923	956.4165	-191.13612	-3258.0771	110.0	110.0	141899	1142.264	373.93375	2033.4575	-800.90155	-1165.3601	1103.3525	1213.3353090286255
87	-1145.9725	582.5831	-439.64893	-2628.565	-850.9581	620.5295	-268.2135	-2215.4841	110.0	110.0	143549	1134.4396	370.4784	2002.4064	-827.008	-1157.715	1103.2087	1228.7586646080017
88	-793.122	580.7595	-176.76395	-2491.5159	-627.91296	251.10832	-208.53923	-1139.7518	110.0	110.0	145199	1129.1388	367.48788	1984.8489	-806.7975	-1152.355	1076.1082	1244.156590461731
89	-940.4293	480.83994	-207.27518	-2066.9414	-848.82275	536.0159	-324.7851	-2310.6956	110.0	110.0	146849	1124.0289	363.13458	1962.3057	-790.4548	-1147.122	1071.8801	1259.4019486904144
90	-632.44086	341.40283	-48.379406	-1474.4984	-665.883	371.26483	-196.88339	-1661.0828	110.0	110.0	148499	1120.152	360.29883	1934.5012	-805.8374	-1143.0187	1068.587	1274.7883532047272
91	-983.436	581.7499	-283.70688	-2178.2573	-827.58215	401.77408	-317.93326	-1520.4756	110.0	110.0	150149	1113.934	354.76242	1900.197	-807.3159	-1136.4319	1061.1045	1290.3611814975739
92	-840.06744	484.0799	-279.36688	-1727.6932	-969.95233	562.8559	-107.924194	-1928.9893	110.0	110.0	151799	1106.6965	352.45895	1918.2101	-792.35925	-1129.1793	1026.956	1305.8897874355316
93	-910.90436	690.3273	-138.54073	-2679.941	-486.59686	330.62915	-107.45715	-1205.1975	110.0	110.0	153449	1098.9929	349.1796	1944.4747	-805.53687	-1121.3202	1028.3092	1321.4928052425385
94	-929.76117	421.43845	-312.20917	-1865.7427	-780.32275	429.52542	-85.20161	-1418.3296	110.0	110.0	155099	1091.9401	347.5088	1946.246	-779.5348	-1114.2551	1034.4854	1337.2623949050903
95	-629.1583	396.0202	-136.19044	-1514.3495	-763.83997	478.27002	-238.88506	-1488.964	110.0	110.0	156749	1087.6163	346.24902	1959.8702	-837.53894	-1109.5366	1007.2388	1351.6181304454803
96	-780.5052	550.01764	-233.48088	-2527.8452	-810.3102	707.2129	-254.6164	-2557.086	110.0	110.0	158399	1082.4258	346.91525	1968.3091	-840.08496	-1104.4685	997.9045	1365.6010067462921
97	-1040.3279	488.98157	-386.01123	-2270.8625	-826.6525	664.6338	-83.79875	-2074.887	110.0	110.0	160049	1078.7443	347.94138	1930.2887	-749.03076	-1100.7463	993.6094	1379.5273587703705
98	-640.3987	350.02484	-221.19907	-1394.1099	-787.3915	537.7093	-231.26123	-1692.3651	110.0	110.0	161699	1073.9247	349.5459	1914.7323	-820.07446	-1095.8079	992.655	1393.6837182044983
99	-754.8814	416.58157	-265.8149	-1835.0411	-809.41504	500.36945	-163.02109	-1867.049	110.0	110.0	163349	1068.7657	347.73236	1920.7805	-871.21857	-1090.0884	985.05194	1408.4190316200256
100	-858.05066	493.67926	-332.48358	-2017.2544	-928.5877	329.9348	-455.73157	-1621.9382	110.0	110.0	164999	1061.2588	346.35287	1942.7238	-898.8646	-1082.4905	996.113	1422.519537448883
