Epoch	AverageEpRet	StdEpRet	MaxEpRet	MinEpRet	AverageTestEpRet	StdTestEpRet	MaxTestEpRet	MinTestEpRet	EpLen	TestEpLen	TotalEnvInteracts	AverageQVals	StdQVals	MaxQVals	MinQVals	LossPi	LossQ	Time
1	-6503.5166	2109.9917	-3495.046	-9213.35	-6451.655	1647.9524	-3603.3384	-9193.424	110.0	110.0	1649	-101.37617	58.001442	0.27190417	-315.4155	97.50252	1169.935	9.856919050216675
2	-6986.649	1757.1486	-3557.0872	-10531.156	-4619.3306	3005.7505	-1824.2124	-12259.867	110.0	110.0	3299	-388.0735	171.40028	-46.41272	-1157.5809	378.46423	1374.6194	26.478755712509155
3	-7242.4297	2482.289	-2322.4639	-11272.76	-4986.1846	2154.3274	-722.96405	-7831.152	110.0	110.0	4949	-758.16974	245.4865	-162.73778	-1814.4587	738.1509	2617.1152	45.01267886161804
4	-7425.1577	2318.7747	-4548.007	-12241.452	-4640.1494	2391.3296	-1497.417	-8672.132	110.0	110.0	6599	-1039.6604	305.33914	-274.3429	-2301.204	1012.7563	3751.3865	59.03155589103699
5	-8085.913	1465.2823	-5916.2026	-11453.807	-5175.3135	2396.5513	-878.8173	-8930.517	110.0	110.0	8249	-1290.0483	355.23752	-424.7842	-2551.698	1256.8252	4797.379	74.99876189231873
6	-6533.422	1398.3923	-4529.359	-8713.105	-5515.8877	2667.3945	-2832.6594	-10102.158	110.0	110.0	9899	-1463.1908	384.16644	-531.3911	-2835.3547	1421.7318	5485.1523	89.76583981513977
7	-2298.7256	1627.6019	-414.34866	-6883.1304	-2532.1238	1629.6029	-346.06555	-4652.0967	110.0	110.0	11549	-1519.8087	404.64398	-577.27014	-3033.159	1474.1239	5168.219	104.76321387290955
8	-2560.724	2071.855	-418.30334	-9169.664	-3719.9707	3184.6687	-74.62594	-9826.066	110.0	110.0	13199	-1514.2421	430.68298	-591.4654	-3098.8442	1471.5239	4376.159	121.65190982818604
9	-2771.405	2504.3276	-144.93301	-9893.588	-2214.6304	1759.168	-705.0857	-6573.6226	110.0	110.0	14849	-1510.2401	438.6618	-583.3782	-3159.8813	1471.8007	3729.0515	136.12759399414062
10	-2510.725	2308.4102	-273.63196	-8730.283	-3184.3066	2475.4917	-513.65765	-8589.71	110.0	110.0	16499	-1524.6149	441.15137	-528.1247	-3206.6152	1490.7261	3233.114	150.92212772369385
11	-2706.5203	2400.1926	-446.22238	-9034.974	-1641.6553	1030.471	-180.27103	-3457.835	110.0	110.0	18149	-1551.1992	462.60434	-524.42267	-3302.8872	1521.0532	2920.2551	165.44267582893372
12	-2203.714	2041.4244	-109.52939	-7670.2856	-1694.9313	1340.7814	-151.88106	-3798.833	110.0	110.0	19799	-1582.6713	483.6563	-525.6347	-3414.2656	1553.9508	2818.822	180.70594787597656
13	-2362.1897	1353.9199	-836.04376	-4850.796	-1880.9557	1445.8481	-304.50323	-4698.437	110.0	110.0	21449	-1619.7256	508.3943	-524.19934	-3537.5369	1592.6621	2761.3054	195.2429428100586
14	-2117.3022	922.49884	-587.1806	-3397.258	-1596.095	1031.8123	-132.09343	-3507.6816	110.0	110.0	23099	-1638.9089	539.881	-488.9015	-3599.2708	1612.1549	2747.9556	209.53454780578613
15	-1836.2192	1093.8169	-389.55643	-3820.635	-2294.9355	1251.8923	-974.5099	-5685.5747	110.0	110.0	24749	-1642.3973	567.381	-427.65833	-3704.4053	1616.2021	2671.3965	224.02137088775635
16	-2091.8308	906.42224	-589.0169	-3477.3254	-1906.9463	694.8224	-1110.3622	-3279.3328	110.0	110.0	26399	-1647.4628	586.0278	-365.61847	-3790.2188	1621.5717	2609.0518	243.74654579162598
17	-2390.6326	1468.4749	-412.80844	-5839.5913	-2190.1812	1602.4801	-701.05365	-4969.154	110.0	110.0	28049	-1647.2522	611.87714	-299.37805	-4455.5415	1621.9688	2482.5789	260.25133895874023
18	-2124.5999	1993.9182	-323.80975	-8615.523	-1557.4277	1278.5156	-251.00372	-4837.9507	110.0	110.0	29699	-1635.6831	633.87067	-251.87152	-4533.596	1611.3336	2439.511	277.26647782325745
19	-1968.2104	1025.191	-443.4577	-4421.48	-1100.131	774.97565	-315.11783	-2397.7512	110.0	110.0	31349	-1623.2429	652.1225	-198.59505	-4599.955	1599.3748	2384.0718	292.553897857666
20	-2278.6692	1310.5603	-198.21216	-5727.141	-1703.3502	1161.0131	-71.0473	-3666.9412	110.0	110.0	32999	-1610.7716	672.8924	-149.70937	-4669.047	1586.7618	2329.9758	309.62218976020813
21	-1635.0386	894.31775	-430.31494	-3545.672	-908.60614	296.04202	-479.3034	-1281.0632	110.0	110.0	34649	-1581.1082	690.5755	-116.00013	-4698.2646	1557.2721	2285.6963	325.52975273132324
22	-1826.9182	1505.5714	-343.12933	-6231.5	-1158.2943	817.95374	-284.61493	-2732.6824	110.0	110.0	36299	-1551.0488	702.57495	-94.125885	-4739.4463	1528.0507	2235.7188	343.0246410369873
23	-1582.6733	1187.8021	-429.57825	-4802.483	-2169.3232	1545.9707	-678.78143	-5267.7017	110.0	110.0	37949	-1518.5625	716.5668	-81.864044	-4767.305	1496.045	2233.8972	358.82583498954773
24	-1484.7272	1093.3148	-371.30624	-4567.1094	-1501.8215	1223.4622	-276.44678	-4939.549	110.0	110.0	39599	-1488.223	727.54004	-79.74065	-4803.614	1465.8981	2212.2139	373.4907510280609
25	-2152.9631	1375.9235	-221.09216	-4371.463	-1879.99	1279.4875	-685.529	-4568.6147	110.0	110.0	41249	-1458.885	732.5029	-71.11732	-4811.692	1436.2206	2165.5952	390.38755083084106
26	-1349.2155	780.0645	-347.3907	-3069.5227	-1417.0139	763.98474	-227.5309	-2687.3809	110.0	110.0	42899	-1421.395	737.89813	-63.49215	-4815.3843	1398.93	2087.7266	408.29285192489624
27	-1309.211	635.44507	-129.39062	-2381.03	-1716.1975	1537.1453	-222.24039	-4566.103	110.0	110.0	44549	-1381.7086	740.37665	-52.736244	-4764.702	1359.7161	2037.008	423.2059819698334
28	-1445.774	1133.3992	-244.813	-4231.7354	-1731.2574	1444.861	-434.85468	-5179.6235	110.0	110.0	46199	-1343.2797	747.389	-49.434128	-4704.6675	1321.101	2005.9774	438.0928649902344
29	-1306.115	891.17645	-235.78229	-2787.165	-1738.7073	1216.9851	-484.9934	-4883.2017	110.0	110.0	47849	-1301.0615	752.5268	-38.034054	-4732.8887	1278.5231	1986.657	453.07666087150574
30	-1692.6649	932.99677	-587.63086	-3572.2737	-1314.0693	862.7263	-299.85147	-3019.7861	110.0	110.0	49499	-1259.4185	754.68317	-25.859108	-4699.9116	1236.9181	1940.2607	469.7973036766052
31	-1218.8683	573.3956	-639.1703	-2830.0818	-1575.976	1349.9315	-148.8943	-4190.5557	110.0	110.0	51149	-1201.0599	751.31555	-2.6841574	-4672.08	1177.9252	1898.106	491.29182386398315
32	-1088.7604	822.3972	-186.80559	-2869.244	-1339.9647	792.7745	-108.252815	-2846.493	110.0	110.0	52799	-1142.8096	751.2003	58.65827	-4616.459	1120.1589	1846.1707	508.6869099140167
33	-1295.9957	764.30707	-262.90933	-2786.3242	-1452.1077	722.48254	-187.45866	-2615.0842	110.0	110.0	54449	-1083.5846	743.21765	123.11504	-4542.1387	1060.3647	1799.2004	524.8758268356323
34	-1143.5212	578.16125	-244.10603	-2407.2625	-2073.8735	1613.683	-764.72266	-6442.528	110.0	110.0	56099	-1026.587	735.2144	171.74512	-4372.6885	1003.0843	1773.0121	541.0445368289948
35	-1259.7289	747.89264	-296.52682	-3231.3801	-2254.3364	1588.0758	-550.29205	-6143.871	110.0	110.0	57749	-970.1571	726.43146	227.82726	-4281.7656	946.3197	1704.4961	557.3581268787384
36	-2443.381	2346.6406	-259.08353	-9293.461	-1283.0262	1544.961	-144.27252	-5494.879	110.0	110.0	59399	-907.6951	714.7127	261.33102	-4142.0117	884.00806	1648.0834	573.8779389858246
37	-2093.6646	1616.1326	-347.58704	-6410.0156	-1599.6404	969.59314	-197.4201	-4046.25	110.0	110.0	61049	-861.788	720.12506	296.82132	-4120.9053	838.2838	1601.6082	591.1033568382263
38	-1142.0358	511.11395	-230.25247	-2173.7795	-1268.9135	696.8986	-292.11066	-2589.808	110.0	110.0	62699	-805.47943	703.9361	325.30127	-4093.1348	782.57227	1553.4663	607.1203467845917
39	-1393.5746	800.3052	-141.94995	-2877.903	-1728.2246	994.78143	-568.4922	-3783.36	110.0	110.0	64349	-756.6319	696.0645	350.90634	-4129.1777	733.5239	1510.2173	623.5789818763733
40	-1105.5178	440.93604	-197.94624	-1864.6759	-1320.4424	1087.2866	-182.40312	-4138.4365	110.0	110.0	65999	-711.5488	689.08307	384.47604	-4095.0674	688.9756	1462.4104	640.423820734024
41	-1256.8257	759.28436	-158.67232	-2926.526	-925.1984	605.092	-56.077946	-2306.0798	110.0	110.0	67649	-664.77734	684.7521	395.95926	-4121.2886	641.6615	1435.3197	659.3423669338226
42	-1416.0032	972.97614	-396.57547	-4317.8984	-1772.6738	1004.02496	-190.84807	-3263.5312	110.0	110.0	69299	-612.10376	680.1425	438.9218	-4215.414	589.1807	1409.3683	676.7921569347382
43	-851.815	594.3443	-140.6051	-2462.5496	-1074.6381	339.08856	-537.40137	-1690.4166	110.0	110.0	70949	-559.195	670.4724	465.35025	-4103.254	535.9896	1381.2363	691.0058119297028
44	-1437.2797	917.5335	-135.13036	-3756.4023	-1369.8064	1140.8538	-286.88336	-3841.2039	110.0	110.0	72599	-515.80945	692.1839	514.403	-4738.6675	492.7134	1384.2267	705.276695728302
45	-1390.8951	619.6549	-523.44025	-2733.8457	-1522.5325	905.6613	-460.9074	-3696.629	110.0	110.0	74249	-471.95975	697.58606	591.46716	-4749.0693	448.5818	1378.6522	720.3069448471069
46	-1497.4376	571.9472	-509.71295	-2725.0342	-1454.4995	1177.7449	-297.46478	-3938.1692	110.0	110.0	75899	-423.28043	701.2299	690.9548	-4760.61	399.73505	1374.8273	736.4487648010254
47	-1286.3344	807.8385	-257.52756	-2980.4236	-1450.8651	1135.9574	-93.78427	-4371.987	110.0	110.0	77549	-367.4345	690.9987	756.6062	-4675.966	344.09253	1372.5776	753.2633318901062
48	-1146.0621	869.01044	-364.40964	-2956.9626	-1151.439	671.8978	-262.61948	-2464.3425	110.0	110.0	79199	-315.5977	677.65265	814.022	-4582.7417	291.81952	1400.1903	768.3668658733368
49	-1149.7043	658.0868	-165.21555	-2737.846	-1258.5886	832.4583	-252.41528	-2776.6091	110.0	110.0	80849	-254.9415	668.29736	874.8663	-4348.7617	231.20924	1418.0281	783.4683809280396
50	-1164.0232	598.899	-150.56493	-2417.2175	-860.0399	416.40714	-354.0674	-1701.7317	110.0	110.0	82499	-195.80719	652.8741	885.866	-4252.276	172.0768	1438.2081	803.8929798603058
51	-1661.6794	1185.6646	-247.50586	-4134.853	-1207.7761	976.2486	-432.90024	-4006.2454	110.0	110.0	84149	-136.04793	637.1682	910.8336	-4016.5955	112.35799	1441.934	823.729218006134
52	-1312.531	882.73773	-238.01996	-4063.2778	-1048.6448	406.67242	-429.50793	-1838.2716	110.0	110.0	85799	-86.1893	638.35443	930.05316	-3863.0525	62.69237	1446.1815	843.5692837238312
53	-1053.7225	560.4214	-240.07855	-2494.092	-1481.2145	1042.602	-214.15	-3339.0479	110.0	110.0	87449	-31.802624	633.67175	1036.2603	-3684.7239	8.60466	1402.1151	862.1546378135681
54	-1249.1243	1341.7769	-217.51085	-5419.357	-1326.1708	601.66296	-207.28697	-2105.028	110.0	110.0	89099	11.346133	644.69556	1117.9363	-3612.6997	-34.565163	1379.377	877.2991888523102
55	-979.42615	768.27405	-246.49365	-2500.4495	-1332.697	1075.7283	-26.627407	-3593.3435	110.0	110.0	90749	67.71088	653.71173	1197.8827	-3622.5354	-91.269615	1387.8523	891.6607129573822
56	-1366.0312	627.7359	-456.32986	-2552.2432	-1006.27673	570.03986	-388.35565	-2387.6484	110.0	110.0	92399	119.00058	658.54767	1243.3167	-3659.1392	-142.5752	1385.2092	909.6789147853851
57	-1084.5164	446.078	-541.3236	-2282.707	-1259.0211	1016.81964	-343.73236	-4099.9194	110.0	110.0	94049	172.10487	659.7469	1292.0441	-3645.6938	-195.36418	1358.2998	926.4570577144623
58	-1113.3348	848.3127	-103.22197	-3799.484	-1046.9629	983.48645	-232.99042	-3876.2102	110.0	110.0	95699	221.6392	661.534	1328.394	-3632.524	-244.97351	1338.1239	943.8057537078857
59	-710.2334	638.1115	-39.733677	-2168.6628	-1041.1888	931.33606	-177.41962	-3328.4233	110.0	110.0	97349	272.23364	657.3817	1353.5942	-3553.4685	-295.1951	1340.5144	962.2193858623505
60	-1423.2852	724.43286	-700.574	-3256.3203	-1180.8599	717.5272	-233.1173	-2697.2712	110.0	110.0	98999	321.48685	655.3049	1365.8317	-3555.2056	-344.97083	1369.7059	976.9749739170074
61	-901.0156	688.8974	-113.631096	-2209.9714	-983.45197	684.2169	-183.24509	-2451.5676	110.0	110.0	100649	371.37848	657.8691	1388.7106	-3516.3115	-394.7781	1336.9	992.1972827911377
62	-916.8447	485.3912	-203.81349	-2028.7426	-911.4652	536.58484	-214.79382	-1875.6191	110.0	110.0	102299	422.5618	650.2216	1410.8417	-3468.8115	-446.16174	1333.7363	1008.3574748039246
63	-1555.149	1418.6072	-459.85583	-5193.6157	-981.1129	978.90814	-221.41953	-3770.1194	110.0	110.0	103949	471.7261	646.8	1424.7595	-3424.4565	-494.7754	1258.3326	1023.047073841095
64	-1141.211	704.36035	-191.71078	-2928.0315	-1554.8171	1050.8202	-508.58694	-3891.265	110.0	110.0	105599	518.7327	639.94464	1433.9333	-3198.2332	-541.19495	1261.7106	1037.9273619651794
65	-849.33575	359.04648	-306.94473	-1657.8153	-967.2467	738.3489	-262.644	-2783.4377	110.0	110.0	107249	555.65076	634.4001	1458.4012	-3354.8677	-577.6192	1223.0594	1052.4884600639343
66	-1051.4707	1057.734	-55.05426	-4543.2197	-1079.3259	885.99274	-152.20877	-3056.1465	110.0	110.0	108899	589.7979	632.7386	1499.6617	-3298.1946	-611.6677	1187.4823	1067.442664861679
67	-1616.4495	1688.0569	-331.93503	-7265.358	-859.2624	769.4252	-105.422554	-2917.344	110.0	110.0	110549	628.453	632.1362	1532.6836	-3191.9097	-651.02325	1193.7524	1084.9464309215546
68	-1045.362	653.0407	-327.80322	-3080.9429	-730.3668	339.32977	-274.3116	-1282.082	110.0	110.0	112199	662.6882	637.14056	1613.2693	-3143.9758	-684.5307	1153.2257	1101.7382199764252
69	-944.68146	491.40015	-210.56303	-1666.1221	-861.6676	347.99527	-225.74052	-1452.0715	110.0	110.0	113849	691.7082	633.22626	1655.5814	-3092.7378	-713.1606	1160.4735	1117.3116307258606
70	-1148.8951	1134.2194	-79.47487	-4614.198	-769.38	374.738	-117.661804	-1145.4884	110.0	110.0	115499	723.76294	627.5891	1679.8849	-3009.294	-744.8475	1133.4806	1131.9324579238892
71	-1117.7992	1141.7332	-51.31283	-4832.744	-681.57214	371.14633	-148.96506	-1258.6256	110.0	110.0	117149	751.55426	620.7096	1706.563	-2824.4612	-772.6111	1108.1628	1146.611871957779
72	-1236.1527	671.8836	-309.3213	-2444.6548	-958.2877	1250.1423	-130.1608	-4601.7075	110.0	110.0	118799	777.9966	615.76	1728.6495	-2637.805	-799.2179	1124.6774	1160.8920109272003
73	-1068.9601	834.9837	-99.2938	-3494.886	-915.4971	397.43088	-271.02634	-1748.1658	110.0	110.0	120449	798.0008	611.679	1763.7849	-2584.6865	-818.3062	1110.2255	1175.3685476779938
74	-853.02893	493.88385	-357.2277	-2394.469	-1000.3024	805.1041	-52.58397	-3069.3572	110.0	110.0	122099	814.6077	608.64935	1806.1	-2506.2812	-834.3188	1117.2822	1189.6442549228668
75	-1037.5575	829.2716	-160.30626	-3314.3188	-1063.1174	760.80457	-392.37518	-2591.289	110.0	110.0	123749	828.7681	603.856	1828.1805	-2473.2476	-848.30927	1085.0704	1204.5026030540466
76	-1145.2507	910.20593	-59.085342	-3164.6785	-843.3573	506.56778	-197.22314	-1802.2843	110.0	110.0	125399	843.763	596.2167	1873.8871	-2372.108	-863.21545	1084.7269	1218.7869498729706
77	-779.21796	530.4539	-132.85892	-2036.2262	-1425.0173	801.12695	-273.92883	-2891.5093	110.0	110.0	127049	852.33685	596.17084	1898.1088	-2330.1077	-871.25336	1036.9606	1233.1604228019714
78	-534.7094	289.2841	-52.218735	-1207.1794	-1361.4872	614.41565	-466.86697	-2270.5195	110.0	110.0	128699	860.28064	593.5112	1901.8654	-2276.8892	-878.7303	1034.9729	1247.506514787674
79	-777.0804	698.4614	-111.44509	-3091.1528	-886.23846	486.13568	-353.2694	-1812.3077	110.0	110.0	130349	872.6726	587.1242	1901.7876	-2264.2383	-891.462	1019.2086	1262.389271736145
80	-898.1832	647.7835	-146.80319	-2829.154	-779.4305	490.42563	-80.392685	-1686.6553	110.0	110.0	131999	879.82477	584.71796	1900.5897	-2204.2937	-898.1617	992.5517	1276.7791757583618
81	-864.3881	537.8353	-182.61302	-2103.6965	-912.1999	529.007	-228.82953	-2056.8232	110.0	110.0	133649	884.14954	586.7579	1885.6796	-2152.591	-902.5359	1003.1661	1291.8092169761658
82	-864.48956	541.23663	-151.02777	-2025.8209	-1372.6245	778.46277	-177.27539	-2813.3384	110.0	110.0	135299	893.60516	581.8836	1856.2322	-2233.6145	-912.0089	997.3159	1310.5004408359528
83	-1146.9509	1006.51416	-206.24797	-3395.125	-1086.1367	1206.143	-144.91017	-4328.098	110.0	110.0	136949	900.8512	580.7619	1833.4988	-2195.5735	-919.21454	1001.3953	1329.6671998500824
84	-757.44434	476.89645	-114.9418	-1909.696	-724.19055	553.58734	-78.03212	-1910.4735	110.0	110.0	138599	905.8167	586.3805	1817.9817	-2231.4807	-924.518	994.7029	1345.048151731491
85	-975.708	629.22723	-294.93826	-2121.0088	-566.29553	365.4696	-48.840355	-1456.603	110.0	110.0	140249	920.53204	581.0098	1841.4833	-2021.7368	-939.0701	993.0628	1360.0165617465973
86	-738.4651	845.5663	-51.295826	-3319.3442	-800.318	517.65845	-200.42145	-2079.007	110.0	110.0	141899	929.944	580.81085	1854.5575	-2161.431	-948.44696	971.0085	1375.00714969635
87	-824.1315	620.3832	-170.43782	-2181.6375	-1063.0886	727.2224	-341.4711	-2475.2822	110.0	110.0	143549	940.9386	579.09894	1861.7773	-2008.4899	-959.1029	988.06464	1390.0075709819794
88	-725.01666	358.06204	-116.76829	-1380.783	-659.67773	476.54187	-114.32059	-1693.0338	110.0	110.0	145199	955.9333	577.3267	1867.7618	-2214.2844	-974.8283	985.45215	1405.057107925415
89	-694.74646	405.2084	-165.26176	-1699.6699	-944.4536	457.39264	-283.4468	-1827.7065	110.0	110.0	146849	967.56616	574.62067	1897.5399	-1989.3782	-986.0506	981.2224	1420.0010778903961
90	-1074.8468	624.16144	-260.8529	-2813.3853	-859.06006	312.36224	-321.02457	-1356.2919	110.0	110.0	148499	981.1941	574.0871	1905.8027	-2197.47	-999.8872	961.2437	1436.9907479286194
91	-776.78156	397.1889	-199.22456	-1381.702	-627.81726	477.00446	-220.84718	-1979.6975	110.0	110.0	150149	986.6142	579.4564	1911.586	-2166.1118	-1004.7347	965.6005	1453.5467278957367
92	-892.39264	590.6588	-347.7413	-2029.7933	-1084.4102	855.6114	-281.54065	-3187.3726	110.0	110.0	151799	994.5111	579.3083	1919.5251	-2100.6094	-1012.5547	967.3863	1469.8313059806824
93	-740.20544	392.3168	-58.928043	-1514.0586	-1013.30725	429.45526	-250.55399	-1667.9702	110.0	110.0	153449	1004.0097	581.1311	1942.3242	-1851.9564	-1022.5866	963.5637	1485.8125529289246
94	-1019.6585	777.8022	-295.20352	-3338.8623	-757.21454	598.0171	-125.497574	-2402.695	110.0	110.0	155099	1016.8515	585.2347	1973.8671	-1819.6481	-1035.548	981.70593	1507.4958519935608
95	-877.21796	805.0419	-91.5272	-3592.8054	-761.5009	423.6507	-149.51694	-1409.2523	110.0	110.0	156749	1034.0557	587.05804	1985.1221	-2120.2463	-1053.0579	983.28937	1523.6210749149323
96	-883.5211	545.76135	-162.0987	-1635.2026	-859.1256	568.952	-340.9284	-2194.857	110.0	110.0	158399	1053.6505	589.28516	2006.0476	-2099.2651	-1072.6237	985.593	1538.9216377735138
97	-891.0389	600.48956	-256.82822	-2287.046	-1126.2437	526.25684	-306.5974	-1946.9086	110.0	110.0	160049	1069.1622	592.66266	2028.4095	-1805.9115	-1088.1825	986.7294	1554.556129693985
98	-704.04956	466.98145	-83.8739	-1851.038	-882.70276	744.0497	-72.17828	-2599.6936	110.0	110.0	161699	1081.7183	598.8743	2050.2	-1953.0435	-1100.5023	972.0838	1570.335156917572
99	-705.0222	428.02692	-184.59192	-1799.8994	-917.6507	720.29614	-95.871254	-2216.4844	110.0	110.0	163349	1107.7742	593.7818	2063.1636	-1832.4194	-1126.7533	919.93054	1587.0746629238129
100	-604.5787	302.471	-193.37021	-1421.329	-999.34143	512.11084	-241.01558	-1917.6101	110.0	110.0	164999	1119.0492	596.82074	2070.785	-2028.3284	-1137.8174	945.8594	1602.6677796840668
