Epoch	AverageEpRet	StdEpRet	MaxEpRet	MinEpRet	AverageTestEpRet	StdTestEpRet	MaxTestEpRet	MinTestEpRet	EpLen	TestEpLen	TotalEnvInteracts	AverageQVals	StdQVals	MaxQVals	MinQVals	LossPi	LossQ	Time
1	-6356.0806	2063.2139	-3708.4043	-11062.233	-6460.4517	2290.7932	-3013.455	-10468.249	110.0	110.0	1649	-104.02335	63.733932	0.96728384	-407.38486	101.5922	1027.9579	5.383849620819092
2	-6298.363	2137.7834	-3400.85	-11983.795	-6156.659	2414.1877	-1241.6093	-10156.214	110.0	110.0	3299	-404.7379	192.64153	-58.271854	-1243.0284	396.48947	1073.4286	13.990027904510498
3	-6680.505	2196.6355	-3488.4036	-11533.404	-3895.4355	1035.6464	-1529.6615	-5187.127	110.0	110.0	4949	-770.76917	250.51303	-160.97401	-1892.902	754.1028	2175.0063	22.66021203994751
4	-7069.1987	1964.0005	-4483.2095	-11728.53	-3565.9465	3311.9631	-181.84862	-10372.114	110.0	110.0	6599	-1081.8514	325.4606	-405.9884	-2572.3247	1059.3918	3099.4614	31.359963178634644
5	-6972.4614	2159.9355	-4202.5986	-10280.94	-2193.268	1074.1913	-597.3278	-4100.897	110.0	110.0	8249	-1325.2401	368.5759	-575.6271	-3004.2192	1294.452	3773.4976	40.01092219352722
6	-7004.9014	1862.9763	-4157.5327	-9807.454	-2322.7358	1875.8085	-290.75937	-6906.9624	110.0	110.0	9899	-1499.4177	403.1649	-664.5842	-3437.6287	1462.2234	3871.0159	48.826030254364014
7	-1852.8635	1434.6089	-323.34705	-6032.48	-1687.5488	1173.7335	-189.6213	-4284.124	110.0	110.0	11549	-1619.9598	459.59393	-747.4836	-3947.284	1582.2236	3751.1711	57.969292879104614
8	-1203.6959	610.33154	-172.30403	-2171.0784	-1839.361	1109.0939	-322.12262	-4107.925	110.0	110.0	13199	-1679.9492	520.11096	-808.3519	-4510.6694	1644.6191	3536.53	67.16971373558044
9	-1651.1107	1430.6896	-125.82391	-5485.578	-1357.4968	902.83453	-387.8679	-3490.3823	110.0	110.0	14849	-1711.8082	586.2733	-754.29175	-5130.615	1678.3264	3364.2866	76.29595017433167
10	-1761.1637	1029.1105	-484.43076	-3809.5627	-2113.8608	1285.0376	-389.8093	-4816.861	110.0	110.0	16499	-1745.7054	647.1858	-728.1098	-5678.703	1713.1055	3284.7075	85.48084211349487
11	-1235.8362	778.04614	-183.17178	-2491.968	-1525.59	1106.835	-414.5932	-4365.6587	110.0	110.0	18149	-1757.2867	700.51154	-690.8066	-6333.848	1725.642	3140.545	94.59245944023132
12	-1062.81	715.8371	-138.67143	-2405.4673	-1663.2849	824.168	-77.30036	-2988.6606	110.0	110.0	19799	-1744.2668	745.4113	-638.38007	-6892.1724	1714.4115	3073.8535	103.72348427772522
13	-1885.7374	1124.2076	-233.89058	-4390.3457	-2323.2148	750.48065	-1296.8519	-3304.2495	110.0	110.0	21449	-1741.9989	790.9029	-593.4843	-7432.6367	1713.228	3047.5437	112.89742732048035
14	-2548.9556	1438.4186	-515.1495	-5329.313	-1940.6674	1877.3201	-119.41086	-7059.053	110.0	110.0	23099	-1750.3921	838.6046	-549.26776	-8051.5947	1722.2513	3095.0164	122.00687146186829
15	-1586.6415	676.5232	-240.65993	-2715.8992	-1328.6271	781.8743	-469.21307	-3195.0999	110.0	110.0	24749	-1750.804	877.56885	-498.9237	-8821.789	1723.4032	3032.7637	131.14294266700745
16	-2029.7966	1610.4022	-181.47276	-5889.773	-1971.9294	1037.3981	-493.10898	-3843.0808	110.0	110.0	26399	-1748.6713	920.0515	-451.52512	-9606.139	1722.473	2913.5112	140.6918170452118
17	-1697.0101	1156.1484	-369.2707	-4399.3525	-1610.0447	1004.32697	-648.64124	-4384.766	110.0	110.0	28049	-1748.2682	950.43146	-408.33008	-10375.591	1722.2815	2945.0085	150.26474690437317
18	-2074.391	1648.3124	-510.80423	-6718.693	-1461.247	702.63605	-148.12651	-2366.1528	110.0	110.0	29699	-1749.069	982.0971	-379.783	-10864.226	1724.4536	2849.0327	159.43657779693604
19	-1862.2457	1428.7913	-34.735245	-4714.783	-1661.0328	1238.9379	-58.91619	-4994.8745	110.0	110.0	31349	-1768.4318	1038.9606	-349.6056	-11728.111	1744.3177	2846.5354	168.69390606880188
20	-1837.9008	1576.7837	-422.75113	-5689.7856	-1535.569	1123.5739	-425.74588	-3460.8826	110.0	110.0	32999	-1786.7052	1096.3358	-316.86313	-12678.594	1762.647	2891.589	178.2194321155548
21	-1585.1008	1132.3247	-155.13089	-3999.9897	-1767.4006	1127.265	-488.18634	-3685.1667	110.0	110.0	34649	-1795.4928	1142.7534	-261.0421	-13311.593	1771.5906	2875.2527	187.43736624717712
22	-1891.6941	1552.9089	-273.44373	-5102.67	-1479.7129	1071.0032	-187.32762	-3358.5044	110.0	110.0	36299	-1809.6305	1193.5691	-235.95328	-14195.328	1786.7156	2915.543	196.81342720985413
23	-1818.6018	1489.8679	-74.45689	-4812.133	-2406.6206	2020.8936	-352.99097	-6864.2036	110.0	110.0	37949	-1829.6105	1242.4039	-226.22144	-14957.368	1806.4698	2943.4	206.11379075050354
24	-2292.564	2244.8247	-197.03973	-9570.068	-1571.3279	1474.7656	-244.50822	-4557.0156	110.0	110.0	39599	-1850.9159	1309.8397	-148.50006	-15763.673	1828.1277	3062.5657	215.4256031513214
25	-1724.6692	1293.504	-182.52277	-3860.3882	-1449.116	1471.4333	-164.86617	-4227.181	110.0	110.0	41249	-1887.5975	1367.9454	-96.60977	-16927.418	1864.1326	3133.5417	224.74195647239685
26	-1297.0348	769.5013	-182.99348	-2787.6116	-1351.3528	884.73413	-194.89397	-3320.5884	110.0	110.0	42899	-1898.407	1416.7148	-49.72992	-17860.803	1874.9813	3209.9072	234.06891655921936
27	-1192.1119	802.30457	-242.67885	-3101.4165	-1299.2834	646.1605	-253.58318	-2502.0354	110.0	110.0	44549	-1902.3835	1465.636	24.581707	-18726.834	1878.1501	3289.7886	243.42912888526917
28	-1869.0388	1526.4105	-154.75214	-5522.1504	-1913.0052	1409.3218	-326.9359	-4101.7393	110.0	110.0	46199	-1913.8298	1525.2012	81.69266	-19762.773	1889.253	3330.812	252.84419012069702
29	-1397.4098	1456.7227	-130.68738	-4816.6655	-2491.7642	1903.0385	-438.92807	-6429.058	110.0	110.0	47849	-1916.0145	1601.315	140.1222	-20632.951	1890.7903	3449.7788	262.2708899974823
30	-1287.5808	741.988	-332.32776	-2833.0283	-1887.8086	1200.7611	-344.62735	-3757.8303	110.0	110.0	49499	-1903.0114	1642.6274	197.58163	-21459.258	1877.0013	3489.8127	271.63429379463196
31	-1653.7296	1289.6106	-174.42397	-4371.448	-785.29456	615.649	-159.50912	-2174.0796	110.0	110.0	51149	-1897.6667	1694.1836	275.8466	-22733.803	1871.1987	3540.8997	280.9210340976715
32	-1394.7035	899.04114	-68.54402	-3180.6978	-1116.8115	824.00867	-316.32953	-3230.5535	110.0	110.0	52799	-1898.0028	1748.3717	329.01697	-23614.771	1871.0043	3625.1548	290.233181476593
33	-1591.6743	1281.2362	-366.19815	-4854.6084	-916.4994	359.84354	-541.083	-1504.2795	110.0	110.0	54449	-1890.553	1817.5106	396.1421	-24244.303	1862.7137	3777.3835	299.6421904563904
34	-1221.3324	616.5373	-28.591522	-2433.0994	-1237.5693	1072.8057	-229.56776	-3419.0757	110.0	110.0	56099	-1872.5128	1864.0677	466.92087	-25200.58	1843.4569	3847.8005	308.90281343460083
35	-1153.8933	1122.0332	-177.73347	-4282.2393	-1265.0236	1268.3088	-148.05309	-4680.274	110.0	110.0	57749	-1835.2532	1901.6709	527.618	-27056.803	1804.9286	3961.9746	318.2192747592926
36	-961.6954	458.90704	-168.72836	-1759.6772	-800.2075	484.2575	-78.970795	-1542.4666	110.0	110.0	59399	-1789.0496	1957.8289	579.49084	-28540.47	1758.564	4164.9355	327.43688583374023
37	-2079.5908	1394.469	-290.44882	-5331.795	-1205.2192	1694.5712	-79.5963	-6098.0293	110.0	110.0	61049	-1775.0184	2038.0316	637.1868	-29312.99	1744.3212	4311.527	336.68420600891113
38	-1286.3462	875.54364	-378.05374	-3007.4102	-1865.6364	2179.2437	-117.78427	-7863.4146	110.0	110.0	62699	-1749.4451	2104.7236	684.97736	-30261.951	1717.1772	4550.999	345.9151041507721
39	-1148.1998	857.83453	-227.85844	-2876.742	-1974.7689	1202.7062	-589.1989	-4389.9873	110.0	110.0	64349	-1702.7047	2149.3496	748.63293	-30599.932	1670.1414	4604.3535	355.2139410972595
40	-1168.4766	800.1776	-91.768364	-3420.7375	-1851.783	1096.1483	-150.77122	-3257.1575	110.0	110.0	65999	-1652.8604	2217.7092	797.823	-32377.766	1620.07	4772.026	364.68639302253723
41	-1493.5336	946.1229	-270.51898	-3454.9404	-1273.8646	908.8026	-161.43143	-2819.0564	110.0	110.0	67649	-1614.2854	2275.6519	845.69495	-33387.258	1580.3937	4994.2754	373.8880798816681
42	-1661.066	870.549	-90.565605	-3329.1274	-1117.0349	850.06866	-50.813446	-2691.6238	110.0	110.0	69299	-1570.7545	2326.1265	870.1276	-34938.97	1536.7892	5175.728	383.0819091796875
43	-1064.306	728.0089	-247.12625	-2858.6218	-780.0634	552.0015	-193.93143	-1814.8977	110.0	110.0	70949	-1541.1758	2395.586	899.0123	-35272.48	1506.5516	5416.0874	392.2692654132843
44	-1388.7186	1376.0756	-87.951416	-4603.102	-1906.0828	1474.3535	-270.33392	-5057.5747	110.0	110.0	72599	-1489.5581	2468.1614	986.97064	-36807.688	1454.5824	5360.68	401.5860764980316
45	-1708.2614	1496.8191	-170.01552	-5903.6714	-890.8086	259.52927	-573.0783	-1337.7277	110.0	110.0	74249	-1442.8196	2563.8557	1078.0807	-39044.98	1406.7887	5858.3467	410.88904070854187
46	-1381.2155	1108.5552	-157.29996	-4851.8247	-1305.1785	862.3355	-126.07193	-3041.573	110.0	110.0	75899	-1388.2313	2649.7998	1173.4397	-40388.938	1350.7006	6006.665	420.1452565193176
47	-1078.9176	1059.4889	-257.98117	-4760.638	-704.7314	494.8762	-153.5659	-1748.8077	110.0	110.0	77549	-1322.6279	2724.7559	1249.9517	-40849.855	1283.8748	6333.2993	429.454829454422
48	-1177.7058	877.5112	-259.09494	-3151.1323	-752.2695	335.19003	-232.91821	-1334.819	110.0	110.0	79199	-1248.6039	2768.5862	1348.3851	-43029.99	1208.7731	6564.5474	438.8448932170868
49	-1203.9019	692.0583	-349.56802	-3112.2864	-892.84534	1163.2976	-208.6765	-4332.4756	110.0	110.0	80849	-1166.984	2835.9849	1457.6973	-43803.06	1125.5343	6865.521	448.1354353427887
50	-1546.2638	1285.1167	-273.48508	-4924.4517	-800.73016	431.76926	-288.53488	-1792.5131	110.0	110.0	82499	-1099.904	2925.2822	1597.8784	-45753.27	1058.0786	7247.214	458.0264027118683
51	-1604.6355	1445.1129	-278.37964	-4853.2075	-1326.6469	627.25836	-733.7282	-2528.377	110.0	110.0	84149	-1028.2743	2981.6558	1680.1428	-47802.785	987.06903	7711.3647	467.39647221565247
52	-1329.7692	1007.2077	-341.4439	-4258.7734	-1985.776	1666.1046	-581.84326	-5833.023	110.0	110.0	85799	-979.148	3043.4734	1774.1057	-48579.21	937.1439	8155.4175	476.9128828048706
53	-826.78815	592.62335	-64.069016	-2830.0857	-1682.1016	1144.0957	-284.10632	-3845.2378	110.0	110.0	87449	-873.9122	3065.0369	1882.4376	-50531.78	831.1171	8252.733	486.60752034187317
54	-1040.7677	666.9782	-183.17227	-2547.5789	-1021.2233	934.5541	-223.8035	-3178.2576	110.0	110.0	89099	-785.2374	3163.0095	2051.9604	-52484.6	741.3169	8507.949	495.98602843284607
55	-2156.6714	2002.2234	-219.05563	-6948.7725	-943.2786	524.37146	-310.57687	-1877.9773	110.0	110.0	90749	-712.6036	3245.5022	2143.8516	-54007.395	669.53894	8988.662	505.40363597869873
56	-1963.976	1090.9247	-188.15749	-3956.8718	-967.0511	559.4664	-54.936764	-1816.8699	110.0	110.0	92399	-628.8855	3275.0708	2217.2854	-55253.78	586.02356	9264.921	514.7900447845459
57	-1139.1505	846.6736	-167.90262	-3143.349	-1361.1497	1070.7106	-171.1751	-3372.3093	110.0	110.0	94049	-572.5919	3352.277	2319.0806	-56541.72	528.8378	9676.798	524.1377446651459
58	-1348.534	880.7578	-164.4566	-4024.397	-1166.825	698.7	-33.205414	-2461.5498	110.0	110.0	95699	-466.88217	3344.5393	2422.8542	-58828.11	421.89606	9915.813	533.5832245349884
59	-1068.2238	753.82654	-143.56699	-2652.3154	-1489.9409	850.14075	-339.771	-3521.5596	110.0	110.0	97349	-395.56046	3435.6963	2510.6616	-60314.945	351.54697	10249.129	542.9560513496399
60	-1160.6156	640.21155	-258.56677	-2491.7139	-1131.7367	630.5532	-317.6557	-2475.4714	110.0	110.0	98999	-322.24185	3515.7566	2575.402	-62244.543	276.80356	10580.79	552.3965694904327
61	-1387.3601	1150.8992	-220.05362	-4755.574	-1342.0339	1085.3043	-212.28944	-4128.7583	110.0	110.0	100649	-239.53976	3601.2961	2684.7556	-64246.906	193.74944	10981.007	561.8855950832367
62	-1618.429	1297.8696	-382.89014	-4926.978	-1978.4568	1284.0868	-519.0193	-4185.383	110.0	110.0	102299	-174.79437	3687.6565	2797.359	-67820.88	127.4156	11535.287	571.3277049064636
63	-2177.1616	1189.6073	-130.9532	-4778.7485	-935.3185	730.31036	-266.81714	-2667.5737	110.0	110.0	103949	-76.89635	3740.3052	2904.5054	-68937.87	29.835487	11702.589	580.7321834564209
64	-1181.5933	810.0458	-103.77013	-2874.1936	-1571.0148	1230.3099	-396.8151	-4001.0876	110.0	110.0	105599	5.471348	3787.2078	2971.1536	-70260.586	-53.09686	12908.673	590.2113463878632
65	-1141.7264	834.4138	-244.30705	-3046.7307	-1390.3328	1076.4497	-265.10785	-3635.4312	110.0	110.0	107249	51.637978	3933.4766	3061.8914	-71969.03	-98.42054	13181.649	599.8088040351868
66	-1405.3329	1042.2388	-331.9767	-4011.381	-1217.7235	676.76215	-146.52301	-2116.899	110.0	110.0	108899	123.999466	4015.9458	3154.4077	-76188.51	-171.51823	13548.896	609.2453138828278
67	-1495.7072	1686.7147	-140.84122	-6321.167	-1061.2568	698.18555	-351.5577	-2750.2039	110.0	110.0	110549	163.50844	4126.5728	3210.1333	-77655.58	-212.2578	14544.787	618.6849818229675
68	-1175.9966	1188.5968	-349.69858	-4813.9717	-740.01294	455.55426	-118.752884	-1749.1067	110.0	110.0	112199	215.42209	4239.4067	3351.5671	-80180.26	-265.56964	14901.166	628.0752191543579
69	-1313.0638	1145.3827	-301.922	-4706.6147	-1298.3889	1013.5072	-167.25163	-3354.82	110.0	110.0	113849	315.0919	4231.989	3482.8252	-81187.85	-365.77963	15935.998	637.5392127037048
70	-1008.506	535.5361	-188.69522	-2439.6606	-1183.7007	854.55786	-327.6841	-3187.7346	110.0	110.0	115499	349.78168	4435.851	3534.5293	-83666.35	-399.62888	15902.507	646.9261841773987
71	-1598.0697	2320.235	-401.9675	-10058.346	-727.23193	484.0663	-203.41112	-1720.7828	110.0	110.0	117149	382.9444	4620.553	3782.3574	-88703.87	-433.5275	17099.018	656.3870475292206
72	-1261.9567	916.3363	-231.06715	-3949.3936	-1540.8215	1201.1299	-277.82443	-3982.7207	110.0	110.0	118799	429.2595	4778.056	3828.8923	-92637.234	-481.00204	18638.957	665.7711508274078
73	-1150.2357	1070.807	-43.092705	-4567.39	-802.45856	537.41583	-219.0041	-2144.195	110.0	110.0	120449	469.83118	4994.653	4021.6948	-96876.164	-522.5265	19459.115	675.1827111244202
74	-988.8356	857.90094	-103.60555	-3144.8423	-1074.5796	605.5677	-370.49716	-1993.0275	110.0	110.0	122099	488.38962	5261.115	4033.9685	-96490.1	-544.9848	20706.332	684.6513185501099
75	-1082.8038	972.262	-247.43764	-3707.0564	-1849.7644	1126.2053	-655.57056	-4316.967	110.0	110.0	123749	605.3308	5393.419	4251.297	-100032.93	-663.027	22555.016	694.1174294948578
76	-1499.0562	1145.6866	-379.87994	-4099.8203	-1120.1421	660.0356	-395.04633	-2219.3352	110.0	110.0	125399	682.7899	5475.869	4402.2246	-103210.266	-742.6536	23590.734	703.5393960475922
77	-1654.7572	1419.4348	-267.383	-4857.572	-1131.446	927.1274	-193.43729	-3470.0054	110.0	110.0	127049	763.4228	5643.186	4466.0356	-108589.414	-824.47485	24280.762	713.0406589508057
78	-1395.0048	1211.0216	-314.50778	-4312.2563	-1567.3248	2001.103	-188.16495	-7020.3315	110.0	110.0	128699	814.4967	5878.494	4568.6084	-112546.03	-875.5119	27132.893	722.5441048145294
79	-1890.27	1819.4648	-160.80055	-7797.0645	-1773.9846	1415.8992	-151.35564	-4586.959	110.0	110.0	130349	901.4545	5920.5864	4731.6826	-115897.484	-962.987	27801.059	731.9734191894531
80	-1273.3229	589.62555	-480.2318	-2742.7476	-1551.4541	716.10095	-417.9304	-2457.6257	110.0	110.0	131999	946.3708	6323.5527	4804.774	-123068.03	-1009.5936	29079.092	741.3779261112213
81	-1611.4592	1633.9548	-245.16167	-6453.8555	-1314.982	1060.3203	-241.43951	-3434.9666	110.0	110.0	133649	990.2963	6575.0176	4920.32	-127088.66	-1054.7727	31997.018	750.8736245632172
82	-1636.8475	1337.6062	-204.50325	-4624.562	-1827.0286	1209.0823	-334.0089	-4259.4736	110.0	110.0	135299	1059.1691	6710.682	5124.051	-128844.84	-1122.0652	33880.89	760.3597314357758
83	-1724.9727	1086.0869	-367.85864	-3839.762	-1358.531	1157.7052	-399.73065	-3844.303	110.0	110.0	136949	1040.2505	6973.02	5267.905	-137419.25	-1103.9548	35929.5	770.3065712451935
84	-2223.0469	2190.3096	-222.93878	-9783.19	-2019.8894	1456.0555	-520.004	-5776.4883	110.0	110.0	138599	1066.7426	7302.3916	5424.959	-138629.48	-1132.8641	40019.117	780.2569184303284
85	-2007.4998	1483.0323	-325.226	-6263.66	-1727.8425	1413.5786	-402.654	-4841.9824	110.0	110.0	140249	1072.8624	7569.838	5583.5674	-143470.64	-1141.0155	42388.645	790.2813453674316
86	-2347.9163	1255.2563	-774.777	-4717.4214	-2075.0107	1753.7521	-445.04282	-6568.6133	110.0	110.0	141899	1116.7104	7643.887	5757.446	-149422.81	-1187.3525	44493.867	799.879613161087
87	-1527.4102	750.40765	-131.1046	-2746.472	-1305.8562	950.60077	-327.56366	-3137.9795	110.0	110.0	143549	1125.512	8040.884	5875.1997	-155410.33	-1199.6299	48702.67	809.3931663036346
88	-1747.4188	1334.3854	-361.47885	-6173.362	-1231.8547	864.49677	-219.91466	-2727.9841	110.0	110.0	145199	1203.8055	8172.9233	6056.3667	-161507.88	-1275.755	50821.742	818.7696027755737
89	-2405.161	1567.1782	-815.986	-6416.346	-2079.774	1057.2106	-456.15753	-3787.4255	110.0	110.0	146849	1206.0045	8596.456	6157.5	-163146.48	-1280.9468	55271.68	828.1815116405487
90	-2529.1155	2159.4565	-255.97633	-8929.086	-2446.7024	2508.7979	-130.1111	-7908.028	110.0	110.0	148499	1219.101	8803.012	6279.138	-171783.69	-1293.9015	56949.63	837.664801120758
91	-2053.2405	1176.0339	-392.69113	-4490.871	-1560.4167	1200.0157	-110.4383	-3590.8838	110.0	110.0	150149	1284.0399	8993.258	6384.8228	-171269.38	-1365.1495	59923.676	847.0326778888702
92	-2599.1997	1426.1025	-802.0303	-5885.308	-2195.5632	1145.7395	-941.5419	-4772.422	110.0	110.0	151799	1311.1415	9196.948	6566.4194	-184518.94	-1392.9515	62448.973	856.4708468914032
93	-1902.1527	1233.2108	-227.686	-4126.2925	-1721.2129	1129.7852	-656.84344	-3836.7551	110.0	110.0	153449	1342.0664	9411.643	6761.9565	-185620.69	-1424.601	66936.27	865.9025039672852
94	-1375.2748	958.80695	-273.82138	-3335.0964	-1532.2588	839.4725	-503.6569	-3228.9243	110.0	110.0	155099	1349.6815	9909.725	6918.9336	-192520.95	-1431.7887	73965.1	875.244635105133
95	-1942.1876	1658.9916	-199.04915	-5697.085	-1215.6317	704.29663	-188.40137	-2629.3948	110.0	110.0	156749	1364.3817	10287.783	7192.614	-201523.89	-1447.1853	74692.71	884.6409282684326
96	-2141.1963	1538.1075	-457.93057	-6960.5005	-1530.5842	792.8205	-556.30743	-3579.8652	110.0	110.0	158399	1360.8392	10490.092	7271.146	-206379.0	-1446.9242	78077.664	893.9543344974518
97	-2154.07	2372.953	-415.62173	-10596.7	-2139.198	966.1864	-835.9562	-3744.4084	110.0	110.0	160049	1373.0442	10636.108	7398.961	-209604.66	-1460.7341	85444.69	903.3638639450073
98	-1822.317	1286.6283	-110.812965	-3690.7668	-1781.2605	776.7732	-698.5442	-3124.3308	110.0	110.0	161699	1389.4348	10994.462	7584.836	-218413.8	-1478.9452	90042.46	912.7800350189209
99	-2469.693	1029.5735	-570.6435	-4623.2974	-1811.5706	1274.5605	-508.93085	-4873.74	110.0	110.0	163349	1417.4117	11186.859	7751.8096	-225465.78	-1506.8	95854.14	922.3374390602112
100	-2160.7437	1518.3951	-364.9086	-5186.42	-1414.6877	1165.3575	-446.91122	-4061.4595	110.0	110.0	164999	1319.5616	12041.325	7889.827	-233550.45	-1410.0924	100639.25	931.7535336017609
