Epoch	AverageEpRet	StdEpRet	MaxEpRet	MinEpRet	AverageTestEpRet	StdTestEpRet	MaxTestEpRet	MinTestEpRet	EpLen	TestEpLen	TotalEnvInteracts	AverageQVals	StdQVals	MaxQVals	MinQVals	LossPi	LossQ	Time
1	-6550.3896	1960.1614	-3080.7996	-9600.934	-5268.568	2378.379	-1547.4493	-9646.741	110.0	110.0	1649	-100.40666	58.250694	0.25451678	-320.8524	96.28407	1088.0444	5.694970369338989
2	-6737.555	1500.2091	-4252.2046	-9748.545	-5107.9316	2313.485	-476.37457	-8546.433	110.0	110.0	3299	-379.53732	167.32384	-65.76044	-1034.5625	369.705	1334.039	14.532868146896362
3	-6868.7905	1967.1992	-3936.4563	-10845.445	-2073.6582	1559.5734	-219.73701	-4769.746	110.0	110.0	4949	-729.5581	218.98932	-208.20042	-1620.9539	711.57166	2575.243	23.311060428619385
4	-7473.822	1850.798	-4265.1113	-11211.741	-2848.188	2420.4707	-538.13416	-8747.873	110.0	110.0	6599	-1012.06165	256.0152	-403.45682	-2071.973	985.0956	3136.8127	32.00931262969971
5	-6665.74	1832.6144	-2994.9763	-9521.556	-2752.4043	2440.4636	-206.61327	-7135.5015	110.0	110.0	8249	-1224.813	292.84198	-561.0523	-2349.1047	1188.7333	3405.4797	40.7471489906311
6	-7543.494	2001.0665	-4169.8574	-11546.192	-1328.5645	1049.8414	-146.3303	-3253.3667	110.0	110.0	9899	-1350.0286	299.83072	-635.8336	-2484.0657	1307.6191	3402.5293	49.45468735694885
7	-3006.359	2754.8933	-174.64157	-9613.749	-2583.3308	2363.7566	-503.44846	-8986.598	110.0	110.0	11549	-1435.328	309.01355	-684.22656	-2628.355	1394.4252	3049.18	58.671406269073486
8	-2614.7632	1517.7202	-646.6649	-6500.658	-1988.3955	1062.9877	-445.06454	-4357.3555	110.0	110.0	13199	-1493.1628	332.97394	-743.0712	-2878.618	1457.5781	2697.7605	67.86660552024841
9	-2651.2966	2198.2363	-325.00687	-9542.398	-1166.1144	812.69476	-333.09232	-2338.225	110.0	110.0	14849	-1560.8318	351.91147	-794.1507	-3084.3853	1528.7529	2443.3765	77.1092209815979
10	-2125.0298	1734.6257	-375.7068	-5481.2603	-4041.6829	3306.7344	-180.69751	-12543.3545	110.0	110.0	16499	-1625.1616	374.9986	-808.0755	-3323.0806	1596.1406	2283.8396	86.32596755027771
11	-1319.2794	929.92535	-145.77127	-3515.9705	-1729.9407	1232.074	-163.25525	-3294.8682	110.0	110.0	18149	-1668.0715	409.90955	-751.9916	-3502.672	1640.5524	2200.7078	95.5245373249054
12	-2350.7874	1363.4609	-775.1693	-5881.1196	-1360.6881	820.4198	-407.22278	-3312.8835	110.0	110.0	19799	-1707.0425	437.3448	-762.19385	-3643.7534	1680.5421	2171.0933	104.60633611679077
13	-1630.5343	738.73987	-468.79453	-3245.215	-1526.4119	1067.5446	-343.7323	-3939.936	110.0	110.0	21449	-1743.5725	469.09753	-763.66266	-3752.554	1718.0146	2212.4917	113.78032064437866
14	-1670.8531	1173.881	-107.43921	-5218.0244	-1862.2922	1535.9446	-472.10898	-5994.035	110.0	110.0	23099	-1763.3507	491.43408	-759.1919	-3831.7239	1738.4867	2253.0144	122.97576856613159
15	-1809.295	1628.4757	-263.428	-7039.72	-1900.9915	2637.8027	-100.44309	-9657.657	110.0	110.0	24749	-1767.2194	517.27765	-683.0565	-3921.1729	1743.063	2244.5105	132.20349550247192
16	-2366.177	1826.3557	-594.2788	-7770.6426	-2003.0375	1073.52	-234.30104	-3995.3457	110.0	110.0	26399	-1768.8973	542.25336	-639.3596	-4132.0986	1745.1608	2266.4915	141.45958876609802
17	-1788.9791	654.9896	-584.121	-2589.9106	-1540.6232	944.6128	-405.36014	-3258.288	110.0	110.0	28049	-1763.9106	564.5216	-616.2705	-4249.726	1741.0314	2279.1033	151.01490688323975
18	-1419.1716	1055.8434	-289.5296	-3563.092	-1960.6602	967.20044	-659.6082	-3536.458	110.0	110.0	29699	-1748.5675	577.61145	-600.4154	-4412.5635	1726.1497	2278.0972	160.46279382705688
19	-1856.9297	1156.7633	-104.75524	-4935.3774	-1356.849	792.24084	-128.72037	-2962.619	110.0	110.0	31349	-1719.0826	590.74023	-579.46265	-4482.072	1696.4266	2213.0925	169.61598086357117
20	-1617.6841	1065.3322	-206.46869	-3702.407	-1599.4939	1023.6443	-146.09251	-3388.9165	110.0	110.0	32999	-1691.0312	601.6242	-542.4013	-4549.1626	1668.777	2226.2974	178.75104808807373
21	-1987.7528	1456.9597	-201.20898	-4577.208	-1835.6064	1176.0541	-287.48074	-3812.6475	110.0	110.0	34649	-1657.3223	607.44073	-503.21646	-4684.3647	1635.3921	2206.1995	187.98203563690186
22	-1626.0883	877.83636	-135.7683	-3344.1194	-1426.6788	622.19275	-487.84113	-2495.601	110.0	110.0	36299	-1632.2435	619.80884	-461.78403	-4767.1387	1610.31	2177.063	197.1570258140564
23	-1793.7266	1089.8945	-152.00089	-4149.7993	-2096.7832	1410.797	-900.8097	-5546.7695	110.0	110.0	37949	-1598.2959	622.992	-408.5028	-4795.549	1577.2256	2126.4753	206.40902614593506
24	-1709.7689	1316.7627	-137.45909	-4054.6643	-2316.1362	880.4921	-540.3761	-3838.9326	110.0	110.0	39599	-1567.8876	633.4421	-364.7629	-4790.7817	1547.1451	2144.5344	215.58023715019226
25	-1854.141	1281.2521	-302.00327	-5772.3335	-1612.5463	875.66235	-427.19363	-2791.394	110.0	110.0	41249	-1534.1407	643.30225	-322.81787	-4817.2026	1513.4364	2122.1724	224.82735562324524
26	-1393.1348	1260.1224	-137.72118	-4884.251	-2244.402	1480.8248	-778.9785	-5789.465	110.0	110.0	42899	-1496.5927	644.4593	-268.72528	-4808.1504	1475.8545	2087.2573	234.3019962310791
27	-1615.1365	1050.0813	-41.155952	-3422.558	-1700.8666	1177.88	-501.61172	-4809.9224	110.0	110.0	44549	-1450.0425	648.4812	-236.44603	-5126.319	1429.0797	2094.13	243.50138568878174
28	-1434.5797	941.02466	-195.53818	-3212.1655	-1416.4359	826.757	-551.9112	-2610.934	110.0	110.0	46199	-1407.3092	657.77594	-207.63382	-5139.3374	1386.2693	2062.491	252.80378031730652
29	-1512.3489	1339.1201	-64.22541	-5957.612	-1192.4664	948.66254	-259.75418	-3238.1401	110.0	110.0	47849	-1354.884	661.98956	-181.75624	-5034.653	1333.3873	2029.1451	262.4002296924591
30	-1147.3033	713.6113	-435.58572	-3445.627	-1466.9336	1103.065	-300.54565	-3934.6726	110.0	110.0	49499	-1295.6951	662.3081	-148.19673	-4972.1953	1273.7255	1982.274	271.56294202804565
31	-1364.0824	894.2587	-164.29712	-3881.5583	-795.81555	528.9954	-87.2156	-1779.2798	110.0	110.0	51149	-1231.4517	659.62134	-96.06771	-4879.241	1209.7737	1952.8563	280.75995683670044
32	-1770.4036	1109.0588	-499.16034	-4919.9463	-1641.4922	735.9493	-678.8606	-2874.249	110.0	110.0	52799	-1174.622	660.7209	-60.33677	-4854.3228	1152.8857	1907.5282	290.13958716392517
33	-2020.0925	1213.9226	-798.84656	-4821.6934	-1031.277	668.1105	-177.05304	-2267.0505	110.0	110.0	54449	-1116.9551	661.46185	-21.022594	-4668.071	1094.9341	1858.564	299.5138463973999
34	-1145.9343	694.56146	-231.63342	-2961.7668	-1489.2164	992.1234	-368.32776	-3444.8945	110.0	110.0	56099	-1060.9945	661.02185	51.091457	-4568.578	1038.8387	1824.7443	308.7934539318085
35	-1333.2952	945.2733	-186.87979	-3885.4182	-1741.8386	1198.4764	-487.3595	-4384.562	110.0	110.0	57749	-985.7062	659.8271	110.970505	-4453.82	962.59	1831.5381	318.2617690563202
36	-1465.0822	1165.7977	-140.77556	-4924.255	-2143.5645	1313.8822	-295.6828	-4838.8223	110.0	110.0	59399	-917.6167	655.60864	190.90332	-4360.5034	894.4415	1805.5178	327.6049687862396
37	-1384.9005	881.0128	-182.8199	-3142.3706	-1318.6965	785.8171	-227.9908	-2964.301	110.0	110.0	61049	-847.50604	650.22455	265.20163	-4183.7095	823.56635	1764.4266	336.81184554100037
38	-1299.7454	851.57916	-171.5657	-3538.3723	-1646.3567	1381.664	-338.61615	-4806.399	110.0	110.0	62699	-774.5518	641.08875	307.78525	-4078.324	751.0161	1735.0911	346.10855889320374
39	-1124.1321	832.63	-99.28853	-2739.8906	-1214.9907	742.75085	-299.93277	-2764.3481	110.0	110.0	64349	-702.2868	632.3654	338.8977	-4027.813	678.95984	1620.0815	355.3916566371918
40	-1770.65	1066.1051	-398.2978	-4640.7603	-1390.6598	874.74994	-142.67456	-2771.1035	110.0	110.0	65999	-637.21326	626.4406	361.9954	-3981.4658	614.1745	1559.9528	364.6097195148468
41	-1429.0259	1081.383	-271.63174	-4503.1353	-1369.7742	941.39984	-366.4485	-3904.7207	110.0	110.0	67649	-577.3933	619.9421	396.74673	-3927.7437	554.39703	1491.4968	373.95094752311707
42	-1045.9651	931.3269	-195.01045	-3646.17	-807.06396	700.28766	-169.64763	-2660.045	110.0	110.0	69299	-513.2649	611.273	425.89996	-3931.155	490.56863	1428.377	383.2222876548767
43	-1154.5178	684.07227	-189.18378	-2453.7468	-1202.302	1058.5269	-353.31955	-3477.556	110.0	110.0	70949	-455.1891	601.3484	483.12112	-3902.9941	432.9278	1380.3624	392.5496413707733
44	-887.30237	561.1842	-120.41862	-2019.4135	-935.55457	803.6275	-96.69778	-2710.45	110.0	110.0	72599	-398.8845	596.07007	513.7263	-3731.7273	376.49197	1297.0376	401.80434584617615
45	-1340.9602	718.41815	-408.04468	-2730.9656	-1121.2104	518.94574	-412.45303	-1916.4542	110.0	110.0	74249	-345.37372	589.6207	596.3016	-3777.9666	323.2195	1275.6526	411.0744466781616
46	-937.5867	604.2665	-315.6613	-2717.251	-1340.9862	614.15063	-474.21332	-2140.0596	110.0	110.0	75899	-295.02216	586.4719	632.1921	-3683.914	273.23093	1239.7368	420.375137090683
47	-1154.1753	724.3837	-212.72934	-2477.8977	-784.8975	578.4268	-88.72364	-2074.4126	110.0	110.0	77549	-245.43614	584.52484	705.31415	-3545.885	223.93042	1205.884	429.84513425827026
48	-819.1457	700.11426	-97.2832	-3058.5564	-895.2585	1034.5034	-316.43253	-3914.7905	110.0	110.0	79199	-196.50874	579.76855	739.64777	-3447.9553	175.15852	1163.686	439.1371989250183
49	-1100.6271	552.2958	-279.50235	-2136.1802	-678.0514	502.72086	-92.86195	-1740.2228	110.0	110.0	80849	-150.19775	579.0336	788.77106	-3412.824	128.59056	1145.5748	448.4941327571869
50	-1218.1058	1280.8538	-190.01257	-5665.741	-855.31934	531.8281	-105.415474	-2140.7769	110.0	110.0	82499	-105.17294	578.47015	820.1339	-3198.6204	83.90824	1140.4747	458.0011260509491
51	-1146.7927	1394.0961	-196.6479	-5902.7837	-1019.04376	827.7801	-290.31204	-3195.2925	110.0	110.0	84149	-53.34175	582.7075	883.61835	-3069.2095	31.598276	1121.7098	468.0151915550232
52	-977.852	736.53546	-204.14745	-3226.0928	-676.23987	395.68707	-131.5144	-1359.9275	110.0	110.0	85799	-2.8485723	584.61	940.2941	-3020.5054	-19.1975	1089.4711	478.0562207698822
53	-966.12805	512.0284	-152.21881	-1921.4202	-817.0122	401.5671	-418.3277	-1442.0079	110.0	110.0	87449	42.75704	586.9667	991.0966	-2954.1096	-64.18364	1081.7382	487.4800474643707
54	-899.9985	437.25876	-211.44424	-1786.4452	-948.39746	469.0681	-333.8348	-1902.8734	110.0	110.0	89099	89.54275	591.65106	1040.1936	-2883.96	-110.635475	1075.3287	496.8898673057556
55	-1034.6508	605.39514	-371.4287	-2668.8933	-961.0493	600.8075	-259.67468	-2512.0857	110.0	110.0	90749	127.784096	597.22925	1094.2064	-2910.8687	-148.6969	1051.6074	506.30372738838196
56	-1139.8391	924.7391	-342.06192	-4035.7544	-1668.9988	1139.0116	-417.80606	-4388.0737	110.0	110.0	92399	167.53181	608.0413	1126.118	-2972.6924	-188.06079	1045.1741	515.688943862915
57	-964.1804	774.1863	-200.66267	-3401.8015	-943.65594	587.3179	-224.05244	-2285.34	110.0	110.0	94049	202.55449	614.9787	1165.3226	-2954.7017	-223.19913	1041.6343	525.0602552890778
58	-917.1442	596.26154	-86.554756	-2120.7002	-968.58044	653.1176	-180.17915	-2278.8828	110.0	110.0	95699	236.0683	622.3897	1206.1062	-2916.6394	-256.34067	1019.5251	534.4464869499207
59	-728.8495	301.45667	-319.77927	-1266.2446	-802.1573	514.1212	-92.89673	-1937.605	110.0	110.0	97349	271.98898	629.5194	1277.0936	-2862.4695	-292.76932	1029.9216	543.8001072406769
60	-838.0461	364.15945	-200.14067	-1642.6432	-596.23834	290.85535	-194.1662	-1156.0956	110.0	110.0	98999	319.396	624.74774	1328.1365	-2793.3955	-340.4004	1005.62634	553.1298558712006
61	-929.7358	848.3218	-183.11337	-3588.3677	-1304.3135	1104.5629	-245.65256	-4181.2344	110.0	110.0	100649	358.3478	628.5483	1382.1813	-2787.0881	-379.40347	1022.8097	562.6951105594635
62	-674.0531	299.60638	-219.70482	-1351.3595	-888.9374	580.7483	-209.42992	-2393.4072	110.0	110.0	102299	401.63895	628.0709	1418.0944	-2755.8506	-422.19476	1025.0471	572.1265387535095
63	-1043.9744	887.72253	-140.07773	-3215.9883	-972.6229	535.5285	-471.92484	-2259.4543	110.0	110.0	103949	443.20816	624.0253	1448.0996	-2701.8071	-464.18344	1004.2738	581.530576467514
64	-784.04456	567.0382	-144.06163	-2305.056	-607.0955	621.0886	-44.306816	-2323.0886	110.0	110.0	105599	479.04587	621.52527	1473.5753	-2688.6284	-499.70096	1016.18976	590.9599027633667
65	-1007.3372	721.68445	-260.9184	-2937.8264	-601.3707	288.17966	-50.66368	-1154.9127	110.0	110.0	107249	523.2847	617.8929	1482.8617	-2647.4136	-544.43207	1025.2401	600.3236963748932
66	-663.7826	361.4853	-73.28329	-1277.5695	-1195.6366	641.5732	-338.73965	-2363.2986	110.0	110.0	108899	559.74036	618.94415	1534.3175	-2635.201	-580.44794	1016.51733	609.7151236534119
67	-1059.561	994.99713	-182.8986	-3684.1282	-708.74524	492.03168	-118.85206	-1630.9199	110.0	110.0	110549	604.25397	612.57306	1587.1554	-2501.9624	-625.2565	1021.0786	619.1356439590454
68	-795.46655	658.41705	-174.96622	-2976.983	-940.8627	755.4526	-174.52757	-2695.5388	110.0	110.0	112199	639.6395	615.44714	1624.1906	-2444.7048	-660.3153	1029.154	628.5259404182434
69	-874.4522	437.3208	-201.5508	-1688.7076	-997.096	538.07117	-200.46407	-1949.345	110.0	110.0	113849	677.18585	614.03015	1654.8885	-2283.085	-698.02075	1034.9622	637.9455461502075
70	-708.9933	529.29395	-246.61487	-2305.2874	-1085.8401	579.8184	-325.47342	-2460.7224	110.0	110.0	115499	717.4403	613.4126	1673.9906	-2315.3745	-738.2297	1030.4294	647.347918510437
71	-930.68164	507.98367	-134.41217	-1899.6184	-795.5476	570.513	-119.06071	-2226.1497	110.0	110.0	117149	756.3571	613.1861	1726.1072	-2304.3525	-777.1966	1045.4734	656.7656621932983
72	-750.5539	504.52878	-221.34712	-1903.2694	-1332.1438	869.0188	-102.87931	-3041.2163	110.0	110.0	118799	792.25934	615.8362	1785.4492	-2269.8164	-812.8431	1061.1508	666.0837595462799
73	-525.13776	601.4064	-72.44804	-2320.1086	-949.1165	881.2434	-197.57544	-2814.444	110.0	110.0	120449	825.8531	615.9226	1842.8286	-2272.448	-845.7586	1040.4678	675.5053381919861
74	-689.68616	550.96497	-115.79424	-2109.397	-890.36816	945.4241	-99.387085	-3342.663	110.0	110.0	122099	854.52374	617.39954	1901.3269	-2282.174	-874.7832	1046.2505	684.8426718711853
75	-747.60724	414.4779	-118.49905	-1414.8419	-853.84814	795.80853	-89.495514	-3000.187	110.0	110.0	123749	880.7481	621.4445	1928.1014	-2296.8428	-900.04895	1061.3314	694.2144532203674
76	-532.71277	283.88443	-86.641945	-1036.9052	-516.3451	215.92818	-151.65666	-788.128	110.0	110.0	125399	905.1032	618.31396	1963.1797	-2441.582	-924.4059	1060.1044	703.538323879242
77	-995.3082	860.6579	-93.30463	-2973.989	-897.7379	387.88086	-272.64264	-1468.6523	110.0	110.0	127049	928.4814	613.5179	2011.37	-2356.4893	-947.5329	1043.2527	712.9140863418579
78	-1097.6547	1106.0076	-64.678635	-4768.5806	-1109.4955	680.69904	-178.17305	-2749.6133	110.0	110.0	128699	945.87256	613.87665	2049.0464	-2485.089	-965.45667	1051.2101	722.2968361377716
79	-1088.7726	1060.0498	-175.39203	-3987.332	-630.2251	430.48248	-144.24644	-1692.8578	110.0	110.0	130349	972.253	609.1626	2082.327	-2404.8423	-991.77356	1033.6206	731.5786738395691
80	-948.83826	391.0323	-279.01935	-1759.6483	-362.20612	198.87636	-118.15546	-765.7916	110.0	110.0	131999	994.73706	607.4174	2091.8262	-2289.347	-1014.12506	1049.8793	740.9340810775757
81	-1204.2415	1038.7385	-64.54142	-4413.7466	-699.9045	413.8835	-180.06142	-1529.2994	110.0	110.0	133649	1016.39777	608.1579	2087.9668	-2384.7422	-1035.7406	1061.8971	750.3898787498474
82	-951.4322	535.123	-194.11691	-1972.8013	-1283.7369	1152.5691	-235.19728	-4141.661	110.0	110.0	135299	1040.9178	606.19244	2085.7183	-2370.1892	-1060.859	1031.0562	759.8105754852295
83	-858.7242	570.48315	-110.88478	-1902.2839	-750.2898	674.7403	-168.3162	-2551.091	110.0	110.0	136949	1066.437	608.9808	2142.7605	-2360.8936	-1086.1477	1035.9731	769.3130490779877
84	-946.13055	742.5307	-177.47778	-2615.4153	-533.19354	346.4378	-111.98198	-1194.8685	110.0	110.0	138599	1088.1537	610.0855	2207.4788	-2315.3892	-1108.0603	1018.76227	778.8609716892242
85	-718.9334	394.40485	-233.06404	-1407.3931	-1053.511	790.5813	-99.38339	-2657.0596	110.0	110.0	140249	1116.9963	605.88904	2287.252	-2287.1306	-1138.0125	1036.3148	788.7746994495392
86	-684.2112	492.33197	-241.22777	-2232.7866	-588.4703	321.97156	-254.5401	-1437.795	110.0	110.0	141899	1153.0736	610.6504	2367.963	-2353.023	-1174.0787	1014.793	798.6278984546661
87	-791.39526	345.04153	-242.51367	-1395.3751	-911.8546	1274.9714	-226.44418	-4551.0645	110.0	110.0	143549	1187.1198	610.6732	2469.0168	-2279.2397	-1207.4069	1015.7836	808.2196233272552
88	-1431.5353	1731.4979	-229.15991	-7206.982	-760.7354	501.8414	-292.10306	-1882.2944	110.0	110.0	145199	1215.2799	613.3495	2569.6882	-2255.172	-1235.2924	1053.2616	817.7204005718231
89	-835.75806	572.68005	-47.57009	-2405.357	-564.53784	586.1612	-162.20265	-2210.954	110.0	110.0	146849	1236.1782	617.3256	2644.984	-2148.755	-1255.7509	1009.078	827.169915676117
90	-1116.7786	1032.4891	-33.49858	-3717.5688	-539.18396	336.4279	-111.40815	-1039.5706	110.0	110.0	148499	1254.2188	621.3175	2721.404	-2109.4568	-1273.8475	1019.68896	836.6493051052094
91	-792.8963	530.5654	-86.48502	-1833.5786	-853.1798	539.68536	-313.38284	-2019.7526	110.0	110.0	150149	1274.7561	618.006	2753.4587	-2081.8513	-1293.9999	1014.3306	846.0583584308624
92	-931.6325	569.25665	-157.31543	-2269.9163	-1049.6166	728.20496	-168.2693	-2412.5845	110.0	110.0	151799	1294.7823	614.25385	2800.2334	-2034.9381	-1313.8291	999.81335	855.5611197948456
93	-937.4936	576.6536	-122.35917	-2340.2153	-498.50473	305.0494	-195.45403	-1259.7812	110.0	110.0	153449	1307.773	611.3908	2840.6711	-2062.6858	-1326.4584	980.7184	864.9527943134308
94	-881.79767	545.52527	-218.78293	-2390.2686	-858.4331	594.3515	-160.98842	-2260.594	110.0	110.0	155099	1323.843	611.49524	2889.7695	-2056.066	-1342.7856	980.96173	874.8238730430603
95	-677.289	293.98602	-269.35706	-1354.964	-579.51697	397.42056	-181.15121	-1393.5471	110.0	110.0	156749	1335.8892	612.1907	2898.8704	-2037.3783	-1354.7964	988.5336	884.2614991664886
96	-913.30316	646.38104	-99.19739	-2214.4253	-775.73865	659.909	-139.71948	-2223.9429	110.0	110.0	158399	1350.6472	610.1576	2924.177	-1969.772	-1369.9185	974.45514	893.6583685874939
97	-607.6425	332.03226	-138.38835	-1510.1904	-843.93225	902.29565	-108.827286	-3320.3425	110.0	110.0	160049	1370.6213	603.8883	2936.09	-1978.608	-1389.797	969.26935	903.1073808670044
98	-913.6599	820.2792	-374.88712	-3803.3452	-360.90836	229.4306	-40.962288	-795.14197	110.0	110.0	161699	1386.9084	603.088	2939.3938	-2041.0138	-1406.04	942.15045	912.5578093528748
99	-754.1348	692.32007	-212.40292	-2995.2092	-1072.2651	877.4097	-214.81683	-3161.847	110.0	110.0	163349	1402.5181	607.11176	2939.9487	-2038.6549	-1421.4979	944.39514	921.9936497211456
100	-840.5896	341.83243	-344.10083	-1652.9487	-794.39215	355.06766	-377.7039	-1423.0142	110.0	110.0	164999	1414.1805	603.47144	2932.7876	-2046.8116	-1433.0378	944.4084	931.3885624408722
