Epoch	AverageEpRet	StdEpRet	MaxEpRet	MinEpRet	AverageTestEpRet	StdTestEpRet	MaxTestEpRet	MinTestEpRet	EpLen	TestEpLen	TotalEnvInteracts	AverageQ1Vals	StdQ1Vals	MaxQ1Vals	MinQ1Vals	AverageQ2Vals	StdQ2Vals	MaxQ2Vals	MinQ2Vals	AverageLogPi	StdLogPi	MaxLogPi	MinLogPi	LossPi	LossQ	Time
1	-26876.469	2506.172	-23599.25	-31350.754	-31850.902	14903.331	-9658.283	-67290.41	400.0	400.0	5999	-737.5145	488.67822	4.3072557	-2825.0889	-737.67426	488.67557	1.9077843	-2813.8022	17.330948	22.04126	163.52412	-10.944401	726.0392	4119.547	36.1416916847229
2	-20673.756	11251.639	-1538.6016	-35050.805	-13764.217	9567.003	-2378.599	-33222.91	400.0	400.0	11999	-1559.2483	530.73376	-275.29657	-3768.7256	-1559.2816	530.6123	-277.8154	-3757.3987	7.12189	10.078256	151.14532	-10.17402	1525.6504	7640.6494	78.9581949710846
3	-14510.34	10056.41	-1816.9298	-29372.13	-6470.3726	4540.002	-861.8028	-13270.046	400.0	400.0	17999	-1798.3616	548.87134	-645.76587	-3896.4832	-1798.4331	548.4852	-671.06055	-3905.6055	4.602105	3.0280836	29.862091	-11.974638	1770.9634	6744.9893	120.85796904563904
4	-14436.319	11174.194	-2429.3628	-46149.793	-16838.807	11404.428	-4541.0938	-37862.957	400.0	400.0	23999	-2105.83	465.72357	-981.603	-3957.7683	-2105.9453	464.79645	-981.1928	-3961.5076	3.6282237	2.335912	27.748285	-9.433268	2085.3704	5140.3467	165.52706742286682
5	-14139.076	9555.79	-889.22	-32271.895	-2998.464	2352.2087	-700.18915	-8930.5	400.0	400.0	29999	-2283.9382	473.71494	-1250.2184	-4281.9434	-2284.053	472.70386	-1247.9542	-4275.833	3.8194234	2.2200963	24.915892	-9.054712	2260.248	4653.111	210.2653727531433
6	-6121.247	3662.7822	-1365.0885	-13016.523	-3211.9531	2365.3801	-567.16547	-9288.704	400.0	400.0	35999	-2221.69	549.2592	-1054.6561	-4364.6157	-2221.815	548.43915	-1058.2461	-4348.018	3.8715954	2.1166286	25.333977	-9.402999	2197.243	3639.8652	254.66007137298584
7	-5828.6973	4259.6934	-1246.525	-16890.71	-5018.97	5062.035	-518.21045	-13960.28	400.0	400.0	41999	-2058.898	565.27563	-828.3192	-4337.687	-2059.0134	564.6871	-863.35156	-4317.5767	3.9560626	2.162311	24.939133	-12.588498	2033.9293	3106.259	298.0299873352051
8	-3560.6975	1698.8683	-1299.661	-7185.947	-3041.34	1836.1699	-714.382	-6204.015	400.0	400.0	47999	-1816.7334	567.27704	-610.1684	-4091.5664	-1816.7874	567.01135	-620.93176	-4062.3809	3.9608004	2.2069259	23.764515	-7.8137665	1793.1183	2731.1294	343.037193775177
9	-3481.2896	1429.2975	-1649.0912	-5824.39	-3242.395	2172.5713	-770.9512	-7518.37	400.0	400.0	53999	-1586.9988	554.3453	-382.8054	-3899.1487	-1587.0151	554.3204	-381.6757	-3901.054	3.917192	2.1513872	31.176693	-9.360478	1564.679	2441.5164	386.36938762664795
10	-3263.3518	2192.281	-1255.7893	-8723.235	-3607.0657	2008.27	-1415.7715	-8084.679	400.0	400.0	59999	-1390.3402	548.2792	-158.29285	-3757.34	-1390.3365	548.3683	-155.84146	-3725.3367	3.8228183	2.0155258	31.196926	-9.044881	1370.1869	2167.5923	430.9462354183197
11	-2414.27	1579.2395	-686.7361	-6494.7656	-3402.7554	2584.4802	-569.8269	-8512.06	400.0	400.0	65999	-1239.9956	563.6012	-23.972675	-3667.205	-1240.0045	563.6373	-23.961266	-3617.5247	3.799009	1.9668559	25.755125	-11.572633	1221.3339	1964.1863	475.8688406944275
12	-3971.6453	2461.069	-562.8492	-8875.591	-3502.0059	3017.3782	-282.5744	-10252.689	400.0	400.0	71999	-1113.5618	570.28296	30.063885	-3681.2083	-1113.6233	570.20447	26.821346	-3646.8816	3.7234263	1.8024925	29.38078	-8.862985	1096.145	1830.6785	518.1189479827881
13	-2477.989	1617.8793	-578.2105	-6011.955	-2361.6218	1665.1418	-348.8822	-5562.7637	400.0	400.0	77999	-996.7302	572.7326	83.28328	-3638.8516	-996.83606	572.4091	79.877686	-3600.9563	3.7354488	1.8575277	27.704487	-9.757107	979.10956	1806.682	562.0312488079071
14	-2574.8542	1523.5599	-550.6882	-6094.6943	-3687.2441	2410.6594	-902.16925	-7210.38	400.0	400.0	83999	-876.40674	559.7109	127.64337	-3482.6067	-876.49945	559.28546	127.3386	-3466.8164	3.7060242	1.8780328	22.538948	-9.382184	859.3876	1770.2451	607.1482853889465
15	-2929.9675	1387.5342	-1060.802	-4927.5796	-2647.815	3099.697	-398.06332	-11377.508	400.0	400.0	89999	-777.32635	539.96295	153.1823	-3352.5503	-777.4127	539.4301	154.42134	-3323.2437	3.7487817	1.914021	21.868505	-10.005004	760.67236	1759.1125	650.3383319377899
16	-2148.6013	648.74646	-1212.6339	-3207.4478	-2792.417	1556.1895	-580.44946	-5370.4785	400.0	400.0	95999	-678.3267	501.66617	190.38977	-3237.7566	-678.39453	501.1566	200.70749	-3228.809	3.7472441	1.9385414	29.154268	-9.386588	662.10535	1667.0739	694.4971420764923
17	-2905.987	2497.5054	-361.26944	-8712.522	-2746.359	1564.5764	-491.9995	-5745.1064	400.0	400.0	101999	-617.69446	473.50003	192.43454	-3037.4204	-617.7245	473.02682	202.82385	-3055.5488	3.6857316	1.883449	28.026028	-10.611029	602.76044	1547.2711	738.2851710319519
18	-2390.1013	1490.6971	-734.84406	-6559.779	-3135.2363	2238.594	-423.86224	-7468.7554	400.0	400.0	107999	-563.2575	442.90567	171.14432	-2980.0938	-563.2677	442.42557	175.92644	-3000.7388	3.6497471	1.8423972	28.527832	-10.238909	549.06177	1508.503	780.7411642074585
19	-2523.297	1589.5621	-1028.3347	-6557.3906	-3118.815	2975.0251	-104.98448	-10564.959	400.0	400.0	113999	-524.5653	409.71512	151.2131	-2865.324	-524.577	409.23462	152.9182	-2888.328	3.6743963	1.8377054	24.188065	-9.156051	510.8619	1424.4813	823.7711756229401
20	-2467.7537	865.47015	-870.47046	-3652.3848	-3423.811	2088.5925	-1260.9945	-7795.4087	400.0	400.0	119999	-504.2815	382.90582	201.52142	-2856.2312	-504.2927	382.45306	180.44003	-2898.5227	3.6028996	1.8402193	25.12224	-11.446973	491.36746	1318.7645	866.7684247493744
21	-2233.5015	1440.948	-219.67749	-5284.976	-2655.3364	1730.5505	-482.71686	-6983.48	400.0	400.0	125999	-485.73712	361.78952	124.826	-2734.452	-485.75183	361.3579	105.44962	-2751.4126	3.600467	1.7893549	28.497866	-11.577794	473.21017	1251.8717	909.1744139194489
22	-1924.7031	1015.1066	-508.87302	-3851.9226	-1710.9377	920.37665	-490.18375	-3420.3638	400.0	400.0	131999	-473.61337	346.02386	126.727234	-2598.5295	-473.62692	345.63925	107.29535	-2624.205	3.5436862	1.7596425	33.00315	-11.551474	461.44916	1219.436	962.6791067123413
23	-2556.612	1247.6544	-866.77765	-5197.609	-3006.5469	1707.1162	-741.1307	-5827.0522	400.0	400.0	137999	-470.66507	325.47363	140.82935	-2481.4272	-470.6767	325.09915	133.42924	-2505.1694	3.5173562	1.7426176	22.338625	-10.962425	459.0485	1155.5139	1005.3164808750153
24	-2302.1453	1213.8237	-815.9686	-6218.33	-4127.1226	2546.594	-914.6249	-8774.357	400.0	400.0	143999	-466.20175	311.84473	140.91835	-2359.2488	-466.21884	311.5304	130.03061	-2410.1545	3.482057	1.7449793	26.695305	-12.42626	454.98965	1081.791	1047.3786702156067
25	-2077.2212	1549.2269	-504.49496	-6338.659	-2631.0806	1246.3243	-706.0079	-4697.0396	400.0	400.0	149999	-460.59894	303.84622	129.01111	-2309.492	-460.62247	303.5245	123.34991	-2366.6152	3.4466643	1.7274501	29.576023	-8.174474	449.71136	1054.5197	1090.8436431884766
26	-1814.7515	809.584	-658.43317	-3672.5256	-2799.8494	2117.1892	-885.6623	-7739.1797	400.0	400.0	155999	-459.79868	305.39432	134.78146	-2328.4873	-459.8225	305.025	122.16681	-2410.3022	3.4163997	1.6859381	21.751907	-10.808097	449.46567	1009.131	1134.9031846523285
27	-1630.7858	809.09344	-801.68524	-3909.394	-2452.35	2330.6538	-498.23886	-8035.2354	400.0	400.0	161999	-449.40753	305.85565	144.227	-2331.7886	-449.4246	305.56635	137.58974	-2378.626	3.4385831	1.6812805	26.769308	-11.462162	438.7749	979.6083	1176.7002460956573
28	-1982.1934	691.3304	-725.34546	-3081.5981	-1441.6658	517.1393	-736.1417	-2389.0703	400.0	400.0	167999	-434.94974	298.1207	149.50891	-2285.5405	-434.96875	297.81232	148.54376	-2301.4048	3.3776078	1.6933637	27.383923	-9.127027	424.64883	956.2425	1220.7728741168976
29	-1575.4634	866.60016	-539.6819	-3559.823	-2552.479	2065.4404	-489.54343	-6116.9214	400.0	400.0	173999	-418.44974	296.1876	186.98634	-2283.5354	-418.4682	295.91483	189.03981	-2262.5403	3.400167	1.7415625	25.286743	-11.802706	407.70242	979.18036	1264.7492220401764
30	-2069.0671	1333.1226	-626.8926	-4609.3857	-2694.5396	2194.7944	-565.94135	-6724.8765	400.0	400.0	179999	-403.4464	292.49698	205.84962	-2631.0269	-403.46	292.23004	203.65413	-2613.4182	3.3723276	1.7081335	25.908546	-9.641451	393.48276	965.642	1309.656849861145
31	-1641.043	1022.27094	-532.13446	-3939.8015	-1640.3523	361.40134	-1192.3872	-2400.637	400.0	400.0	185999	-395.465	294.1145	193.75565	-2665.6055	-395.4775	293.8627	187.75246	-2625.7522	3.3541098	1.7348613	26.701664	-9.514378	385.62317	951.2876	1352.787026166916
32	-2576.8022	1282.1254	-1252.4418	-5522.294	-2329.9146	1106.1938	-158.51222	-3491.5586	400.0	400.0	191999	-388.9127	301.6784	177.15	-2365.9294	-388.92508	301.41553	185.62221	-2355.7397	3.3751032	1.6851878	24.416754	-8.589342	379.23242	925.48267	1394.6073484420776
33	-2086.2522	676.49384	-1209.0245	-3584.3115	-2104.927	1274.921	-489.6701	-4293.429	400.0	400.0	197999	-384.20447	303.7354	157.32834	-2645.24	-384.20917	303.49734	170.03288	-2612.2073	3.3795426	1.6457931	32.45562	-10.378775	374.95358	913.2535	1436.8600556850433
34	-2287.1433	2536.8857	-399.69266	-10081.34	-1637.0189	975.2339	-363.67123	-3336.6162	400.0	400.0	203999	-382.7035	300.90756	167.2226	-2690.0571	-382.71564	300.66736	172.26897	-2684.8235	3.386192	1.5993527	27.314882	-11.494879	373.6786	867.31384	1481.681612253189
35	-2273.999	1626.1129	-690.56805	-7051.6577	-1342.0228	1095.0569	-196.12476	-4047.8862	400.0	400.0	209999	-384.28918	295.03967	184.2645	-2548.1912	-384.2951	294.7965	185.72668	-2536.2786	3.356997	1.5835538	24.2433	-9.621915	375.7435	830.60645	1523.2387218475342
36	-1924.1238	1272.1074	-562.28467	-5290.202	-1991.7203	1490.9825	-365.58832	-5970.2866	400.0	400.0	215999	-389.53412	286.6152	197.76271	-2429.8018	-389.53534	286.32904	210.83295	-2402.252	3.377762	1.5821141	26.81682	-9.032972	381.34668	810.6928	1567.2310154438019
37	-2658.0251	1915.305	-475.0971	-7267.6797	-2023.4095	1328.805	-736.27185	-4569.7837	400.0	400.0	221999	-388.23895	277.4502	233.7291	-2110.6636	-388.2454	277.25015	239.88443	-2100.821	3.3767128	1.578923	32.49443	-11.134759	379.97617	815.2028	1611.2211668491364
38	-2099.3032	777.6775	-974.08954	-4181.186	-2302.5312	928.6791	-1309.5123	-4317.0137	400.0	400.0	227999	-384.75903	273.15677	238.53903	-2395.3955	-384.76575	272.9878	240.36345	-2359.8945	3.3820298	1.5266439	23.357792	-8.995908	376.52444	799.9095	1653.871788263321
39	-1777.5248	902.25653	-582.17096	-3153.7734	-2292.9775	1351.485	-481.21002	-4404.1157	400.0	400.0	233999	-370.40378	269.23822	236.58257	-2432.311	-370.40887	269.03204	239.50731	-2421.8823	3.373765	1.5374656	26.567692	-8.494545	362.07834	782.1302	1698.0362422466278
40	-1257.4991	482.1179	-550.157	-2295.147	-1042.1737	503.31454	-242.92833	-1939.2334	400.0	400.0	239999	-364.39883	264.31857	234.26183	-2334.7766	-364.40796	264.1619	237.59984	-2271.2708	3.3126965	1.5637178	31.65175	-9.1788645	356.2994	766.31256	1740.4709270000458
41	-1688.9955	863.8568	-694.28796	-3641.3413	-2039.138	1325.1222	-639.3496	-5394.309	400.0	400.0	245999	-356.74576	261.49335	227.47928	-2064.408	-356.76138	261.3561	229.50682	-2021.3865	3.2946503	1.5482758	23.654022	-12.610864	348.49963	766.06714	1785.291303396225
42	-2193.6865	1210.804	-474.38785	-4586.141	-1440.1779	1246.175	-263.515	-4890.9746	400.0	400.0	251999	-346.44052	262.5463	210.23228	-2135.553	-346.4531	262.38004	214.46942	-2086.3706	3.2743661	1.5997305	29.223673	-9.942084	338.3104	754.9163	1827.4989626407623
43	-1750.1088	575.3609	-784.7241	-2865.3762	-1541.9714	1176.7825	-395.3858	-4593.2476	400.0	400.0	257999	-347.6594	261.77908	200.39806	-2278.5977	-347.66574	261.6978	212.70087	-2259.0916	3.250518	1.6503748	31.567766	-8.941763	340.01566	737.86	1869.624029159546
44	-1819.6285	770.8207	-1001.69904	-3640.7493	-1593.3186	1111.3732	-308.0672	-3888.4736	400.0	400.0	263999	-345.61346	255.45822	195.54106	-2257.0935	-345.61502	255.38652	203.51399	-2264.5217	3.2569053	1.6536876	36.506905	-11.535421	337.6735	745.72833	1913.620127439499
45	-2037.2535	1241.5703	-640.97375	-4648.3223	-1837.8015	1270.3583	-168.34851	-4733.773	400.0	400.0	269999	-340.5557	244.02454	187.62865	-2194.1714	-340.55045	243.9466	192.26114	-2240.0579	3.276618	1.6416476	40.948555	-9.099151	332.81418	729.6784	1955.9111239910126
46	-2088.8745	707.609	-976.08295	-3147.8928	-1376.0775	630.00085	-528.2224	-2848.2595	400.0	400.0	275999	-331.8125	238.83925	176.43332	-2177.8499	-331.8095	238.74033	179.85292	-2171.8152	3.2794979	1.6185844	34.968918	-10.041604	324.1561	728.342	1999.0179908275604
47	-1850.1154	882.0395	-759.39215	-3506.4119	-1603.3463	888.1774	-422.3713	-3340.8206	400.0	400.0	281999	-328.8198	232.57585	206.51764	-2195.9905	-328.81204	232.43561	205.74156	-2168.9612	3.2560542	1.5708492	29.574862	-8.397419	321.38895	741.595	2044.2325749397278
48	-1817.5317	674.0067	-911.7927	-3107.4487	-2478.0156	1706.555	-681.5062	-5830.784	400.0	400.0	287999	-330.36243	228.13153	207.69547	-2155.3752	-330.3569	227.98169	218.40231	-2146.015	3.2471116	1.5213265	29.144398	-7.7316036	323.40872	713.6537	2087.34041595459
49	-1600.2762	699.5588	-535.98566	-3309.5942	-1856.175	1463.8546	-300.78787	-5114.3022	400.0	400.0	293999	-336.03046	226.25899	230.95479	-2152.0662	-336.03033	226.0823	226.90361	-2155.003	3.2264016	1.5145292	29.971933	-9.793594	328.98563	723.22284	2130.076247215271
50	-1844.7251	1113.258	-789.63055	-5531.5425	-1891.9225	1402.2191	-826.6354	-4702.3003	400.0	400.0	299999	-335.82916	229.87387	264.33545	-2177.0015	-335.8338	229.67714	257.68713	-2196.4094	3.2577586	1.5161692	27.319593	-9.250654	328.9645	707.10834	2176.097644805908
51	-1814.7926	1055.0076	-558.71387	-5020.976	-2997.1792	2466.362	-820.55817	-9580.671	400.0	400.0	305999	-346.91846	234.71361	274.6895	-2160.5706	-346.92175	234.50331	270.76898	-2146.0017	3.2212696	1.5120977	30.42849	-8.670692	340.54755	704.3775	2217.9104602336884
52	-2039.0894	1009.3116	-580.8173	-4950.726	-2055.631	903.5407	-615.80365	-3716.9316	400.0	400.0	311999	-355.71945	240.02344	266.56998	-2265.4197	-355.72495	239.85303	266.9905	-2256.0754	3.2260778	1.4872544	28.354334	-10.599563	349.40253	695.7221	2262.288040161133
53	-1569.7299	909.25525	-408.5123	-4109.1646	-1387.802	849.91223	-549.9695	-3291.2822	400.0	400.0	317999	-362.4088	246.19041	289.14792	-2218.2043	-362.4139	246.00963	278.93564	-2150.8574	3.2119255	1.4909265	27.606497	-9.3410425	356.19	701.0625	2305.4545924663544
54	-1730.8582	710.78156	-768.5702	-3729.0457	-1976.0804	1046.614	-576.41864	-4417.582	400.0	400.0	323999	-360.56735	251.04694	325.3236	-2228.9265	-360.57773	250.8884	311.68344	-2180.3218	3.2122488	1.4907827	30.368128	-9.5541525	354.18503	716.307	2348.046592950821
55	-2089.009	948.8062	-836.5276	-4883.11	-1662.0768	817.96783	-719.36163	-3469.3296	400.0	400.0	329999	-355.11295	255.52481	326.54166	-2242.2817	-355.12317	255.4214	320.4723	-2190.215	3.2415147	1.489408	25.598248	-9.136035	348.77713	699.9432	2392.2007234096527
56	-2303.1665	1142.2051	-901.11035	-4900.513	-1836.8457	1418.1538	-295.46432	-5451.142	400.0	400.0	335999	-359.5827	258.7452	330.18185	-2350.8135	-359.58774	258.7223	321.39972	-2282.9827	3.1941364	1.4725865	24.663708	-9.543464	353.64282	696.17993	2435.629535675049
57	-2112.8977	1012.2962	-870.9242	-4007.0671	-2081.396	1056.509	-442.45648	-3838.187	400.0	400.0	341999	-368.6706	256.7402	317.4399	-2278.787	-368.67255	256.6504	305.23114	-2293.39	3.139802	1.460682	53.176266	-12.057109	362.99118	672.8987	2478.450582742691
58	-2097.2183	1286.1791	-443.05814	-5612.661	-1214.3323	736.3271	-404.15308	-3231.6062	400.0	400.0	347999	-377.72946	255.19617	302.0662	-2191.8223	-377.73306	255.07614	289.23685	-2193.1836	3.1382744	1.4517576	26.951443	-12.824152	372.02066	684.48834	2521.036042690277
59	-2120.0613	902.8773	-966.001	-3817.9565	-2297.4321	983.82196	-1348.2057	-4470.548	400.0	400.0	353999	-389.53073	254.94283	301.50766	-2231.1582	-389.52692	254.8629	277.69824	-2242.4485	3.144014	1.4434111	39.964497	-9.612068	383.996	682.01917	2565.9681663513184
60	-2091.6794	990.06586	-844.11676	-4651.0884	-2978.7	2389.1921	-502.06122	-8490.631	400.0	400.0	359999	-391.524	246.56047	284.20206	-2166.0676	-391.52386	246.46214	265.69885	-2124.5422	3.1120934	1.451541	24.583883	-9.444307	385.82574	666.6892	2610.133405447006
61	-1758.4524	840.3682	-485.0498	-3869.1885	-1195.7761	718.3016	-164.21533	-2851.1094	400.0	400.0	365999	-394.3085	244.05096	246.98288	-2212.6475	-394.3102	243.9564	231.30705	-2194.4878	3.1075816	1.4317071	23.745932	-11.466433	388.99045	658.3284	2654.5767171382904
62	-1750.4038	438.34915	-1028.605	-2621.1008	-997.2205	625.8261	-301.67612	-2352.1917	400.0	400.0	371999	-402.5846	241.37592	222.54276	-2209.0815	-402.58365	241.32838	219.0832	-2269.8723	3.0899272	1.4416106	25.445347	-12.278467	397.4414	650.83655	2698.4157235622406
63	-2272.9814	961.0282	-1093.7396	-4395.579	-1839.514	1746.3721	-502.9492	-6743.939	400.0	400.0	377999	-409.22324	241.40532	224.17021	-2296.2861	-409.22037	241.3508	215.91069	-2350.6318	3.0884264	1.4208523	25.270395	-9.924326	404.03714	654.5424	2743.147958278656
64	-2384.5593	1280.5204	-915.0423	-5980.729	-2153.5574	1929.3643	-330.23404	-7295.913	400.0	400.0	383999	-412.46246	243.87991	219.81438	-2336.7947	-412.4589	243.82085	221.09218	-2353.639	3.060886	1.4429306	30.913593	-10.160424	407.073	654.2095	2786.3317840099335
65	-1586.9303	529.8058	-870.4566	-2855.844	-1451.9954	737.21277	-495.32596	-2923.9595	400.0	400.0	389999	-405.15753	240.77455	213.90924	-2368.572	-405.15457	240.73677	213.70691	-2368.3887	3.074218	1.441719	26.00636	-10.462694	399.91882	639.73615	2830.240078687668
66	-1903.8723	818.97034	-1047.801	-4423.5747	-2187.8853	842.93463	-694.1718	-3321.87	400.0	400.0	395999	-402.68552	240.6792	180.65129	-2301.2664	-402.67734	240.63724	189.50412	-2355.9844	3.0799274	1.4328127	40.35711	-11.016235	397.4819	616.77216	2873.517534971237
67	-1635.4481	775.1206	-419.31555	-2980.005	-2513.0337	1124.4067	-933.14026	-4472.3496	400.0	400.0	401999	-402.0583	239.04442	184.5594	-2338.3315	-402.05832	239.02663	186.55281	-2409.3748	3.0740495	1.4017683	30.028118	-9.987464	397.1462	595.1042	2918.3011832237244
68	-1598.088	719.0133	-671.63196	-3126.709	-2508.0312	1358.2484	-681.884	-4999.839	400.0	400.0	407999	-403.18723	239.0727	176.36565	-2401.1377	-403.18585	239.018	171.44167	-2448.021	3.066868	1.3791801	27.340715	-10.197034	398.26462	591.50073	2964.244544506073
69	-1558.23	465.87372	-933.24524	-2834.0696	-2073.5151	1089.3622	-622.3168	-4038.4646	400.0	400.0	413999	-403.92993	237.13953	173.19844	-2417.8596	-403.9274	237.10207	170.27379	-2507.0366	3.0478597	1.4032824	27.529583	-11.625343	399.0945	578.904	3016.385267972946
70	-1787.8293	428.6771	-1283.9972	-2671.36	-1574.2474	975.2264	-167.4242	-3393.1304	400.0	400.0	419999	-404.6519	233.1105	139.73785	-2524.6904	-404.6485	233.06035	141.71138	-2552.9917	3.040399	1.4250748	34.53539	-11.497978	399.94632	574.7339	3060.6837482452393
71	-2171.9175	1191.2158	-466.85556	-4504.0303	-3279.7727	1842.599	-890.8588	-7104.531	400.0	400.0	425999	-406.065	226.47958	106.74935	-2433.033	-406.06586	226.44939	102.2709	-2408.6143	3.0555649	1.3872077	28.779186	-9.924022	401.654	547.4565	3103.627147436142
72	-2049.5686	1049.1937	-1009.79156	-4567.9395	-1467.2092	1680.2727	-282.82565	-6096.723	400.0	400.0	431999	-417.18387	223.50224	99.349236	-2378.168	-417.18332	223.47665	78.554016	-2316.2112	3.019532	1.372065	29.29141	-10.719045	412.90543	538.2721	3146.9156453609467
73	-1677.2467	670.68835	-489.13535	-3131.4778	-1832.0338	715.9068	-701.8417	-2848.3274	400.0	400.0	437999	-424.0296	219.42557	81.266266	-2275.4392	-424.02887	219.3851	68.324684	-2267.9282	3.0320067	1.3783673	24.687538	-10.439241	420.05826	521.65356	3189.074286222458
74	-1679.2183	591.0855	-869.5447	-3450.6719	-2031.559	1322.2527	-306.74677	-4366.0264	400.0	400.0	443999	-430.6065	218.3869	79.66332	-2262.3955	-430.6061	218.35161	65.63641	-2279.0464	3.0278962	1.3730052	31.300634	-9.777708	426.5244	515.98486	3233.419442653656
75	-1588.2413	681.9112	-802.4777	-2599.5967	-2487.4104	761.5996	-739.09283	-3541.078	400.0	400.0	449999	-436.89972	221.19176	116.68906	-2393.4055	-436.90283	221.15207	99.75334	-2381.0361	3.0330062	1.3626959	25.994114	-10.243761	433.06668	523.8865	3277.8795466423035
76	-1674.0059	1041.6476	-701.0094	-4790.034	-2545.9397	1227.279	-659.7947	-4501.224	400.0	400.0	455999	-434.84073	218.0855	93.70615	-2348.3389	-434.84103	218.03975	79.24989	-2268.448	3.0139043	1.3927766	26.585009	-9.341075	430.61542	517.2506	3322.4749546051025
77	-2054.524	833.3505	-769.9437	-3401.9382	-1405.9008	1043.2931	-424.48853	-4133.2627	400.0	400.0	461999	-435.1875	218.56497	118.29774	-2390.955	-435.1865	218.51239	90.159325	-2368.8792	3.0166645	1.3954666	25.775457	-10.712346	431.02917	513.6358	3366.610450744629
78	-2183.5273	1111.2845	-1091.2539	-5182.158	-1948.7373	1249.9742	-426.5648	-4040.2554	400.0	400.0	467999	-426.1114	216.22903	114.251205	-2316.9912	-426.1144	216.16139	95.13143	-2322.5278	3.0150645	1.4130657	28.633066	-8.273482	421.76526	529.64355	3411.1759371757507
79	-2047.4492	940.8077	-855.05414	-4800.967	-2935.9563	3714.2598	-361.30792	-13663.37	400.0	400.0	473999	-424.16135	215.91193	96.249016	-2310.1018	-424.16022	215.79938	88.34105	-2322.3625	2.989631	1.4109762	36.93547	-12.845959	420.19833	517.2191	3455.941824197769
80	-1793.6365	573.7104	-734.4198	-2953.989	-2045.7386	1408.9122	-534.45807	-4707.4307	400.0	400.0	479999	-425.43973	213.80157	109.031906	-2339.12	-425.44162	213.70543	91.82713	-2366.9316	2.9983983	1.3826822	30.998629	-10.520838	421.47034	515.1924	3499.3534157276154
81	-1779.2716	647.2551	-609.3174	-2885.083	-3390.7415	4476.0244	-391.3652	-16530.107	400.0	400.0	485999	-419.9497	214.57503	132.73488	-2353.0435	-419.94733	214.52602	116.711586	-2399.3123	3.0037336	1.3765901	33.29213	-13.120685	415.93857	518.93835	3543.889191865921
82	-1711.2714	955.4506	-371.31104	-3815.3955	-981.7008	444.36777	-479.44742	-2022.5657	400.0	400.0	491999	-419.12823	213.14632	128.05061	-2367.9253	-419.1298	213.12634	118.19708	-2301.8762	2.98731	1.3923286	34.334583	-9.5208435	415.2807	507.10983	3586.781563282013
83	-1938.1882	979.68713	-963.8657	-4824.1514	-1478.107	956.8945	-132.41849	-3318.139	400.0	400.0	497999	-419.20544	210.90977	116.198685	-2302.8901	-419.2032	210.90459	99.80198	-2292.0518	2.9881976	1.3870008	32.31586	-9.40185	415.35492	499.23016	3629.8457641601562
84	-1604.1573	568.6898	-806.14557	-2639.0442	-1598.7762	764.34625	-331.43237	-2456.7034	400.0	400.0	503999	-419.18262	208.90738	89.85497	-2348.3372	-419.17892	208.89613	78.08035	-2284.2795	2.994598	1.3866962	26.167969	-9.60211	415.33292	498.2459	3674.695639371872
85	-1691.0996	1129.3275	-587.2438	-5262.463	-1731.7312	1212.6212	-136.9348	-3744.2861	400.0	400.0	509999	-413.57062	205.62222	63.133884	-2275.0718	-413.56497	205.6092	53.755714	-2282.8333	2.9777741	1.4009826	29.7099	-10.601028	409.84805	502.83026	3719.3911497592926
86	-1360.8951	630.5961	-484.89966	-2641.0808	-1295.2615	561.55304	-385.81943	-2443.2744	400.0	400.0	515999	-419.7966	207.75533	46.80011	-2296.2444	-419.79373	207.71286	36.665253	-2292.143	2.9395912	1.3623264	27.311298	-9.5022	416.35083	491.90503	3769.772458553314
87	-1406.9496	575.8292	-647.96893	-3132.2454	-1513.6099	873.2627	-509.4743	-3083.3289	400.0	400.0	521999	-417.7773	205.6343	27.911497	-2335.833	-417.77783	205.5531	26.951073	-2309.7842	2.9691248	1.3640646	34.336143	-10.133842	414.1885	493.04916	3817.969549894333
88	-1747.6385	935.5863	-669.46185	-4296.5894	-852.0846	317.7625	-206.94774	-1398.6217	400.0	400.0	527999	-420.45956	203.10457	14.226247	-2286.503	-420.45535	203.02145	13.364277	-2357.0432	2.9581752	1.3314996	29.368591	-8.665642	417.1833	482.4635	3863.0049407482147
89	-1559.6294	603.839	-776.6627	-2924.6846	-1011.60645	502.47302	-136.97032	-1814.9546	400.0	400.0	533999	-414.4739	195.58302	-18.32198	-2297.6338	-414.47205	195.5361	-8.003198	-2334.7153	2.9525359	1.3704307	35.8136	-9.899902	410.7709	480.55542	3906.7501447200775
90	-1615.2932	548.1822	-940.45447	-2639.2798	-1163.4318	517.4629	-339.44235	-2055.3284	400.0	400.0	539999	-413.76782	191.29128	-33.975986	-2245.9512	-413.76437	191.22086	-36.11302	-2289.2388	2.9418085	1.3643167	36.560318	-11.764631	410.53357	472.5627	3950.120682954788
91	-1420.6285	567.1209	-642.1724	-3011.3413	-986.28094	447.53976	-361.44983	-1817.5685	400.0	400.0	545999	-410.7744	187.72684	-33.676716	-2342.9958	-410.77185	187.6663	-23.968353	-2294.9907	2.9722052	1.3550571	36.7124	-9.427874	407.21045	465.7841	3993.545329093933
92	-1435.1226	609.0511	-591.1874	-3118.2122	-1329.9476	1017.2959	-133.63239	-3532.993	400.0	400.0	551999	-405.40857	185.89467	-20.788399	-2210.9448	-405.40552	185.78644	-8.264579	-2200.8267	2.9346433	1.3447644	28.454191	-11.019856	402.01355	463.83447	4038.4706580638885
93	-1851.5137	912.1614	-454.83768	-3649.402	-3470.1555	3577.966	-215.93108	-12754.648	400.0	400.0	557999	-404.89206	184.34364	-33.325836	-2251.083	-404.89154	184.28438	-30.858116	-2241.7734	2.962744	1.3269998	48.53427	-8.659952	401.65833	459.1754	4080.4655182361603
94	-1508.2556	458.07834	-834.5714	-2105.373	-1365.8352	988.2008	-142.04636	-3127.821	400.0	400.0	563999	-402.02905	183.9579	-37.693222	-2261.097	-402.02588	183.91571	-27.710419	-2264.4683	2.955213	1.3124428	47.601494	-11.379422	398.6487	452.6679	4124.225951194763
95	-1763.512	509.87524	-1109.503	-2733.0945	-1109.9392	448.33563	-305.10324	-1985.8529	400.0	400.0	569999	-393.77744	185.21169	-34.023758	-2253.601	-393.77588	185.15591	-33.227615	-2242.3599	2.9410267	1.3514177	27.210676	-9.365973	390.29285	451.9106	4166.623153448105
96	-1452.116	499.16187	-527.65076	-2218.5498	-1230.6077	818.32166	-141.0857	-2831.2883	400.0	400.0	575999	-389.21613	186.65065	-45.26409	-2362.9421	-389.2174	186.60405	-47.198708	-2354.7344	2.9371016	1.3516188	34.25193	-9.815631	385.9034	455.78772	4211.057187795639
97	-1250.553	395.39154	-737.6027	-2138.1191	-1025.6444	830.04425	-260.12335	-2993.5876	400.0	400.0	581999	-388.0676	189.53154	-37.72305	-2273.6733	-388.06375	189.44333	-45.104034	-2233.0144	2.928818	1.3430954	34.471603	-10.319662	384.87268	457.2494	4255.113286733627
98	-1614.0707	589.47504	-443.75565	-2774.0134	-1268.5925	715.3967	-317.32776	-2401.9578	400.0	400.0	587999	-383.2017	189.56468	-18.740276	-2328.7146	-383.1973	189.49876	-17.914577	-2356.9973	2.9204664	1.3388693	27.041792	-9.779209	379.746	453.87183	4299.508324384689
99	-1113.422	512.0666	-441.63123	-2522.122	-1148.2509	500.0276	-223.92126	-1971.7234	400.0	400.0	593999	-383.90057	188.62105	-23.483023	-2289.0356	-383.9008	188.54123	-18.024261	-2257.0083	2.9264133	1.3446969	41.059746	-10.595703	380.68857	436.9649	4341.814846277237
100	-1190.8784	375.6763	-536.50995	-2214.0112	-1262.4552	1061.5576	-506.78305	-4196.207	400.0	400.0	599999	-385.49426	185.10368	-6.226454	-2365.6406	-385.49088	185.05557	-0.4570999	-2349.309	2.9092638	1.3352535	31.611616	-9.279374	382.422	439.5193	4383.589504957199
