Epoch	AverageEpRet	StdEpRet	MaxEpRet	MinEpRet	AverageTestEpRet	StdTestEpRet	MaxTestEpRet	MinTestEpRet	EpLen	TestEpLen	TotalEnvInteracts	AverageQVals	StdQVals	MaxQVals	MinQVals	LossPi	LossQ	Time
1	-7565.845	2134.352	-4299.138	-11508.017	-5581.804	2224.575	-1906.2548	-10445.544	110.0	110.0	1649	-113.483986	62.86529	1.0790739	-366.2007	107.59751	1262.0267	5.50299859046936
2	-7608.6265	1889.5574	-4233.62	-10750.975	-3634.8562	2029.6807	-855.37695	-7276.3867	110.0	110.0	3299	-412.06943	175.63731	-72.11794	-1237.1936	400.90015	1209.0989	14.128546953201294
3	-6944.009	1549.9844	-4628.1484	-9977.463	-3267.4878	1304.67	-1565.9849	-6036.3623	110.0	110.0	4949	-841.1402	254.96756	-245.7757	-1950.3706	828.0229	2600.2852	22.808136701583862
4	-7373.9736	1719.9639	-4677.019	-9923.162	-3564.4707	3118.3474	-151.23769	-11286.131	110.0	110.0	6599	-1244.2506	320.38226	-506.4454	-2721.5063	1220.9644	3926.38	31.459477186203003
5	-7665.821	1999.8627	-4274.02	-10515.744	-3319.7007	2728.5068	-88.53165	-9389.82	110.0	110.0	8249	-1548.1973	378.60092	-654.586	-2991.3037	1513.617	4625.082	40.228780031204224
6	-8443.714	2005.9595	-5359.4263	-12125.259	-3217.944	2352.9336	-917.4988	-9345.3955	110.0	110.0	9899	-1756.7618	414.98593	-817.71643	-3335.2034	1714.6829	4446.207	48.97144889831543
7	-3784.6953	2616.7256	-578.5724	-9667.518	-3136.2878	1561.4696	-930.1137	-5133.1357	110.0	110.0	11549	-1896.673	461.59985	-897.53094	-3754.0562	1854.584	4050.3535	58.28572058677673
8	-3080.6936	1911.8594	-509.28683	-7415.8184	-2762.2805	1799.629	-452.35483	-6471.7197	110.0	110.0	13199	-1991.7062	531.9782	-985.7581	-4285.7856	1953.1112	3601.7178	67.43685054779053
9	-2875.6892	1693.8136	-415.84116	-6201.1016	-3192.1611	1294.2294	-898.7784	-5097.7163	110.0	110.0	14849	-2083.2065	609.3799	-1023.95575	-4866.3613	2047.62	3347.5286	76.62775325775146
10	-2879.676	2056.3965	-115.09019	-6434.605	-2558.6926	1625.0077	-471.09103	-5731.271	110.0	110.0	16499	-2180.0996	695.42395	-1007.287	-5449.2534	2146.282	3383.8494	85.82598519325256
11	-2251.6611	1305.7417	-616.19946	-4699.469	-2586.932	1028.349	-1184.6768	-4183.249	110.0	110.0	18149	-2257.3982	770.487	-1030.1095	-6009.308	2225.053	3265.7961	94.97807598114014
12	-1683.9586	1303.0172	-218.6651	-5262.98	-3029.7925	1292.1549	-1162.1615	-5285.7124	110.0	110.0	19799	-2307.391	839.7545	-974.60065	-6659.443	2275.4722	3309.7358	104.15534973144531
13	-1393.3159	934.48816	-269.59116	-4203.11	-1762.0043	1025.1952	-483.49503	-3437.0945	110.0	110.0	21449	-2332.454	912.00885	-915.0128	-7268.709	2301.2075	3307.1013	113.43571996688843
14	-2535.6292	1355.3369	-67.317154	-5677.3784	-1335.7908	1193.2454	-259.42026	-4378.5317	110.0	110.0	23099	-2362.7317	994.41644	-879.05725	-7937.1606	2332.14	3248.018	122.5463240146637
15	-1891.2047	1246.3749	-333.2372	-4796.7544	-2002.1078	1156.9497	-254.52048	-3460.7205	110.0	110.0	24749	-2386.1777	1059.3423	-821.40533	-8557.546	2356.4695	3246.7231	131.64729762077332
16	-2614.777	1427.4181	-179.92157	-4764.869	-1757.9056	1481.4752	-240.59218	-5588.918	110.0	110.0	26399	-2412.2	1146.8634	-758.8441	-9273.494	2382.8967	3286.4788	140.77567958831787
17	-2279.9775	1344.1934	-170.47278	-4496.705	-2344.1978	1442.0897	-478.12973	-4773.4375	110.0	110.0	28049	-2462.972	1215.7444	-679.41907	-9857.316	2434.5188	3330.6233	149.9552881717682
18	-1952.7058	1253.8848	-478.911	-5184.2695	-2129.4873	2030.7023	-274.2623	-6098.2686	110.0	110.0	29699	-2499.2158	1283.2031	-632.14856	-10563.157	2471.0874	3376.8767	159.816415309906
19	-1891.8055	1205.5768	-398.58295	-4360.7344	-1882.9861	1596.8086	-284.0224	-4795.0283	110.0	110.0	31349	-2524.299	1354.5635	-580.66705	-11114.918	2496.6792	3408.1533	170.158132314682
20	-1563.5165	1286.6935	-108.9492	-4481.2563	-1793.6373	1143.7955	-506.83597	-4551.3867	110.0	110.0	32999	-2551.4817	1440.7952	-528.00635	-11724.166	2523.4111	3438.6482	179.49388360977173
21	-1849.8865	1170.8209	-349.91687	-3939.3538	-1247.2068	834.31744	-157.23761	-2394.8884	110.0	110.0	34649	-2564.2314	1531.8881	-475.07126	-12297.463	2536.4746	3473.4714	188.63313126564026
22	-2255.7712	1583.3888	-613.4919	-6952.6836	-1554.5848	1017.5377	-393.9587	-3519.455	110.0	110.0	36299	-2588.8484	1617.2191	-421.38947	-12878.008	2560.3264	3592.711	197.74980688095093
23	-2467.1846	1339.1727	-701.13885	-5369.4575	-1501.0067	442.68234	-662.1858	-2047.8732	110.0	110.0	37949	-2609.0842	1686.2487	-354.557	-13438.599	2580.778	3622.7395	206.87264490127563
24	-1687.42	796.1636	-266.0478	-3581.2483	-1536.4763	912.6321	-175.06163	-2883.5781	110.0	110.0	39599	-2626.0115	1759.6167	-295.38605	-13838.437	2597.2473	3833.2917	216.07030487060547
25	-1662.925	1148.0636	-409.4941	-4255.4224	-2539.893	1322.5377	-864.84174	-4866.9604	110.0	110.0	41249	-2639.3987	1810.6925	-227.00758	-14378.957	2610.0417	3884.8806	225.35799169540405
26	-1469.1438	1216.3118	-164.09818	-4962.108	-1150.3699	827.12006	-159.69377	-3152.3457	110.0	110.0	42899	-2639.028	1850.2808	-144.44524	-15094.894	2608.8472	3888.2412	234.56513857841492
27	-1725.8495	1531.2959	-373.2623	-7049.761	-1821.9479	1032.0769	-770.7211	-4719.902	110.0	110.0	44549	-2628.9734	1902.8193	-95.65852	-15428.008	2597.989	3937.7166	243.83040022850037
28	-1967.4547	1388.1227	-118.85985	-4817.8945	-1222.5312	647.5261	-286.53574	-2666.9043	110.0	110.0	46199	-2608.6697	1955.393	-41.331825	-16091.342	2576.8025	3956.8418	253.1365532875061
29	-1426.4233	958.06726	-232.27684	-3601.6702	-2365.1172	1597.0695	-555.0619	-4631.0376	110.0	110.0	47849	-2609.394	2008.8882	5.4377174	-16430.404	2576.9468	4069.7087	262.3952143192291
30	-1168.4692	771.4006	-192.29662	-2210.8198	-1616.7035	726.9348	-767.2496	-2666.7722	110.0	110.0	49499	-2574.6997	2059.4656	81.83999	-16793.576	2540.593	4146.453	271.6123721599579
31	-1767.2804	1424.8282	-197.21208	-5094.9062	-1459.8729	1175.58	-216.08215	-3647.4014	110.0	110.0	51149	-2530.1614	2101.468	149.23969	-17322.541	2496.438	4095.673	280.91014289855957
32	-1172.319	1029.4418	-170.63805	-4237.653	-1191.5149	943.4887	-241.12822	-3086.6812	110.0	110.0	52799	-2481.5408	2142.8218	217.99042	-17556.982	2448.1155	4182.5005	290.12818789482117
33	-1436.2	902.4461	-410.58865	-4182.4355	-1205.4768	530.0801	-572.5191	-2499.238	110.0	110.0	54449	-2424.89	2167.7607	299.73553	-17979.975	2390.8333	4029.4011	299.3450620174408
34	-1485.193	770.4399	-165.58238	-3168.4517	-1379.9418	809.4863	-383.99347	-3246.1982	110.0	110.0	56099	-2403.195	2213.9348	383.88885	-17817.416	2369.9946	4111.3105	308.54321670532227
35	-2028.4333	1878.8696	-217.98102	-7966.5405	-1257.4711	669.2062	-240.29492	-2586.1702	110.0	110.0	57749	-2359.1562	2252.8652	440.7424	-18439.611	2326.2144	4068.324	317.76026582717896
36	-1702.6405	1154.1653	-71.02485	-4021.8894	-1037.7391	898.5104	-192.6516	-2970.962	110.0	110.0	59399	-2311.0427	2274.7031	504.3315	-18866.367	2277.2087	4062.6733	327.0084249973297
37	-1916.1975	702.9615	-752.536	-3016.7495	-1318.925	679.3749	-448.1366	-2708.5876	110.0	110.0	61049	-2293.974	2314.596	569.5241	-18981.732	2260.4998	4146.686	336.2508239746094
38	-1742.7969	1103.7621	-184.33344	-3431.0164	-926.151	538.484	-187.48145	-1997.5381	110.0	110.0	62699	-2275.4917	2340.4602	649.24774	-19537.111	2242.233	4249.555	345.54826068878174
39	-1399.9553	758.6534	-172.94337	-3276.9756	-1125.9215	534.33356	-333.40955	-1920.1395	110.0	110.0	64349	-2245.0093	2391.35	738.06915	-20366.117	2210.6724	4273.105	354.81562972068787
40	-1692.6261	1382.4762	-351.99313	-6273.1724	-956.34766	459.1683	-116.26567	-1667.0835	110.0	110.0	65999	-2233.7195	2436.2903	831.8223	-20586.354	2199.4028	4407.93	364.01254177093506
41	-1319.5522	1065.1488	-487.27203	-4554.487	-1004.25183	757.73737	-213.2767	-2467.0918	110.0	110.0	67649	-2208.482	2468.492	908.20526	-21279.412	2173.61	4472.4395	373.33359718322754
42	-1172.9941	915.46747	-232.66617	-3252.877	-694.863	599.56274	-170.08093	-2355.8257	110.0	110.0	69299	-2159.8958	2514.7712	971.8649	-21936.225	2125.0154	4557.9746	382.57693004608154
43	-1460.7253	1063.5077	-255.1291	-3840.105	-1327.207	805.61383	-222.69325	-2386.326	110.0	110.0	70949	-2115.3105	2542.852	1060.3733	-22442.088	2080.077	4724.0273	391.8174343109131
44	-1127.5645	766.9394	-192.72612	-2919.923	-947.5206	509.17682	-185.87662	-1759.6187	110.0	110.0	72599	-2048.9602	2592.1345	1090.5394	-23118.63	2013.0096	4881.7856	401.112651348114
45	-1330.6417	1203.0886	-148.52118	-5145.7974	-1103.192	601.2589	-430.62668	-2039.7726	110.0	110.0	74249	-1999.1433	2656.422	1144.6041	-24129.762	1962.9224	5248.518	410.4217553138733
46	-1107.9172	852.4376	-224.23668	-3113.391	-1473.7842	978.97974	-172.93861	-3391.163	110.0	110.0	75899	-1958.6501	2733.0076	1205.5171	-24625.635	1922.3932	5290.076	419.6185643672943
47	-1090.7211	646.27893	-149.47224	-2465.2566	-1287.4999	696.3376	-347.81638	-2488.3096	110.0	110.0	77549	-1912.5199	2788.259	1260.1547	-25005.426	1874.0253	5427.932	428.8488416671753
48	-1567.041	900.1052	-288.19025	-2947.1973	-969.7462	751.62714	-205.94724	-2749.8235	110.0	110.0	79199	-1846.494	2844.9531	1346.6934	-25471.97	1806.7948	5572.668	438.1088981628418
49	-1492.779	881.9031	-171.07967	-3514.7869	-1012.9862	725.81537	-188.07259	-2386.7832	110.0	110.0	80849	-1807.4951	2908.8667	1447.2288	-26395.373	1767.6904	5817.386	447.3944411277771
50	-1437.864	578.1908	-602.1707	-2457.9956	-1562.5735	1157.6882	-59.058178	-4231.045	110.0	110.0	82499	-1736.3969	2960.8206	1523.0405	-27024.8	1695.6277	5891.4556	456.7301273345947
51	-1344.8746	757.509	-496.5372	-3283.6045	-1018.0796	638.48706	-311.06732	-2381.8413	110.0	110.0	84149	-1690.3275	3027.0237	1599.8536	-27119.824	1648.865	5960.2085	466.18421936035156
52	-647.66437	339.42538	-112.59609	-1403.0865	-802.64526	478.59143	-250.3939	-1603.5896	110.0	110.0	85799	-1645.8253	3119.1738	1729.2284	-27473.537	1603.1252	6158.4175	476.04415464401245
53	-1489.3765	959.1727	-272.00262	-3522.9326	-982.36993	633.5603	-183.89398	-2253.1692	110.0	110.0	87449	-1554.735	3174.5815	1895.6863	-28463.771	1511.223	6230.2563	485.9885036945343
54	-1237.9877	743.0491	-259.427	-2640.0183	-1371.248	1470.932	-223.81232	-4763.5566	110.0	110.0	89099	-1471.6392	3205.5718	2145.0098	-29249.09	1426.0269	6550.7817	495.3438150882721
55	-1191.9596	767.9366	-148.38269	-3024.708	-923.8254	706.50476	-256.2724	-2846.5176	110.0	110.0	90749	-1377.3372	3277.1377	2281.056	-29436.854	1330.9844	6536.7163	504.69812655448914
56	-1169.1604	950.75195	-347.6062	-3389.2502	-733.1207	566.20953	-100.56785	-2108.9102	110.0	110.0	92399	-1288.8481	3305.8394	2442.4944	-29960.2	1241.6516	6747.6377	513.9895882606506
57	-1273.4557	820.98206	-149.68442	-3080.3767	-740.49695	199.49625	-374.88577	-1030.1343	110.0	110.0	94049	-1206.1431	3382.3398	2641.7878	-31041.4	1159.5605	6954.224	523.303722858429
58	-1130.4043	703.70734	-120.80599	-2491.7856	-1253.8313	839.3663	-334.307	-2664.2913	110.0	110.0	95699	-1125.8031	3447.1428	2829.413	-31630.783	1077.7706	7060.546	532.5789623260498
59	-1438.6438	1230.3185	-148.66626	-3511.2014	-1100.682	989.19824	-329.0681	-3269.5408	110.0	110.0	97349	-1018.9537	3465.806	2999.11	-32701.807	970.9164	7217.1177	541.8392400741577
60	-1182.9381	757.031	-417.65985	-3390.179	-1569.6294	1150.8595	-274.09933	-3791.6047	110.0	110.0	98999	-925.3055	3520.6848	3160.9573	-33148.33	877.6734	7569.993	551.1103751659393
61	-1007.3356	906.6565	-328.84262	-4145.958	-955.74756	494.7205	-184.95613	-1841.8047	110.0	110.0	100649	-836.8171	3545.7695	3287.2659	-34346.715	788.13684	7550.674	560.4728512763977
62	-1218.67	661.6841	-152.47838	-2657.4497	-1179.5225	974.08514	-71.04014	-3479.2805	110.0	110.0	102299	-763.62805	3589.229	3407.2175	-35208.203	714.7267	7606.508	569.8987863063812
63	-1230.8956	1044.1786	-188.91916	-3782.5562	-1475.2765	948.11926	-254.57013	-3349.8638	110.0	110.0	103949	-676.4711	3623.4648	3562.175	-36227.293	626.4721	7553.3174	579.2922241687775
64	-926.21844	530.049	-238.56345	-2544.3462	-1430.4741	1130.8977	-116.153725	-3585.4382	110.0	110.0	105599	-588.00665	3642.9692	3668.7234	-37097.06	538.18427	7837.9907	588.715812921524
65	-1226.6732	1288.3212	-236.59366	-4654.174	-813.7677	440.17065	-114.04887	-1678.648	110.0	110.0	107249	-508.232	3680.6287	3800.4673	-38231.5	457.60712	7953.61	598.1125979423523
66	-1080.4927	809.43024	-164.91884	-3099.698	-1056.6862	809.92865	-319.9327	-3171.4714	110.0	110.0	108899	-422.8482	3701.362	3866.4272	-39417.027	373.56927	8003.3174	607.4794602394104
67	-1449.9667	1244.1078	-197.3396	-4760.149	-1026.8702	567.5858	-137.70506	-2079.657	110.0	110.0	110549	-373.52173	3800.5496	3898.6013	-40837.586	323.73157	8468.471	616.7716965675354
68	-1199.0005	908.13776	-288.0031	-3382.5833	-773.9805	651.1655	-178.94176	-2053.0793	110.0	110.0	112199	-285.13608	3793.545	4010.328	-40821.938	235.64497	8416.296	626.12775349617
69	-1572.0898	1248.2986	-137.71663	-4394.839	-770.21826	548.0622	-222.96822	-1706.9164	110.0	110.0	113849	-240.81363	3847.0115	4178.6997	-42429.812	191.44514	8395.7295	635.386262178421
70	-1016.3294	632.3452	-254.44353	-2881.4282	-1560.7217	1452.7472	-171.93317	-5089.9536	110.0	110.0	115499	-178.89125	3887.3606	4554.995	-44676.48	128.50195	8943.382	644.7914381027222
71	-928.4357	772.75616	-120.14194	-2738.8616	-1294.9521	958.33276	-352.98923	-3274.7344	110.0	110.0	117149	-109.49512	3948.7803	4679.4263	-45918.867	57.640038	8988.398	654.192001581192
72	-1310.8964	968.7973	-230.48552	-3676.1584	-1665.0732	1316.7512	-191.59436	-4325.112	110.0	110.0	118799	-34.141155	3949.2717	4912.2837	-46732.88	-17.179443	9044.075	663.50306224823
73	-1205.0679	768.1876	-288.8433	-2760.899	-1322.7654	917.3246	-284.76645	-3046.236	110.0	110.0	120449	31.21337	4049.6826	5141.3193	-47828.312	-83.733444	9103.941	672.9040176868439
74	-1039.403	675.29083	-173.17317	-2596.2266	-558.967	340.58344	-160.56453	-1202.2208	110.0	110.0	122099	114.68302	4067.8423	5434.0435	-48036.477	-167.73526	9517.752	682.2767243385315
75	-1204.0388	1030.8553	-81.249275	-4127.9897	-1193.5034	919.98334	-156.07854	-3538.0051	110.0	110.0	123749	191.02246	4121.702	5637.4424	-49672.344	-246.18037	9584.096	691.5644927024841
76	-1100.1128	752.89355	-191.89137	-2872.4954	-1249.25	1174.1292	-177.3901	-4324.646	110.0	110.0	125399	294.87424	4145.6504	5867.31	-51292.605	-350.50256	9999.946	700.8337917327881
77	-988.3383	1017.5314	-118.18445	-3913.9468	-1581.9169	1551.9125	-207.5997	-5017.8403	110.0	110.0	127049	382.70154	4208.6885	6095.9956	-52087.805	-436.5203	9837.061	710.270893573761
78	-1095.8688	1142.2583	-223.28876	-4285.1387	-777.00916	398.02002	-168.39862	-1345.2347	110.0	110.0	128699	463.43637	4181.439	6458.6113	-52589.168	-518.0417	10260.773	719.4806826114655
79	-984.73236	670.8651	-300.25537	-2484.5408	-919.1354	1005.68634	-208.85725	-3759.188	110.0	110.0	130349	542.82776	4226.416	6667.742	-53813.57	-597.3448	10341.079	728.815327167511
80	-1662.8281	1399.4298	-268.28992	-5304.2065	-961.61865	1059.3278	-112.45498	-3739.808	110.0	110.0	131999	619.85	4269.1	7032.6387	-53236.832	-675.3339	10559.005	738.0578916072845
81	-1134.1569	982.55756	-227.72864	-4047.95	-868.4235	506.65695	-202.88197	-1938.8231	110.0	110.0	133649	708.18964	4282.542	7387.1753	-54927.05	-762.5582	10948.397	747.4000844955444
82	-972.98035	622.38257	-175.42444	-2218.4868	-802.114	663.3198	-180.0063	-2308.0017	110.0	110.0	135299	776.093	4344.332	7682.222	-56103.367	-831.1078	11060.1455	756.7124376296997
83	-1411.9602	1509.5071	-216.46355	-6607.1133	-1361.9143	1312.9138	-195.07634	-4570.978	110.0	110.0	136949	874.18036	4337.57	8227.437	-57366.688	-931.09393	11264.89	766.0528874397278
84	-881.5632	773.0942	-260.10614	-2988.7588	-1347.654	406.03955	-644.4936	-1898.4668	110.0	110.0	138599	977.3575	4358.1753	8557.08	-57890.484	-1034.6935	11411.035	775.4292545318604
85	-1388.0784	1383.4253	-89.57137	-4777.7144	-1524.4221	1277.5942	-325.57056	-4040.9443	110.0	110.0	140249	1057.6119	4424.8706	8941.964	-59128.027	-1115.8547	11956.904	785.1998386383057
86	-1108.3876	965.38477	-143.81306	-3529.2002	-1318.0452	581.6696	-571.1544	-2847.827	110.0	110.0	141899	1174.0507	4389.619	9123.912	-59624.633	-1232.591	12216.147	794.9460823535919
87	-1474.3547	967.1761	-218.03384	-3173.6821	-803.3841	569.0647	-314.56033	-2383.421	110.0	110.0	143549	1268.4215	4518.7363	9560.753	-60667.805	-1326.5962	12466.941	804.3855617046356
88	-1322.1119	1194.4127	-162.2723	-4963.0728	-1163.5709	392.54803	-583.96686	-1921.3221	110.0	110.0	145199	1386.8811	4509.7554	9921.23	-60881.574	-1446.5759	12419.079	813.6605389118195
89	-1284.2659	805.41156	-212.39246	-3211.707	-1259.0128	1541.0068	-312.838	-5699.6846	110.0	110.0	146849	1478.5729	4556.7046	10260.879	-61769.664	-1538.3442	12788.66	822.9939420223236
90	-692.5484	410.38657	-186.89322	-1859.0427	-1335.0486	931.20886	-470.87213	-3596.461	110.0	110.0	148499	1613.957	4533.864	10532.194	-64121.336	-1674.8815	13020.185	832.5026257038116
91	-740.53986	565.1769	-74.14965	-1996.2296	-1622.3529	1284.47	-272.24054	-4732.4585	110.0	110.0	150149	1729.4961	4526.655	10806.693	-64655.742	-1789.4901	12899.4	841.8436346054077
92	-1448.2992	1096.6405	-100.85028	-3786.5647	-1595.258	908.78265	-258.10544	-2978.6624	110.0	110.0	151799	1845.1678	4554.3574	11147.716	-66883.57	-1905.4342	13197.099	851.1073713302612
93	-976.798	960.7754	-228.0637	-4257.0825	-1596.1833	1148.0745	-252.41858	-4142.865	110.0	110.0	153449	1949.3285	4601.5503	11565.634	-68669.66	-2011.2545	13107.658	860.4323735237122
94	-1467.9255	1253.4485	-336.65002	-4181.3125	-1391.7	1435.8889	-188.8177	-5349.891	110.0	110.0	155099	2048.6672	4710.7974	11892.096	-69607.75	-2109.9524	13825.787	869.8450195789337
95	-2389.2197	1670.6354	-487.7291	-6763.7373	-1392.1649	1094.2732	-271.1	-3736.3867	110.0	110.0	156749	2192.3538	4701.193	12150.373	-69964.43	-2255.1543	13846.487	879.1443319320679
96	-1464.9338	1055.9554	-382.19736	-4417.83	-1197.578	691.93304	-228.97783	-2247.5032	110.0	110.0	158399	2302.8755	4755.1235	12455.031	-72750.836	-2365.9084	14426.211	888.5525221824646
97	-1347.5646	862.9932	-264.66766	-3198.8936	-2094.646	1539.4501	-424.8426	-5111.9785	110.0	110.0	160049	2419.957	4863.756	12829.9375	-73583.85	-2482.008	14680.007	897.8997611999512
98	-2138.0718	1349.8654	-501.35495	-4984.2397	-1295.5339	786.0317	-628.52814	-2972.236	110.0	110.0	161699	2526.1235	4925.0127	13309.704	-75172.34	-2589.1433	14902.373	907.2760360240936
99	-1731.4718	1565.0004	-116.828186	-4996.907	-2145.1384	1701.1471	-125.65588	-5816.696	110.0	110.0	163349	2629.3462	5055.366	13533.49	-75092.63	-2693.8447	15298.4	916.6629140377045
100	-1819.5657	1550.881	-419.2042	-5778.562	-1948.4998	2116.267	-98.90516	-6733.713	110.0	110.0	164999	2760.557	5117.1455	13740.744	-77374.69	-2826.1697	15802.7	926.1094455718994
