Epoch	AverageEpRet	StdEpRet	MaxEpRet	MinEpRet	AverageTestEpRet	StdTestEpRet	MaxTestEpRet	MinTestEpRet	EpLen	TestEpLen	TotalEnvInteracts	AverageQ1Vals	StdQ1Vals	MaxQ1Vals	MinQ1Vals	AverageQ2Vals	StdQ2Vals	MaxQ2Vals	MinQ2Vals	LossPi	LossQ	Time
1	-25872.957	3278.627	-19012.625	-30798.252	-27074.934	13237.339	-10292.114	-51754.652	400.0	400.0	5999	-367.77545	212.62376	3.0446508	-1281.4235	-367.7296	212.71146	3.160283	-1285.7782	354.07156	2464.7505	33.64865279197693
2	-20000.127	8012.8135	-2202.9817	-30569.355	-18264.389	14082.121	-749.9894	-42756.805	400.0	400.0	11999	-1027.6326	323.66043	-273.38995	-2789.3054	-1027.6338	323.8854	-269.72076	-2793.6404	1004.2519	5076.1885	68.17079186439514
3	-15079.142	12405.39	-1070.3497	-38957.71	-14436.192	7746.1387	-1408.7727	-28055.408	400.0	400.0	17999	-1580.209	447.51456	-399.261	-3327.8523	-1580.3085	447.598	-392.63797	-3343.2822	1555.294	6313.0347	102.72840094566345
4	-18065.02	10683.033	-924.56006	-36433.824	-15915.419	11115.903	-984.9747	-32150.08	400.0	400.0	23999	-1998.8898	563.2413	-760.69824	-4213.776	-1998.9907	563.3583	-752.575	-4211.95	1970.168	6347.9893	137.41490626335144
5	-9570.576	11354.319	-525.9026	-42334.39	-13241.143	7791.538	-841.6671	-24346.256	400.0	400.0	29999	-2327.6182	679.2715	-1094.2104	-5616.8203	-2327.6448	679.7062	-1096.5681	-5646.9336	2294.745	6248.412	170.55778574943542
6	-12641.029	6835.9185	-3577.8318	-27118.186	-10555.986	9562.553	-309.1471	-27014.373	400.0	400.0	35999	-2651.711	800.1755	-1181.964	-6405.2163	-2651.7693	800.45245	-1189.0574	-6408.6475	2622.8083	5271.8774	198.7495458126068
7	-6526.2656	4809.1133	-717.03577	-16496.457	-6562.7686	4686.796	-1272.9559	-14306.384	400.0	400.0	41999	-2998.6956	936.2284	-1285.0549	-7005.2827	-2998.754	936.4426	-1314.9692	-7028.543	2967.6733	4580.4805	227.36589241027832
8	-7303.188	4949.972	-781.7077	-16983.062	-5824.038	4577.3525	-655.0059	-13081.669	400.0	400.0	47999	-3261.794	1065.7997	-1397.1611	-7619.443	-3261.874	1065.7871	-1411.6232	-7643.857	3232.6333	4239.672	255.9070017337799
9	-2352.25	1513.2616	-427.1567	-5335.207	-5550.221	4696.4917	-1671.1425	-18360.441	400.0	400.0	53999	-3494.627	1175.1215	-1494.5612	-8134.484	-3494.7063	1174.9825	-1485.6808	-8171.623	3463.2554	4090.2866	285.26249408721924
10	-3193.3918	2216.9507	-435.2434	-7139.967	-2540.1355	2300.6326	-425.8036	-8847.3125	400.0	400.0	59999	-3645.8452	1275.3302	-1425.122	-8391.832	-3645.9307	1275.1222	-1397.994	-8404.37	3613.986	4046.6633	314.2195882797241
11	-3044.9937	2445.881	-717.65717	-8639.858	-3142.0535	3299.184	-336.92056	-10478.883	400.0	400.0	65999	-3759.5059	1322.9087	-1498.2413	-8531.027	-3759.5593	1322.765	-1489.7599	-8522.294	3726.0203	3967.5928	342.90299129486084
12	-3537.0796	2925.5388	-626.8145	-10186.579	-4399.636	4546.7534	-158.21878	-15078.553	400.0	400.0	71999	-3871.5388	1377.7382	-1628.588	-8557.116	-3871.5994	1377.5677	-1609.112	-8533.288	3835.4287	3835.7336	372.33532452583313
13	-5425.4043	3248.281	-1624.3679	-11796.607	-4348.9106	3322.99	-443.18842	-10084.794	400.0	400.0	77999	-3984.0007	1405.4231	-1603.9691	-8484.597	-3984.0742	1405.2178	-1612.043	-8503.514	3950.2417	3638.7473	400.7472128868103
14	-4825.4126	4313.743	-247.0992	-15686.06	-4860.36	5295.071	-432.88718	-16216.686	400.0	400.0	83999	-4081.2864	1459.645	-1597.5895	-8764.135	-4081.3582	1459.3923	-1604.4834	-8762.546	4047.2808	3416.765	429.5477936267853
15	-2804.973	2734.6262	-654.44794	-11047.09	-3090.5845	2142.1355	-464.5129	-7730.3574	400.0	400.0	89999	-4223.2197	1528.0308	-1547.8477	-9118.522	-4223.2925	1527.7908	-1564.3391	-9075.362	4189.33	3287.6416	457.8338749408722
16	-4178.9707	4296.3374	-248.42131	-16381.875	-5998.048	5794.4917	-377.09024	-19212.297	400.0	400.0	95999	-4397.1396	1596.4913	-1522.675	-9487.664	-4397.227	1596.1847	-1524.2368	-9498.752	4365.33	3338.2874	486.0247392654419
17	-3619.0068	2281.8257	-333.2349	-9281.363	-5110.03	5146.1455	-1108.4287	-17081.701	400.0	400.0	101999	-4553.853	1672.4569	-1530.1965	-9977.449	-4553.909	1672.2562	-1536.6571	-9990.324	4521.554	3378.8875	515.2285552024841
18	-3967.098	3485.6267	-377.52396	-12638.829	-3184.6572	4469.254	-416.66846	-16238.183	400.0	400.0	107999	-4683.654	1731.9995	-1524.4032	-10373.867	-4683.7285	1731.7593	-1551.1134	-10383.525	4652.9023	3369.2493	544.3096265792847
19	-3470.4683	2340.388	-543.5479	-9037.753	-1966.7408	700.7285	-790.5996	-3239.6145	400.0	400.0	113999	-4771.364	1794.8058	-1574.4783	-10657.358	-4771.418	1794.5985	-1592.2418	-10642.729	4738.34	3258.971	573.2740051746368
20	-4096.929	2685.521	-813.60675	-9862.96	-2596.6382	1264.658	-510.21307	-5080.656	400.0	400.0	119999	-4852.107	1854.8151	-1605.5453	-10935.458	-4852.145	1854.6537	-1626.6531	-10907.651	4822.157	3184.3374	601.5631637573242
21	-3351.9617	2589.1025	-659.278	-7873.459	-3017.5874	2924.3232	-518.96735	-11165.835	400.0	400.0	125999	-4953.165	1905.0687	-1674.2238	-11232.462	-4953.217	1904.8904	-1701.7856	-11172.917	4923.3594	2986.3193	630.5603032112122
22	-3759.7292	2216.2634	-1462.1573	-8196.684	-2695.4507	1908.9365	-404.4994	-6292.8623	400.0	400.0	131999	-5082.269	1994.0844	-1663.6707	-11519.577	-5082.3203	1993.9178	-1673.2706	-11485.145	5052.8057	3045.2893	659.7550332546234
23	-2399.6038	1534.7231	-157.80902	-5042.537	-2746.9048	1453.3196	-1081.8741	-6283.7695	400.0	400.0	137999	-5201.1465	2087.1187	-1568.0377	-11738.543	-5201.1743	2086.9902	-1606.7164	-11760.884	5174.968	3167.5667	689.1958727836609
24	-2570.895	1954.0183	-404.95602	-8165.477	-4834.029	7326.354	-729.4835	-24333.047	400.0	400.0	143999	-5261.405	2136.9395	-1534.1091	-11994.855	-5261.4263	2136.8445	-1574.2477	-11949.724	5233.904	3169.278	718.0974273681641
25	-3258.843	2415.7322	-646.6845	-8928.047	-1990.4426	1621.786	-802.3439	-6576.292	400.0	400.0	149999	-5333.5996	2186.8855	-1579.6885	-12294.083	-5333.621	2186.7927	-1606.1726	-12255.401	5304.1094	3178.9377	746.5647826194763
26	-3014.3948	1850.2197	-867.94116	-7455.7705	-2670.4004	2376.2432	-510.4699	-8690.634	400.0	400.0	155999	-5418.8096	2239.8503	-1630.3622	-12598.291	-5418.832	2239.7654	-1667.0516	-12553.371	5390.702	3130.956	774.9621942043304
27	-2375.386	1989.9767	-484.85193	-7983.6465	-2615.7786	2805.0466	-172.3138	-7933.112	400.0	400.0	161999	-5504.142	2279.8584	-1632.6763	-13259.19	-5504.1836	2279.7217	-1665.5703	-13201.77	5481.2134	3184.014	803.3603744506836
28	-1638.9341	1387.5524	-148.92244	-5568.673	-2711.3293	2438.5261	-459.52408	-7298.2524	400.0	400.0	167999	-5581.434	2340.7952	-1551.2952	-13476.495	-5581.4727	2340.7017	-1605.3623	-13332.616	5550.574	3148.786	831.8683111667633
29	-2884.3303	2585.2537	-1141.787	-11116.793	-2126.7583	2750.9856	-383.92145	-10062.767	400.0	400.0	173999	-5673.599	2411.5278	-1452.2722	-13873.36	-5673.639	2411.4094	-1501.1014	-13800.691	5650.2173	3250.4187	860.3101477622986
30	-2931.6648	2307.98	-685.33704	-8055.571	-3789.6812	3266.8433	-563.6208	-11280.397	400.0	400.0	179999	-5741.818	2462.3079	-1366.0731	-13950.188	-5741.843	2462.1812	-1436.5099	-13909.231	5710.3667	3449.8528	889.6579205989838
31	-3350.5151	3654.5234	-604.66956	-14326.35	-3217.0193	2690.6912	-241.60677	-8440.474	400.0	400.0	185999	-5824.847	2498.372	-1323.6338	-14229.741	-5824.869	2498.2288	-1390.0549	-14191.468	5795.1865	3456.582	918.1213176250458
32	-3394.5156	3505.3513	-423.09665	-14148.017	-3251.1304	2978.1658	-679.69727	-10384.437	400.0	400.0	191999	-5918.494	2544.614	-1310.4149	-14399.133	-5918.546	2544.439	-1387.8434	-14356.691	5889.537	3432.434	946.3200447559357
33	-2572.9385	1937.1182	-363.25107	-8101.2407	-3077.6343	1973.5431	-1098.5128	-7607.9463	400.0	400.0	197999	-5986.1377	2601.0679	-1317.3237	-14663.426	-5986.156	2600.9873	-1348.1128	-14659.078	5959.1733	3408.3713	974.9125065803528
34	-2585.5078	2878.1482	-843.86365	-11864.736	-1568.4915	1021.41	-315.13113	-3416.302	400.0	400.0	203999	-6048.806	2650.3657	-1275.5593	-14812.544	-6048.832	2650.3098	-1285.0448	-14799.529	6016.692	3505.6167	1003.5748970508575
35	-3532.4985	2666.9888	-1451.1946	-10889.044	-2765.224	3204.0833	-425.86334	-11906.122	400.0	400.0	209999	-6116.401	2671.198	-1241.359	-14973.332	-6116.428	2671.1084	-1277.8384	-14968.035	6084.342	3484.806	1032.4887943267822
36	-1919.4637	1247.6796	-335.88004	-4202.8125	-6709.845	4714.623	-460.2347	-15505.758	400.0	400.0	215999	-6175.9	2681.4265	-1248.5448	-15028.618	-6175.929	2681.3186	-1299.2648	-14990.929	6147.472	3470.8586	1060.754772901535
37	-4644.362	4004.7407	-951.56836	-15954.286	-3176.1868	2308.768	-557.8151	-7895.878	400.0	400.0	221999	-6261.3037	2691.4348	-1300.0435	-15027.184	-6261.3135	2691.3838	-1344.7499	-14987.517	6236.308	3429.324	1089.0731394290924
38	-4007.4412	2598.9524	-595.448	-10258.916	-3555.936	4625.8994	-670.86475	-17001.389	400.0	400.0	227999	-6336.2583	2691.9697	-1344.2744	-15032.054	-6336.2896	2691.8706	-1367.7439	-15002.247	6308.172	3464.5818	1117.4637138843536
39	-4147.9756	2870.9282	-868.5683	-10367.455	-4244.6187	5377.0703	-118.30536	-19210.93	400.0	400.0	233999	-6422.1978	2696.9866	-1374.4275	-15104.391	-6422.2046	2696.889	-1396.9825	-15106.327	6389.1333	3567.2126	1145.826996564865
40	-3878.387	3630.894	-493.08905	-14542.361	-3069.496	2126.6228	-622.8539	-6962.5537	400.0	400.0	239999	-6477.144	2708.0383	-1422.2152	-15150.564	-6477.1304	2707.9778	-1435.3215	-15196.024	6440.912	3572.0166	1174.5133955478668
41	-3264.5273	2672.208	-363.95676	-10370.212	-5873.562	5506.1064	-271.53363	-18511.732	400.0	400.0	245999	-6552.4155	2708.0928	-1473.7899	-15187.009	-6552.426	2708.0251	-1445.1835	-15288.113	6523.7305	3518.905	1205.153921842575
42	-3427.039	2292.9968	-588.8435	-7062.9087	-6600.7983	6619.5713	-1316.8353	-24154.426	400.0	400.0	251999	-6651.581	2716.1013	-1549.2775	-15351.442	-6651.581	2716.1082	-1520.799	-15485.596	6620.1226	3426.3696	1236.1476261615753
43	-4616.3403	4031.9407	-365.52298	-16009.468	-4617.8228	3320.5457	-833.9404	-12534.57	400.0	400.0	257999	-6710.9526	2731.5303	-1643.2738	-15658.223	-6710.9604	2731.5479	-1572.4805	-15830.959	6682.725	3412.1533	1266.8057436943054
44	-2729.8264	1276.9412	-955.0742	-5165.244	-3474.2292	3835.2058	-285.69678	-10902.06	400.0	400.0	263999	-6813.6025	2749.2922	-1688.6807	-15669.99	-6813.608	2749.3037	-1621.6112	-15811.376	6782.858	3386.188	1297.0870158672333
45	-3070.358	2558.122	-497.0132	-11107.628	-4150.456	3762.7097	-640.72205	-13685.815	400.0	400.0	269999	-6932.0913	2761.2832	-1753.8517	-15719.96	-6932.093	2761.3093	-1712.1708	-15886.921	6900.071	3334.0613	1326.3586633205414
46	-3845.37	4049.12	-644.95844	-16484.766	-1713.9182	991.1883	-741.6524	-4266.1616	400.0	400.0	275999	-7077.9185	2786.6973	-1801.0074	-15696.17	-7077.9395	2786.6443	-1823.1768	-15938.894	7049.8506	3327.4717	1354.9398531913757
47	-1932.931	1417.279	-79.11598	-4605.0195	-4999.7256	7347.5977	-229.90129	-25936.865	400.0	400.0	281999	-7178.6255	2803.8464	-1857.659	-15813.925	-7178.625	2803.8472	-1882.2338	-16025.017	7158.4546	3223.482	1383.8361864089966
48	-4059.577	6226.3354	-524.29517	-26517.805	-5166.0234	7032.8403	-291.52524	-24444.432	400.0	400.0	287999	-7286.475	2845.2126	-1895.949	-16239.402	-7286.4897	2845.1982	-1908.1344	-16377.793	7259.08	3230.0547	1415.49933552742
49	-4591.693	3210.5027	-604.03265	-11921.35	-3987.548	2578.8499	-767.8566	-8325.735	400.0	400.0	293999	-7393.1177	2868.8594	-1897.1992	-16296.539	-7393.1484	2868.7957	-1897.6178	-16451.363	7371.9185	3299.8242	1450.324388742447
50	-3874.5552	3914.0032	-380.2	-16884.312	-3009.843	1623.934	-817.06287	-6388.236	400.0	400.0	299999	-7478.2866	2891.27	-1918.3682	-16619.703	-7478.3276	2891.1719	-1929.9117	-16760.39	7449.259	3418.2393	1488.3089876174927
51	-3791.7478	2424.6238	-165.47264	-7593.6885	-3073.1714	3379.7446	-319.39154	-9877.367	400.0	400.0	305999	-7567.662	2933.8342	-1968.631	-16861.41	-7567.709	2933.7373	-2005.9266	-16894.568	7546.14	3504.136	1519.8414013385773
52	-3301.9368	2671.8667	-615.23785	-9385.486	-3050.282	2430.593	-569.3967	-8185.3696	400.0	400.0	311999	-7643.868	2999.9812	-2018.3479	-17063.54	-7643.907	2999.8926	-2056.3147	-17108.764	7618.628	3535.2407	1549.1223270893097
53	-2509.8367	1447.9513	-501.16522	-5754.132	-3381.2632	2862.1875	-295.77704	-10401.2295	400.0	400.0	317999	-7703.935	3053.3828	-2024.2794	-17330.727	-7703.976	3053.3018	-2029.0046	-17392.832	7673.301	3451.6877	1578.4922564029694
54	-2521.0747	1702.9723	-651.61414	-6322.1562	-3090.2566	2331.4998	-377.8461	-7622.063	400.0	400.0	323999	-7768.848	3090.57	-2032.4795	-17454.428	-7768.867	3090.524	-2038.5608	-17437.168	7743.916	3388.2666	1607.1564345359802
55	-3744.0364	2566.7156	-792.1685	-9607.36	-4087.8638	4862.035	-1111.7917	-18299.152	400.0	400.0	329999	-7869.0312	3132.0374	-1928.9392	-17664.693	-7869.068	3131.946	-1977.2131	-17635.607	7848.9707	3313.54	1636.0752856731415
56	-2871.8235	2463.6592	-427.9647	-9970.027	-3956.95	3023.331	-644.9246	-10166.95	400.0	400.0	335999	-7940.4688	3170.6511	-1961.0198	-17847.807	-7940.4946	3170.6167	-1974.7426	-17823.068	7914.2666	3389.6687	1666.4787883758545
57	-2875.0112	1690.7634	-1025.3026	-7804.112	-2016.9658	1215.3661	-369.19095	-4065.1726	400.0	400.0	341999	-8010.0703	3199.4087	-1987.2589	-18047.805	-8010.106	3199.3394	-2016.7186	-17975.133	7988.6235	3427.5732	1697.1050040721893
58	-2357.7603	1390.1963	-491.04837	-6374.537	-2601.847	2039.2415	-578.79504	-5975.68	400.0	400.0	347999	-8104.7295	3234.091	-1931.5133	-18120.123	-8104.781	3234.0015	-1943.1909	-18086.44	8081.765	3496.8	1727.5104377269745
59	-2204.8914	1349.4946	-391.27396	-5264.5674	-3644.2876	2809.9622	-584.9895	-10505.561	400.0	400.0	353999	-8174.3794	3261.9055	-1858.7756	-18181.35	-8174.4307	3261.8008	-1883.0107	-18199.959	8149.9946	3542.3787	1756.322288274765
60	-2956.073	2436.4482	-526.2638	-8779.317	-2464.7786	1324.3997	-262.7972	-4265.409	400.0	400.0	359999	-8238.157	3288.2522	-1797.3921	-18096.96	-8238.198	3288.194	-1831.4808	-18117.42	8214.522	3613.0952	1785.3606991767883
61	-1733.4105	894.12524	-643.83765	-3751.2021	-2350.015	2228.3281	-693.73553	-8493.095	400.0	400.0	365999	-8292.114	3310.048	-1810.3162	-18386.16	-8292.152	3309.9824	-1797.1274	-18372.18	8265.054	3617.3083	1814.2536911964417
62	-2745.9282	1528.1414	-457.63235	-6120.2837	-4083.5781	5553.8955	-303.7038	-18523.326	400.0	400.0	371999	-8349.406	3329.8123	-1855.8608	-18484.266	-8349.443	3329.7117	-1883.314	-18501.043	8328.775	3591.8342	1842.024120092392
63	-3061.4446	3137.4946	-446.05426	-11143.092	-4107.6514	2498.0957	-1332.471	-10109.535	400.0	400.0	377999	-8417.067	3366.942	-1891.499	-18561.963	-8417.113	3366.8384	-1918.987	-18565.57	8385.242	3614.6467	1872.061011314392
64	-5634.702	7853.764	-479.8529	-33300.883	-3578.515	2136.067	-483.51767	-7556.886	400.0	400.0	383999	-8492.202	3403.9316	-1897.1971	-18527.68	-8492.238	3403.8638	-1939.665	-18499.623	8468.99	3695.2593	1902.6551201343536
65	-4934.5786	7299.197	-1232.0234	-30927.932	-5948.1416	6425.3843	-1173.8405	-22238.96	400.0	400.0	389999	-8561.133	3439.9224	-1882.4164	-19632.75	-8561.145	3439.9104	-1969.9088	-19569.072	8532.411	3837.122	1933.4159405231476
66	-2859.3564	2401.793	-204.63058	-10140.687	-5010.577	4257.458	-318.99612	-15255.025	400.0	400.0	395999	-8612.097	3460.0698	-1901.8474	-19810.197	-8612.108	3460.0625	-1946.274	-19888.713	8592.654	3881.4417	1963.487946510315
67	-3368.3955	3594.1824	-653.55023	-15709.038	-4336.132	4593.5923	-676.649	-15753.264	400.0	400.0	401999	-8643.146	3475.5723	-1796.2603	-19969.057	-8643.156	3475.5752	-1902.7588	-20061.62	8615.671	3963.284	1991.960325717926
68	-3411.6885	2025.2404	-800.18115	-8175.8364	-9427.661	11907.22	-750.53314	-31695.781	400.0	400.0	407999	-8692.769	3473.9067	-1819.7167	-19998.059	-8692.775	3473.9097	-1878.405	-20084.117	8665.421	3859.0876	2021.6707537174225
69	-2922.9497	1611.025	-1418.6837	-6720.773	-5416.8706	3845.72	-1213.9163	-14016.414	400.0	400.0	413999	-8733.444	3471.9104	-1864.8462	-20140.287	-8733.48	3471.8035	-1897.5814	-20260.477	8707.167	3838.6362	2050.9112997055054
70	-7403.673	7967.4126	-924.2765	-34536.547	-5188.1074	5139.9937	-427.1063	-15635.975	400.0	400.0	419999	-8800.664	3487.6787	-1849.6248	-20420.908	-8800.7	3487.5776	-1869.881	-20507.93	8769.562	3871.413	2079.8397710323334
71	-6075.8843	5540.1094	-974.45013	-18566.129	-8566.768	13054.65	-1195.4268	-47334.586	400.0	400.0	425999	-8854.272	3512.9783	-1873.2845	-22315.697	-8854.319	3512.8684	-1900.7972	-22491.602	8835.114	3905.9666	2108.5125408172607
72	-4719.6426	2259.088	-1807.5798	-9675.049	-4978.9194	6657.1274	-425.29764	-23361.46	400.0	400.0	431999	-8919.639	3543.8118	-1776.3596	-22666.129	-8919.669	3543.765	-1792.9238	-22604.107	8890.095	4024.4187	2137.9456400871277
73	-4199.139	2801.958	-253.21596	-11136.042	-4466.616	3558.725	-219.39731	-10471.259	400.0	400.0	437999	-8964.15	3560.6663	-1722.0815	-23170.686	-8964.187	3560.6213	-1771.5425	-23121.47	8935.087	4136.5405	2167.5973579883575
74	-6705.1763	5577.5435	-1118.7814	-18194.752	-5506.923	5053.6636	-1028.9032	-18870.434	400.0	400.0	443999	-9021.743	3574.3235	-1727.4531	-23332.076	-9021.791	3574.2646	-1771.2612	-23272.045	8989.644	4272.2314	2196.9946529865265
75	-6434.425	6228.8306	-241.66733	-17964.0	-4270.884	5047.5273	-804.8569	-16890.162	400.0	400.0	449999	-9077.51	3581.6592	-1787.9857	-23397.217	-9077.568	3581.546	-1805.4135	-23385.795	9054.48	4296.8965	2227.081328868866
76	-6602.356	7639.1387	-955.522	-31454.963	-7486.7227	6669.9717	-891.16943	-22086.941	400.0	400.0	455999	-9130.94	3603.7717	-1686.6189	-23370.535	-9131.026	3603.6008	-1749.0234	-23313.113	9096.36	4382.255	2257.243770837784
77	-2770.801	1445.14	-521.612	-6284.3525	-4837.244	8699.203	-278.9928	-30733.168	400.0	400.0	461999	-9164.946	3620.611	-1661.9471	-23527.912	-9165.03	3620.3816	-1686.9896	-23536.264	9130.005	4526.7905	2287.2233974933624
78	-4636.7544	7668.7163	-287.42877	-32702.697	-5512.9243	6395.346	-1655.9451	-24134.16	400.0	400.0	467999	-9183.957	3630.65	-1664.7708	-23884.215	-9184.055	3630.3926	-1635.5452	-23853.969	9151.56	4713.9077	2316.4582686424255
79	-4699.9375	4368.7334	-678.3241	-15592.863	-7036.8813	8812.818	-742.4498	-31745.668	400.0	400.0	473999	-9225.011	3652.0205	-1612.7367	-23908.297	-9225.094	3651.7888	-1595.6445	-23914.166	9195.198	4628.608	2346.173729658127
80	-4686.5454	3918.3328	-373.35928	-15103.41	-2737.5444	2675.7124	-363.47128	-7635.9634	400.0	400.0	479999	-9274.155	3668.0112	-1485.8422	-24186.115	-9274.229	3667.8452	-1525.3138	-24117.252	9245.218	4581.525	2376.281102180481
81	-2955.41	1549.1058	-344.9747	-6434.7007	-3455.391	2770.9282	-636.4015	-10437.38	400.0	400.0	485999	-9343.607	3681.3962	-1503.7296	-24227.283	-9343.658	3681.2405	-1510.4288	-24197.473	9313.926	4570.7417	2406.0420622825623
82	-3275.1301	2600.5251	-938.61395	-9773.977	-9138.028	10054.941	-877.9908	-34481.535	400.0	400.0	491999	-9404.557	3715.0186	-1482.2067	-24360.38	-9404.605	3714.8362	-1454.9438	-24119.807	9377.101	4544.1587	2435.8795461654663
83	-3647.8352	4466.9634	-977.6981	-19362.137	-5153.116	2875.7012	-1296.0594	-11757.933	400.0	400.0	497999	-9404.327	3731.6667	-1434.4751	-24215.975	-9404.384	3731.4885	-1426.2219	-24049.53	9374.304	4654.093	2464.6948306560516
84	-6599.6143	6165.9824	-512.05725	-19716.959	-9074.804	7511.8247	-1124.8876	-25175.695	400.0	400.0	503999	-9414.92	3743.477	-1409.7615	-23904.945	-9414.96	3743.3176	-1409.0297	-23895.725	9376.908	4792.057	2493.9777908325195
85	-5764.068	6242.005	-1151.2667	-26106.512	-6284.458	9050.8955	-592.4436	-31977.363	400.0	400.0	509999	-9436.219	3758.1755	-1389.5115	-23943.531	-9436.262	3758.072	-1407.4043	-23890.344	9399.106	4859.0513	2523.4085364341736
86	-2654.1538	2662.6377	-730.20276	-11691.764	-2917.2551	2466.554	-721.9012	-9652.559	400.0	400.0	515999	-9461.707	3781.448	-1315.8877	-23922.518	-9461.742	3781.362	-1407.6853	-24175.773	9435.14	4855.2456	2555.177205324173
87	-2918.749	3384.6804	-294.96957	-13755.286	-5487.259	3970.5737	-1639.784	-14458.369	400.0	400.0	521999	-9461.202	3801.938	-1395.5883	-24151.68	-9461.244	3801.8228	-1443.845	-24145.404	9428.44	4794.7646	2583.6534390449524
88	-3022.5286	1747.859	-536.5541	-7184.666	-3889.5796	2303.4526	-275.33777	-6603.9126	400.0	400.0	527999	-9482.612	3840.2925	-1432.7719	-24561.52	-9482.655	3840.1853	-1430.9993	-24897.898	9454.085	4722.5903	2611.387115716934
89	-6662.226	5646.981	-210.409	-19013.89	-4169.7764	2642.5312	-395.58533	-9000.782	400.0	400.0	533999	-9520.067	3874.464	-1435.6274	-24709.988	-9520.085	3874.4268	-1403.5837	-24949.12	9491.699	4548.3467	2642.856907606125
90	-3693.6655	2924.1978	-540.7869	-11257.898	-5490.829	4497.1436	-587.81213	-11605.025	400.0	400.0	539999	-9583.682	3936.7378	-1438.4291	-24897.514	-9583.701	3936.7468	-1444.2368	-24960.938	9557.285	4437.0996	2672.140149116516
91	-5280.5063	4368.513	-1633.7273	-17901.49	-6791.8174	4432.7974	-526.06335	-13977.546	400.0	400.0	545999	-9648.02	3988.7815	-1501.2518	-25303.451	-9648.023	3988.855	-1475.8451	-25318.938	9619.002	4551.8804	2701.34104681015
92	-4517.8794	3189.1055	-1138.6642	-12399.359	-5118.0825	9116.884	-398.52942	-32314.223	400.0	400.0	551999	-9689.011	4021.6777	-1492.0674	-25317.225	-9689.043	4021.7002	-1534.5536	-25611.098	9657.186	4641.084	2730.669838666916
93	-4046.6765	3743.149	-696.32214	-14759.049	-7745.9688	7430.406	-1096.3114	-24101.664	400.0	400.0	557999	-9721.936	4064.005	-1467.5098	-25550.484	-9721.952	4064.0452	-1522.1085	-25730.064	9686.189	4908.0005	2759.9230177402496
94	-3563.4006	2999.753	-332.5028	-9409.891	-4793.5747	4027.9841	-951.5157	-15429.782	400.0	400.0	563999	-9722.913	4099.1245	-1443.4365	-25769.305	-9722.925	4099.1655	-1511.8319	-25907.219	9686.394	4950.165	2789.8287041187286
95	-2713.6108	2010.1046	-412.86044	-6878.0757	-4357.065	2739.2544	-525.50226	-8850.28	400.0	400.0	569999	-9706.458	4130.161	-1444.8976	-25809.957	-9706.485	4130.159	-1463.7341	-26073.857	9670.43	4976.0405	2819.7753822803497
96	-3862.8467	2967.9023	-594.3836	-11582.524	-4528.3384	3690.089	-372.5586	-12115.304	400.0	400.0	575999	-9721.315	4168.2427	-1403.177	-25926.408	-9721.315	4168.2417	-1434.7045	-25769.35	9690.75	4832.4536	2849.407049179077
97	-5391.171	6066.559	-739.95135	-26269.574	-8772.279	10175.306	-707.32043	-34752.8	400.0	400.0	581999	-9737.714	4199.417	-1443.4084	-26458.021	-9737.692	4199.4546	-1432.6832	-26364.045	9704.487	4809.522	2878.8877005577087
98	-3549.615	3879.8044	-518.8126	-16399.201	-5891.5957	7515.134	-642.8869	-26913.871	400.0	400.0	587999	-9749.563	4226.6816	-1465.3728	-26410.451	-9749.548	4226.6787	-1496.5029	-26589.938	9712.87	4769.552	2908.7511138916016
99	-7152.9624	7594.6445	-1123.6537	-31245.908	-6305.2925	6848.6475	-1320.3384	-21925.752	400.0	400.0	593999	-9775.004	4246.7515	-1535.794	-26698.924	-9775.008	4246.701	-1524.8868	-26849.303	9737.96	4692.195	2938.086672782898
100	-5313.795	6002.843	-701.0947	-21760.078	-7097.379	9098.041	-814.76337	-32510.807	400.0	400.0	599999	-9792.55	4268.5635	-1525.6622	-26840.742	-9792.568	4268.472	-1538.2384	-26981.703	9774.755	4636.6255	2966.8720524311066
