Epoch	AverageEpRet	StdEpRet	MaxEpRet	MinEpRet	AverageTestEpRet	StdTestEpRet	MaxTestEpRet	MinTestEpRet	EpLen	TestEpLen	TotalEnvInteracts	AverageQ1Vals	StdQ1Vals	MaxQ1Vals	MinQ1Vals	AverageQ2Vals	StdQ2Vals	MaxQ2Vals	MinQ2Vals	LossPi	LossQ	Time
1	-28164.162	3914.3965	-20869.58	-34187.336	-25454.783	12392.786	-11854.102	-43664.22	400.0	400.0	5999	-390.214	220.14386	2.1850681	-1194.0472	-390.19742	220.29016	1.5501584	-1195.3752	375.86624	2590.2097	24.849528074264526
2	-20745.018	9285.852	-2645.63	-30317.44	-5356.2603	3122.1477	-1467.7014	-11700.431	400.0	400.0	11999	-971.44714	316.72745	-210.74199	-2193.1777	-971.35596	316.99475	-218.15057	-2197.1768	947.39545	6473.987	51.21652936935425
3	-5032.799	4008.6829	-639.0859	-15715.79	-3702.875	2450.5662	-429.59424	-8371.4375	400.0	400.0	17999	-1205.8405	448.3109	-428.69684	-2845.317	-1205.7737	448.37506	-427.54535	-2828.1123	1171.5802	7078.152	77.8179190158844
4	-5561.9077	4733.5444	-876.75	-19565.996	-7247.829	4728.6353	-2649.5095	-18926.15	400.0	400.0	23999	-1126.7822	503.73804	-370.12448	-2935.4395	-1126.8865	503.4968	-366.82047	-2926.2312	1091.9966	5138.364	105.50972843170166
5	-3265.0667	3267.6633	-387.87836	-12200.242	-4396.3755	2598.5803	-1823.3544	-10721.148	400.0	400.0	29999	-1021.32874	507.59543	-326.2086	-2973.363	-1021.4304	507.36264	-331.4111	-2899.6057	993.28326	3442.7747	139.81211948394775
6	-4234.0537	3010.09	-994.1332	-9804.295	-5003.752	4435.031	-548.36975	-14520.65	400.0	400.0	35999	-960.9475	508.4289	-261.21838	-3074.8472	-961.01794	508.13583	-263.96118	-3001.4043	936.9103	2491.3171	167.44964861869812
7	-3562.907	4275.9946	-808.31537	-15974.868	-5029.2188	3712.3213	-2436.9985	-14929.869	400.0	400.0	41999	-927.9318	527.83014	-186.02579	-3304.2832	-927.98474	527.55334	-184.57246	-3243.7617	904.6989	2111.582	195.47541642189026
8	-5406.4536	4408.999	-955.5152	-16150.417	-5125.943	3664.0488	-736.49133	-14647.768	400.0	400.0	47999	-910.23895	555.25085	-76.75127	-3491.9802	-910.3038	555.02094	-71.064835	-3437.323	886.90015	2027.4369	223.5537223815918
9	-4827.3525	2726.1062	-957.88745	-9143.902	-5100.987	4511.7812	-603.4298	-13891.257	400.0	400.0	53999	-912.215	580.9569	-13.241695	-3520.551	-912.2996	580.7071	-9.928781	-3463.3071	889.5582	1948.852	250.76575827598572
10	-4370.7334	2298.3796	-1419.1945	-10568.315	-4788.849	1979.04	-2439.8967	-8633.401	400.0	400.0	59999	-897.8298	584.4965	-1.4023085	-3660.8335	-897.91693	584.24866	12.158222	-3646.9116	876.198	1830.3827	278.32098269462585
11	-5066.869	3366.946	-550.6253	-13708.11	-4340.4307	3728.8723	-515.808	-14017.398	400.0	400.0	65999	-887.90356	580.4884	28.376766	-3723.2505	-887.97363	580.2804	38.061676	-3746.587	868.4735	1666.721	305.5891478061676
12	-4979.593	4325.419	-1073.9303	-13181.356	-6436.7363	4095.2073	-518.6448	-15513.378	400.0	400.0	71999	-867.2416	583.46313	168.25635	-3718.2114	-867.31415	583.23914	146.80453	-3717.3035	847.8194	1534.8295	333.01819372177124
13	-5302.959	3487.9448	-861.26306	-15972.712	-4323.453	3967.958	-676.29047	-14653.624	400.0	400.0	77999	-854.7733	599.7674	190.6374	-3786.7937	-854.8529	599.50085	191.54086	-3761.7422	835.2792	1432.6318	360.86362862586975
14	-4795.63	3164.9285	-1461.7946	-10921.6045	-3330.825	1903.1757	-873.252	-7817.0884	400.0	400.0	83999	-866.7246	609.2198	207.87009	-3910.0637	-866.79297	608.9146	204.64262	-3911.328	849.0141	1356.9996	389.2502462863922
15	-3768.679	3757.345	-1260.0751	-17339.912	-3636.8462	3338.5842	-669.11896	-10369.066	400.0	400.0	89999	-870.49176	616.5144	209.69742	-4016.106	-870.5628	616.175	207.85347	-3991.5603	852.7268	1355.8339	417.51342034339905
16	-2531.2385	2031.9314	-544.21796	-7784.5854	-9298.31	4057.7185	-1972.3805	-14247.563	400.0	400.0	95999	-872.26	632.8029	210.31465	-4133.333	-872.3225	632.5385	192.66335	-4031.1123	854.5125	1337.6477	445.7201192378998
17	-3619.3738	2587.3628	-425.69113	-10002.964	-5552.167	4635.321	-445.89548	-15958.67	400.0	400.0	101999	-875.23236	664.6168	219.5766	-4281.6826	-875.28546	664.39526	207.57825	-4161.8184	858.6535	1301.4194	474.01860308647156
18	-2820.2134	2102.6309	-388.4176	-8267.846	-5263.5073	4653.2803	-1653.326	-17978.014	400.0	400.0	107999	-868.4667	675.45905	208.18317	-4338.7246	-868.4899	675.3134	196.4381	-4264.2407	851.20374	1310.6395	502.238406419754
19	-3124.4553	2056.1191	-710.7576	-7944.4204	-3701.6477	2579.3794	-255.10664	-8614.813	400.0	400.0	113999	-836.4225	654.54584	206.3284	-4375.5522	-836.474	654.3698	202.5932	-4300.933	817.3591	1295.465	530.3743119239807
20	-3193.4988	3143.448	-588.69824	-12910.775	-3229.3606	2706.857	-744.513	-9679.693	400.0	400.0	119999	-810.3968	628.2875	245.52853	-4190.477	-810.4043	628.20654	214.6755	-4101.4316	791.64984	1224.6257	558.8050544261932
21	-3796.8088	2826.5906	-910.5198	-8784.882	-2889.9175	2485.3757	-836.2806	-9303.292	400.0	400.0	125999	-806.86786	608.8128	227.31816	-4133.239	-806.82117	608.82404	240.52852	-4048.7883	788.06793	1161.981	587.2293195724487
22	-2731.8074	1638.6726	-680.4431	-6682.5576	-5623.999	3173.417	-580.19257	-10741.063	400.0	400.0	131999	-812.2986	595.9749	224.53113	-4142.9766	-812.23987	596.0161	245.01305	-4072.0583	794.114	1106.4991	614.7874784469604
23	-3374.8025	2726.947	-1111.9968	-11003.58	-2921.7024	3228.7244	-104.525246	-9973.016	400.0	400.0	137999	-804.00134	586.61926	229.23994	-4013.1477	-803.944	586.693	219.66795	-3994.3975	786.1915	1086.6976	643.0153591632843
24	-3768.608	2753.058	-711.5346	-9899.833	-3989.2727	3123.351	-746.2015	-11533.486	400.0	400.0	143999	-791.55896	574.98425	291.90094	-3948.3066	-791.5221	575.033	246.65654	-3931.8093	773.98883	1065.4927	669.9190921783447
25	-4389.939	2504.5808	-1276.7787	-11522.316	-4664.7144	2690.4084	-1632.6731	-9700.033	400.0	400.0	149999	-789.11865	565.1575	255.09671	-3866.3198	-789.0864	565.24176	261.58496	-3837.004	771.6735	1034.2054	697.7242267131805
26	-3648.0857	2624.5037	-663.06934	-9407.354	-3589.3367	2371.618	-329.018	-8124.0444	400.0	400.0	155999	-785.4245	548.8885	283.5472	-3727.3835	-785.3809	549.00415	286.7464	-3693.3625	768.4013	1014.41736	726.4762573242188
27	-3845.2354	2601.8767	-758.9582	-10177.677	-2590.8413	2026.2272	-468.2528	-7397.973	400.0	400.0	161999	-776.1857	532.55994	314.61987	-3644.774	-776.1365	532.6509	308.04398	-3607.5515	758.69073	1014.8403	754.6832296848297
28	-3120.4375	1323.8053	-526.81256	-5638.9526	-3937.0945	2415.7573	-829.0945	-7641.6343	400.0	400.0	167999	-771.8079	521.2901	317.19733	-3550.765	-771.7549	521.41046	305.84805	-3504.4895	755.29083	952.00684	782.9329569339752
29	-2733.3374	1272.5769	-1129.6807	-5025.292	-2570.656	1349.2764	-516.3901	-5119.1143	400.0	400.0	173999	-766.06995	519.7664	305.01303	-3633.9236	-766.0344	519.91516	329.42188	-3537.12	750.55994	923.29614	810.8131206035614
30	-3286.4739	1843.589	-577.9766	-6647.6816	-2697.4844	1824.224	-506.43298	-5552.845	400.0	400.0	179999	-765.90546	524.0116	312.14212	-3656.8394	-765.8799	524.0876	326.98447	-3640.386	750.1451	914.1962	837.3869907855988
31	-3649.3914	2361.9185	-1143.3569	-8530.89	-2823.272	1605.4865	-828.26697	-6192.89	400.0	400.0	185999	-777.7285	532.5794	307.13617	-3843.2751	-777.70996	532.5953	305.96747	-3730.9683	762.6327	935.6377	865.4012713432312
32	-3736.0803	2013.2322	-433.50385	-9029.16	-3679.9985	3633.0056	-240.16003	-13611.898	400.0	400.0	191999	-788.5839	547.406	292.75278	-3893.6838	-788.5876	547.4194	287.02313	-3850.5818	773.3675	988.332	892.9251575469971
33	-3842.9214	2156.8586	-1020.3749	-7729.368	-3919.5828	1668.7968	-1881.4005	-6483.4507	400.0	400.0	197999	-803.15375	561.1333	254.79051	-3983.2205	-803.16223	561.14905	264.90643	-3933.6912	788.897	1002.2758	921.2013583183289
34	-3106.5479	1625.0714	-845.6226	-5939.5977	-1970.7322	1192.7616	-328.5657	-4490.593	400.0	400.0	203999	-813.7855	558.9697	264.24292	-4109.6094	-813.8103	558.9512	258.46878	-3969.195	798.70374	984.5933	949.379560470581
35	-3366.5227	2362.3123	-714.96594	-8438.536	-2003.11	1829.2953	-160.39975	-6604.662	400.0	400.0	209999	-812.23865	544.82684	276.73685	-3984.5725	-812.26263	544.866	267.92673	-3918.4214	798.9147	961.1127	976.2215259075165
36	-3641.3484	1991.6951	-890.6961	-8368.701	-3470.1992	3472.7036	-434.1364	-10875.795	400.0	400.0	215999	-804.3111	525.9455	235.62653	-3890.2693	-804.3322	526.0166	233.76476	-3811.8528	788.8412	980.28986	1003.1843266487122
37	-2401.1606	1758.9033	-705.38544	-8369.523	-2850.1633	1322.5283	-1048.633	-4915.0454	400.0	400.0	221999	-797.0617	511.41202	216.58513	-3718.661	-797.0807	511.509	208.23355	-3635.466	781.94666	970.37634	1030.962394952774
38	-2933.0864	1659.9584	-166.25792	-5204.0273	-2639.2144	1610.5188	-349.78418	-5530.8984	400.0	400.0	227999	-787.20795	497.81912	185.65953	-3638.505	-787.2309	497.92145	177.31395	-3575.2961	772.3883	949.5121	1058.5905137062073
39	-3434.7903	2156.0835	-803.64746	-8950.308	-4231.559	2703.8386	-1718.1805	-11235.915	400.0	400.0	233999	-776.9579	488.74454	173.24763	-3584.1833	-777.00037	488.80795	175.28006	-3522.4226	762.0865	981.24585	1086.2538032531738
40	-2543.0107	1922.0758	-178.67584	-8188.948	-2942.066	1714.8707	-491.8161	-6250.911	400.0	400.0	239999	-775.2056	493.6	203.54152	-3590.3972	-775.2735	493.58136	201.08766	-3556.5977	759.85516	1026.8975	1112.9473781585693
41	-3981.2634	3181.473	-684.6262	-13068.77	-3165.3394	1991.3865	-632.0351	-6559.7715	400.0	400.0	245999	-773.0876	496.3963	272.44534	-3611.2058	-773.1457	496.41013	252.27557	-3567.1746	757.50616	1035.9144	1141.1623377799988
42	-2827.511	1548.9551	-630.90247	-5978.101	-3597.9321	2636.6616	-262.90088	-8539.801	400.0	400.0	251999	-756.1363	487.11963	291.15906	-3498.5208	-756.1743	487.12463	274.15686	-3477.0398	740.7819	1033.2562	1167.972697019577
43	-3637.49	2129.6602	-1130.8434	-9503.959	-3275.7236	2876.418	-417.58597	-9756.068	400.0	400.0	257999	-738.33453	475.80948	327.96338	-3438.2168	-738.3775	475.77643	311.8733	-3420.0708	722.68677	983.781	1195.9157133102417
44	-3998.5884	3413.369	-377.2416	-13785.235	-4043.3687	2423.3667	-1060.5692	-9563.141	400.0	400.0	263999	-731.99725	462.90775	320.5972	-3418.9983	-732.011	462.87778	310.35364	-3415.9014	717.4669	939.00586	1223.9359831809998
45	-3741.5056	2334.1443	-973.83575	-8727.654	-3289.7036	1668.2987	-1565.17	-6453.7393	400.0	400.0	269999	-733.6625	455.61493	293.67297	-3376.9224	-733.6677	455.6056	288.29904	-3433.3347	719.326	925.1761	1250.724003791809
46	-3567.7666	1626.0677	-1664.2539	-7836.3335	-3182.3438	1417.6045	-900.8294	-4920.309	400.0	400.0	275999	-725.331	444.84695	272.49963	-3375.288	-725.32184	444.86298	259.40213	-3452.671	711.311	901.0342	1278.1410467624664
47	-3100.2195	2470.5981	-731.78595	-7215.507	-1938.0627	956.4523	-299.33682	-3461.4565	400.0	400.0	281999	-706.99036	433.6697	265.74326	-3314.377	-706.9837	433.71512	251.49977	-3356.5876	692.6948	861.47394	1306.330087184906
48	-2939.404	1363.8378	-1425.3848	-6233.356	-1764.3992	1272.956	-282.459	-4039.1055	400.0	400.0	287999	-680.4333	420.30292	273.5544	-3240.7285	-680.4256	420.3273	246.1727	-3271.5833	665.5196	825.469	1333.8406903743744
49	-2520.8333	1700.4661	-539.20874	-5963.992	-2883.1118	1787.753	-689.45856	-5987.8135	400.0	400.0	293999	-656.67645	408.44525	240.9114	-3202.47	-656.67957	408.49716	235.49348	-3156.766	643.1407	801.8828	1362.0420730113983
50	-2050.213	1136.5896	-949.8758	-5235.5635	-3403.8599	2910.932	-314.53317	-10787.249	400.0	400.0	299999	-643.02344	397.88934	236.96725	-3066.739	-643.01984	397.9743	259.2523	-3049.9055	629.43823	782.66583	1388.9055798053741
51	-2059.6736	1562.0063	-449.92374	-5448.811	-1207.5299	734.8162	-375.29413	-3077.8833	400.0	400.0	305999	-627.4707	387.6516	223.18729	-3080.283	-627.4732	387.72534	234.41486	-3190.4624	613.9177	777.5362	1416.2826254367828
52	-3114.977	2394.0273	-473.83282	-10809.907	-2130.98	1532.657	-494.36667	-4415.5996	400.0	400.0	311999	-617.5817	378.79922	208.11159	-2990.6343	-617.576	378.85593	216.9953	-3032.035	603.7726	770.0497	1444.041443824768
53	-2389.4248	2107.7864	-590.54083	-8184.9204	-2191.8591	1413.5687	-745.3931	-4780.281	400.0	400.0	317999	-605.9995	369.23813	201.43132	-3035.6365	-605.98584	369.2737	200.95415	-3102.6443	591.71027	753.88043	1472.069128036499
54	-2664.9934	1592.2349	-799.6215	-6264.3115	-3265.562	2158.862	-814.8271	-7806.36	400.0	400.0	323999	-593.66785	363.44592	168.86238	-3021.7942	-593.6601	363.44385	176.79654	-3031.6907	580.74915	727.6761	1499.5345633029938
55	-3178.1677	2242.404	-658.8055	-8006.632	-3230.0461	3976.5686	-106.459816	-14663.419	400.0	400.0	329999	-589.95795	359.9525	155.7458	-3079.6533	-589.9599	360.0003	180.49133	-3022.294	577.3552	742.71234	1527.1472330093384
56	-3343.3218	2409.6338	-485.66278	-9581.42	-2008.7266	668.0697	-818.53107	-3363.9817	400.0	400.0	335999	-589.0484	358.46542	148.88675	-3200.3484	-589.0611	358.48303	170.85475	-3097.6328	576.3278	753.8915	1555.1977152824402
57	-2941.4988	1590.496	-941.24207	-5729.0796	-2140.871	2445.4282	-379.3024	-8694.925	400.0	400.0	341999	-589.6171	357.09012	149.45396	-3190.7122	-589.61584	357.12228	163.52405	-3095.3313	576.9621	758.2423	1582.058632850647
58	-2822.738	2824.0952	-1066.6586	-11281.022	-3133.1313	2357.0261	-1070.5054	-8105.6963	400.0	400.0	347999	-598.99274	361.30832	130.59306	-3202.6104	-598.9902	361.3443	143.06209	-3124.5076	585.75226	787.18585	1610.0345799922943
59	-3456.2693	3639.3965	-453.14136	-15580.371	-2817.3843	1734.8823	-446.74185	-5609.165	400.0	400.0	353999	-601.8662	360.4747	117.529625	-3150.642	-601.8582	360.54437	121.8703	-3082.7192	588.80615	816.30444	1637.8251678943634
60	-2827.0051	1941.499	-1236.677	-8802.358	-2018.3295	1487.2091	-205.16933	-5321.102	400.0	400.0	359999	-603.7022	361.58154	82.134224	-3073.724	-603.69666	361.66617	97.949	-3048.6846	590.3471	796.5402	1665.0134754180908
61	-2984.969	2630.3843	-623.9206	-9779.726	-2947.2397	2115.4128	-453.5505	-6890.2437	400.0	400.0	365999	-605.55896	365.6402	45.071785	-3142.5579	-605.55475	365.7672	50.445114	-3033.3618	592.55914	839.5862	1693.0232763290405
62	-2278.9927	1649.1321	-700.9005	-7039.1274	-4300.6704	3859.299	-286.77798	-11312.724	400.0	400.0	371999	-593.15826	370.29514	28.134026	-3148.7163	-593.1561	370.40503	34.40734	-3066.5042	580.49274	865.7305	1720.4816737174988
63	-2973.3057	2041.95	-393.17123	-7724.8706	-2365.112	1428.8961	-643.2448	-5254.4453	400.0	400.0	377999	-592.5107	372.4723	30.8596	-3185.1716	-592.51764	372.47305	35.602425	-3077.5798	579.2958	839.94165	1746.8640382289886
64	-2629.5198	1665.8401	-703.93286	-6924.6157	-3499.4055	2227.761	-1198.3885	-6829.4106	400.0	400.0	383999	-600.4396	374.34082	26.205156	-3208.0964	-600.4517	374.3789	31.894726	-3042.294	587.4176	829.99677	1774.0569605827332
65	-2825.279	1636.8336	-280.9889	-5360.175	-3684.8374	3155.8772	-405.79126	-9096.668	400.0	400.0	389999	-608.70685	376.72577	29.26726	-3241.9336	-608.71747	376.73645	22.85182	-3047.1592	595.6555	818.38367	1802.4585609436035
66	-3907.0613	2814.6833	-747.3084	-12092.539	-3578.8315	3102.0627	-615.8104	-9298.232	400.0	400.0	395999	-617.9494	378.51636	41.44834	-3066.0315	-617.94946	378.59003	44.163147	-2976.7344	604.5338	804.72235	1830.0857651233673
67	-2396.9148	1382.8718	-558.9139	-6055.406	-2495.4595	1971.2832	-398.93243	-6347.1777	400.0	400.0	401999	-629.4714	382.9816	60.530132	-3225.6975	-629.4558	383.16336	58.733814	-3122.742	615.68494	830.1935	1857.8248031139374
68	-3591.492	2091.665	-845.01697	-9711.0625	-3349.3828	1638.9156	-612.4858	-6080.434	400.0	400.0	407999	-639.1504	391.4126	68.78135	-3289.1729	-639.13947	391.47662	68.21682	-3235.7935	626.11774	851.15784	1886.313692331314
69	-4127.504	2663.3762	-903.9521	-8871.036	-4218.6504	1829.8577	-2167.2356	-8274.5625	400.0	400.0	413999	-644.5592	392.5036	62.370193	-3458.9392	-644.55994	392.5279	62.184032	-3457.602	630.0929	852.04114	1914.1556556224823
70	-3014.2944	2077.6975	-832.369	-6942.8315	-3869.4048	5281.0127	-507.66068	-17839.271	400.0	400.0	419999	-659.8009	398.5362	42.16975	-3438.8357	-659.79535	398.61597	46.227596	-3401.7148	645.65826	888.40686	1947.3814053535461
71	-2148.3901	1387.6238	-653.0007	-5388.1226	-2937.8196	1415.7169	-1170.8555	-5311.774	400.0	400.0	425999	-663.56323	403.90506	39.553253	-3435.4192	-663.56433	404.0718	38.45697	-3364.415	649.68	900.9683	1974.7933888435364
72	-3294.445	1568.8715	-515.99194	-6054.5474	-2505.6077	1942.9982	-539.2374	-6780.7754	400.0	400.0	431999	-663.8804	412.46332	41.941093	-3506.7073	-663.8937	412.61536	8.423046	-3444.7651	650.642	889.89014	2002.2888419628143
73	-2610.4011	1935.9661	-516.8252	-8736.851	-1863.0787	1509.4258	-247.48657	-5068.9453	400.0	400.0	437999	-666.68225	417.63608	-2.3861332	-3580.106	-666.69275	417.7181	-11.892017	-3571.9426	654.1334	861.7662	2030.0318558216095
74	-2868.4111	2285.4417	-326.2777	-7984.0483	-4232.8545	3511.621	-236.44627	-12839.945	400.0	400.0	443999	-674.23987	425.88394	5.350713	-3687.1992	-674.26624	425.89136	5.259508	-3626.9172	662.1089	843.5547	2057.7416088581085
75	-3043.875	1968.9597	-579.32007	-8260.958	-2303.0535	1277.4586	-1040.7749	-4804.5547	400.0	400.0	449999	-675.8376	436.2099	6.660616	-3886.6282	-675.87494	436.20615	6.253191	-3814.1877	663.0287	849.0614	2085.2327914237976
76	-4257.15	2915.8298	-1076.9862	-10115.909	-3038.1255	2045.525	-909.3034	-6508.277	400.0	400.0	455999	-679.0081	441.94452	-5.6286993	-4011.688	-679.0391	441.92792	-12.898111	-4011.7764	665.22974	842.2975	2112.3814363479614
77	-3499.0503	2607.6497	-695.45984	-9290.415	-3291.8542	2945.2573	-682.4452	-10510.135	400.0	400.0	461999	-684.311	437.6753	22.272013	-4025.1414	-684.33496	437.68304	-24.819307	-3887.2766	671.903	832.46936	2143.4329302310944
78	-4238.092	5535.848	-626.9314	-23127.48	-2449.4604	2201.403	-844.7951	-8622.084	400.0	400.0	467999	-687.6898	431.35712	-34.67704	-4205.3916	-687.69464	431.32428	-19.544746	-4189.3496	674.17865	809.6825	2173.846526622772
79	-2790.7224	2229.602	-830.72833	-9884.485	-1613.0593	1012.3557	-730.69476	-4045.9517	400.0	400.0	473999	-686.3117	417.5567	-24.574509	-4255.8804	-686.31464	417.56564	-20.994867	-4283.4883	672.7599	837.5814	2201.9484763145447
80	-2827.6477	1695.1981	-528.9564	-7979.811	-2808.1758	1120.8053	-818.4652	-5134.424	400.0	400.0	479999	-704.37714	417.63107	-53.549347	-3985.7705	-704.38416	417.61578	-45.84382	-3983.6465	691.933	791.7988	2234.137029647827
81	-2691.8438	1859.8483	-720.2784	-7438.9043	-2898.96	1919.9067	-191.32121	-6019.3027	400.0	400.0	485999	-725.2978	424.4953	-77.62929	-3820.1729	-725.30457	424.59424	-62.614082	-3763.7214	712.1715	780.3803	2263.620657682419
82	-2201.2664	1359.614	-571.49316	-5894.694	-1507.9882	724.6271	-437.43134	-2746.5955	400.0	400.0	491999	-740.3065	432.30994	-90.790695	-3750.2766	-740.3084	432.47363	-116.83493	-3726.5242	728.44666	775.9975	2291.0973024368286
83	-2806.0085	2872.2637	-756.74066	-12168.084	-3114.5178	2715.5076	-644.15643	-9939.147	400.0	400.0	497999	-745.8709	430.8633	-151.0104	-3834.3872	-745.88586	431.02222	-152.44325	-3817.381	733.1197	765.6764	2317.725058078766
84	-2191.8228	1405.942	-548.3212	-5370.054	-2801.7866	2250.6697	-723.31775	-8601.566	400.0	400.0	503999	-744.86554	427.94238	-152.11609	-3841.6597	-744.88153	428.0943	-148.1903	-3832.8572	730.79376	768.43036	2345.9667398929596
85	-3219.1025	2912.8086	-437.52228	-11615.176	-2537.5718	2364.6182	-169.92064	-8578.155	400.0	400.0	509999	-740.6069	425.96967	-138.48615	-3836.3447	-740.63477	426.11337	-134.27028	-3819.3801	726.9715	774.8568	2373.8528702259064
86	-2242.8188	1491.0756	-847.51715	-6943.5005	-3214.7537	3100.7163	-630.50775	-9612.133	400.0	400.0	515999	-734.56036	411.69247	-93.288124	-3777.4575	-734.5742	411.8107	-124.77095	-3751.991	720.6391	778.0071	2401.7111077308655
87	-1920.5176	807.03613	-800.6672	-3689.3574	-5626.0366	5237.491	-1622.2728	-16107.344	400.0	400.0	521999	-725.799	390.5168	-107.053925	-3807.5627	-725.80225	390.59552	-88.80424	-3843.6816	711.5703	772.0965	2429.4395518302917
88	-2543.1208	1481.2815	-765.9696	-6726.3086	-2260.3264	1466.6666	-235.25159	-5058.2485	400.0	400.0	527999	-714.5148	375.35455	-150.16504	-3736.6326	-714.5215	375.4519	-158.48097	-3725.586	700.61285	782.7599	2456.9213061332703
89	-1938.7262	1575.3391	-323.56503	-6831.4644	-2805.2495	1646.5781	-873.03937	-6119.3013	400.0	400.0	533999	-702.886	363.60645	-139.7838	-3652.7275	-702.8952	363.6785	-146.32468	-3622.983	688.10675	798.46576	2484.4223732948303
90	-1994.174	1668.9989	-418.5318	-6513.544	-2996.9114	2107.592	-197.67781	-7160.44	400.0	400.0	539999	-692.94635	358.66534	-123.6055	-3565.691	-692.9618	358.69037	-133.10968	-3573.4963	677.59436	808.97156	2511.736366033554
91	-2382.4602	1268.4286	-654.55725	-4968.115	-3598.929	3284.5305	-897.60016	-12396.064	400.0	400.0	545999	-687.33716	352.9675	-99.17397	-3389.6848	-687.35516	353.03674	-102.600876	-3329.286	674.31586	791.9179	2539.423633813858
92	-3134.7996	2203.7908	-577.3294	-9664.891	-5214.8594	9297.3125	-541.8036	-32786.895	400.0	400.0	551999	-683.7332	354.06226	-82.66543	-3355.7664	-683.75507	354.06412	-81.59705	-3247.5833	670.4985	786.69073	2566.657740831375
93	-2650.3923	1433.562	-588.7532	-5512.02	-1986.2809	1247.3934	-326.9498	-3961.8926	400.0	400.0	557999	-680.9743	358.79495	-64.55251	-3391.4653	-680.9744	358.87613	-79.88705	-3379.3535	668.75745	790.463	2593.6400756835938
94	-3867.9624	3559.703	-751.3784	-14086.826	-3106.8809	2672.8733	-575.66003	-8193.393	400.0	400.0	563999	-674.94684	369.27277	-65.54816	-3320.8782	-674.9438	369.3514	-61.10031	-3338.4995	661.75714	773.3066	2620.918890953064
95	-3229.0378	3265.7922	-430.38916	-13977.737	-2817.4092	1370.7488	-836.56104	-5589.9995	400.0	400.0	569999	-683.61554	389.4029	-91.61307	-3405.8347	-683.61346	389.48566	-61.402336	-3426.331	671.01025	787.24335	2647.8122115135193
96	-2948.2202	1164.8936	-961.3364	-5650.741	-4617.294	5827.474	-925.5338	-21285.584	400.0	400.0	575999	-695.9771	406.81638	-99.07068	-3438.3806	-695.98206	406.89038	-90.533424	-3435.7551	683.61566	806.689	2675.9231476783752
97	-3315.3474	2455.859	-1231.1746	-10626.568	-3313.7468	3353.9333	-980.4435	-11942.779	400.0	400.0	581999	-700.62756	418.21124	-84.10963	-3607.7322	-700.6446	418.277	-67.25232	-3572.4167	687.5257	808.154	2703.836056470871
98	-2098.249	1483.2451	-361.8234	-5818.693	-2277.8193	1704.7704	-620.0565	-6759.0083	400.0	400.0	587999	-698.2249	424.84753	-81.59845	-4023.7659	-698.2266	424.9352	-72.51386	-4025.8296	685.9261	822.1551	2731.0509729385376
99	-2511.1687	2068.1897	-567.4397	-7386.5312	-3319.4644	2905.1282	-347.53787	-8578.6	400.0	400.0	593999	-693.3002	426.73453	-81.29475	-4055.72	-693.30804	426.8816	-76.65367	-4008.29	681.3675	813.60693	2757.6491420269012
100	-2427.09	2021.2926	-377.17236	-8778.999	-3284.2937	1643.6626	-845.6404	-5771.382	400.0	400.0	599999	-683.89606	428.2401	-60.7976	-4064.471	-683.9069	428.351	-49.646698	-4044.334	671.3144	790.341	2785.525449991226
