Epoch	AverageEpRet	StdEpRet	MaxEpRet	MinEpRet	AverageTestEpRet	StdTestEpRet	MaxTestEpRet	MinTestEpRet	EpLen	TestEpLen	TotalEnvInteracts	AverageQVals	StdQVals	MaxQVals	MinQVals	LossPi	LossQ	Time
1	-282.13754	26.273272	-251.42963	-337.14807	-212.16275	6.7004976	-200.9556	-226.84007	110.0	110.0	1649	-5.520023	2.0464396	0.2720347	-11.724143	5.210631	0.2472572	6.404489755630493
2	-277.4723	20.480995	-244.2549	-315.0216	-211.0905	2.5952168	-206.77696	-216.16652	110.0	110.0	3299	-16.210913	4.4786816	-7.127226	-29.584465	15.595526	0.059078507	15.809973239898682
3	-284.51425	23.13572	-264.6147	-360.8466	-207.64754	8.353863	-189.8157	-216.28917	110.0	110.0	4949	-30.099918	4.283978	-20.154112	-42.787525	29.36002	0.061821483	25.440997838974
4	-279.5881	24.258205	-250.81139	-317.9957	-201.71295	7.5964255	-186.99486	-211.3592	110.0	110.0	6599	-43.371574	4.180532	-32.740932	-57.254665	42.625237	0.08094189	35.2333607673645
5	-286.78574	23.148539	-253.07298	-333.77823	-207.1386	6.6930413	-192.63866	-216.4063	110.0	110.0	8249	-56.129135	4.1834555	-45.44399	-73.213905	55.370815	0.0967344	46.18474078178406
6	-290.50226	26.405771	-251.28569	-349.56384	-200.33209	14.540331	-176.68193	-217.5221	110.0	110.0	9899	-68.17736	4.1245556	-57.22783	-85.829735	67.381424	0.10646777	55.891157388687134
7	-282.5333	22.118122	-253.93993	-333.41434	-205.70398	9.79752	-191.58627	-217.21042	110.0	110.0	11549	-79.5813	4.041497	-67.98774	-96.00387	78.749535	0.1194162	65.11852669715881
8	-271.10538	13.423205	-245.33665	-297.54437	-207.10593	7.580341	-193.90312	-219.08391	110.0	110.0	13199	-90.39297	4.0382595	-78.40877	-106.5403	89.56493	0.13010587	74.5512387752533
9	-282.78885	28.474222	-245.90451	-346.15848	-210.84534	7.147711	-194.95683	-217.53806	110.0	110.0	14849	-100.79521	4.068413	-88.91116	-116.47317	99.97468	0.1379212	83.91981339454651
10	-289.90585	31.501215	-251.72444	-353.54272	-201.87393	9.4168415	-183.7803	-213.94415	110.0	110.0	16499	-110.74972	4.0848413	-98.156685	-126.36388	109.92585	0.14590643	93.1084406375885
11	-278.1959	24.264645	-238.34433	-327.78134	-199.65753	20.55264	-150.72458	-216.89133	110.0	110.0	18149	-120.24551	4.132285	-107.137146	-136.17635	119.4015	0.15796788	102.58073139190674
12	-270.71454	31.684605	-226.15877	-362.55478	-206.77408	9.089346	-190.34135	-218.23503	110.0	110.0	19799	-129.25041	4.1494446	-116.403885	-144.90099	128.40814	0.16642584	111.98788738250732
13	-207.01839	25.254725	-164.61745	-267.13202	-192.77197	16.083645	-164.23434	-212.9095	110.0	110.0	21449	-137.83438	4.1952863	-124.69299	-154.47327	137.02106	0.17508732	121.29876375198364
14	-201.10661	13.125592	-160.87431	-215.42221	-198.4751	26.334517	-145.29799	-219.1308	110.0	110.0	23099	-145.747	4.3536243	-131.6847	-163.1186	144.97818	0.17781593	131.0221767425537
15	-200.75978	14.151283	-170.3615	-222.61673	-187.17406	28.849613	-123.289444	-217.2546	110.0	110.0	24749	-153.29124	4.4924755	-139.04083	-171.84117	152.56375	0.17753202	140.682354927063
16	-198.4377	18.11764	-164.26775	-224.25446	-200.23563	12.994465	-177.95201	-215.74269	110.0	110.0	26399	-160.55698	4.645466	-146.55988	-179.51218	159.86984	0.17677693	150.10831212997437
17	-196.47404	13.549882	-167.86623	-218.85529	-182.46333	27.211378	-123.81303	-213.57904	110.0	110.0	28049	-167.57855	4.802732	-153.38263	-187.24426	166.92697	0.17499715	159.57105994224548
18	-203.74583	11.027595	-179.86113	-217.07689	-199.855	12.477503	-174.6654	-214.75114	110.0	110.0	29699	-174.25716	4.954871	-160.0852	-195.40776	173.63629	0.17773227	168.98022055625916
19	-195.97728	17.84433	-144.09271	-215.80022	-192.50403	17.369526	-145.34389	-208.75122	110.0	110.0	31349	-180.72386	5.0895844	-166.40536	-202.30438	180.12984	0.17835246	178.48035502433777
20	-188.00429	19.094818	-143.10739	-211.73846	-198.34972	15.42887	-163.63828	-218.3068	110.0	110.0	32999	-186.81555	5.259275	-172.2586	-208.9933	186.24083	0.18262959	188.17742490768433
21	-194.25945	10.052906	-175.47102	-209.22058	-191.91048	21.625624	-145.1746	-213.76701	110.0	110.0	34649	-192.63924	5.444086	-177.5238	-215.48706	192.09137	0.19046505	196.91571140289307
22	-190.21342	21.44128	-135.24275	-214.5926	-194.306	16.82949	-155.36308	-216.30612	110.0	110.0	36299	-198.22263	5.605	-182.02206	-223.17232	197.69463	0.19564438	204.82406902313232
23	-197.23625	16.7351	-160.8875	-220.34769	-196.46814	13.55109	-174.97159	-213.66095	110.0	110.0	37949	-203.5481	5.8096857	-186.8054	-228.54759	203.0345	0.20332165	212.76447224617004
24	-198.47974	10.331318	-179.13336	-220.95891	-183.26895	11.821538	-166.52829	-201.83731	110.0	110.0	39599	-208.58739	6.0639052	-191.34369	-235.13596	208.07828	0.21334347	220.79645037651062
25	-196.8744	14.724842	-165.71548	-214.26035	-178.16751	30.498825	-105.07895	-212.86107	110.0	110.0	41249	-213.41406	6.221088	-195.54388	-240.69746	212.91698	0.21257332	228.7941117286682
26	-197.36209	12.943968	-160.22888	-214.03752	-186.92862	28.806038	-125.65397	-213.83485	110.0	110.0	42899	-217.91379	6.379184	-199.63441	-245.7684	217.42825	0.21524258	236.62863516807556
27	-186.66559	19.83792	-156.55055	-226.1739	-185.79977	17.980844	-152.39868	-213.7718	110.0	110.0	44549	-222.19998	6.535899	-203.25568	-249.68842	221.73174	0.21431346	244.78142189979553
28	-190.97975	20.493242	-145.66663	-212.8307	-192.49353	13.020739	-165.70584	-208.59004	110.0	110.0	46199	-226.47011	6.7184086	-207.06776	-255.34093	226.00743	0.21890318	254.08629989624023
29	-182.65207	22.347647	-142.54819	-216.8291	-176.38019	30.562298	-118.96248	-209.1486	110.0	110.0	47849	-230.39629	6.9962792	-210.2973	-260.13016	229.94113	0.22340979	263.93451619148254
30	-188.49023	16.603159	-159.3959	-214.6199	-168.501	24.87016	-128.30739	-202.97437	110.0	110.0	49499	-234.10696	7.2323685	-213.5009	-264.1463	233.65123	0.22547147	273.69244599342346
31	-189.26205	14.59415	-159.72932	-215.30902	-172.30405	26.676966	-129.7522	-205.03336	110.0	110.0	51149	-237.51619	7.434451	-216.90463	-268.7689	237.06367	0.22896355	283.4201364517212
32	-184.52113	20.83059	-144.94562	-210.8674	-182.66983	19.481314	-134.69911	-208.27858	110.0	110.0	52799	-240.73871	7.5979037	-219.857	-271.48804	240.29977	0.2360676	293.157262802124
33	-186.58112	16.048576	-159.78253	-215.93863	-183.70862	22.992247	-151.27786	-215.85356	110.0	110.0	54449	-243.73352	7.8948755	-222.93512	-276.05542	243.30214	0.24225752	301.0378997325897
34	-188.9362	16.878948	-161.93436	-214.01979	-174.42923	17.95779	-141.70828	-198.55109	110.0	110.0	56099	-246.6039	8.182537	-225.15639	-280.84872	246.18018	0.24297927	309.38626050949097
35	-182.46725	18.93439	-142.00826	-210.72632	-187.66626	19.03922	-158.34782	-204.53136	110.0	110.0	57749	-249.3593	8.381576	-227.35872	-283.62628	248.94391	0.2490274	317.75149154663086
36	-179.60973	23.46882	-128.28123	-209.68515	-181.01064	25.760838	-133.37143	-209.1232	110.0	110.0	59399	-251.92917	8.59656	-229.7679	-286.79333	251.51917	0.2536673	327.5217225551605
37	-191.30617	16.257332	-157.25948	-211.17165	-173.88489	20.493465	-134.73875	-206.97456	110.0	110.0	61049	-254.38393	8.960552	-231.54063	-290.44363	253.98027	0.255169	337.2781894207001
38	-186.81285	14.553548	-149.09714	-209.94505	-171.0159	15.124046	-140.62012	-189.63828	110.0	110.0	62699	-256.6031	9.255343	-233.62482	-293.4257	256.20032	0.25776023	346.7667441368103
39	-178.589	18.702774	-142.08945	-209.56067	-173.24968	20.87892	-142.4363	-206.90662	110.0	110.0	64349	-258.73853	9.568	-235.25421	-296.3568	258.331	0.26585394	356.4855284690857
40	-191.26044	19.532152	-155.25304	-217.08725	-194.13223	19.821531	-148.873	-212.4597	110.0	110.0	65999	-260.59186	9.801472	-236.95865	-299.11963	260.1859	0.26857957	365.8676972389221
41	-181.19414	17.425467	-138.7453	-205.67264	-183.32823	25.851744	-130.67215	-212.15814	110.0	110.0	67649	-262.4727	10.053528	-238.28064	-301.47964	262.0686	0.27063423	373.7429485321045
42	-167.86766	26.701988	-120.97997	-212.46136	-186.95221	15.996924	-148.73035	-205.85844	110.0	110.0	69299	-264.06882	10.238793	-239.98166	-304.00745	263.67	0.27583534	381.4909062385559
43	-183.43837	33.39775	-93.28636	-208.65971	-185.05756	18.125284	-153.2569	-207.44029	110.0	110.0	70949	-265.5703	10.479601	-241.4227	-306.19717	265.17334	0.28314704	389.398775100708
44	-179.54819	14.998365	-149.83281	-200.63821	-180.44339	22.617506	-145.01631	-212.85686	110.0	110.0	72599	-267.05704	10.717776	-242.20045	-308.64346	266.6658	0.28581327	397.4731352329254
45	-191.12053	16.464445	-159.79097	-215.12474	-177.538	28.664616	-103.24506	-210.46596	110.0	110.0	74249	-268.5264	10.923297	-243.16841	-310.90198	268.13596	0.28761673	405.52213859558105
46	-184.80136	26.354225	-125.28559	-221.903	-173.84409	33.076103	-86.87294	-204.63477	110.0	110.0	75899	-269.81693	11.190016	-244.19153	-311.4343	269.41956	0.29531768	413.5627393722534
47	-176.92255	25.328602	-126.4056	-204.06155	-182.12486	18.924793	-142.31042	-200.71315	110.0	110.0	77549	-270.78354	11.343699	-244.7094	-313.04614	270.3877	0.29655004	421.6162157058716
48	-181.59062	22.244724	-130.24602	-204.31305	-189.55173	15.058744	-166.46275	-204.20688	110.0	110.0	79199	-271.8375	11.495347	-245.59093	-314.33575	271.4414	0.30250722	429.7329194545746
49	-181.6439	18.766237	-150.36818	-210.96591	-179.76414	24.21229	-127.465065	-206.70174	110.0	110.0	80849	-272.6512	11.68917	-246.3969	-315.6145	272.24875	0.30673078	437.81668996810913
50	-177.62486	23.690653	-132.36656	-213.93333	-172.12361	22.942142	-145.20667	-223.64482	110.0	110.0	82499	-273.3665	11.866365	-246.65724	-316.57056	272.9619	0.3089361	445.71485471725464
51	-184.54105	23.006264	-148.34488	-233.07092	-167.89871	30.749277	-120.19108	-202.23375	110.0	110.0	84149	-274.02603	12.137489	-246.9983	-317.8614	273.63193	0.3108889	453.67152428627014
52	-185.90742	18.678143	-151.64651	-219.94902	-172.42305	26.265827	-135.3782	-218.37039	110.0	110.0	85799	-274.72955	12.381896	-246.98763	-318.91776	274.3291	0.31646913	463.5378386974335
53	-178.52525	20.33571	-143.81418	-205.08995	-167.27449	23.639565	-125.026955	-197.429	110.0	110.0	87449	-275.3416	12.659137	-247.03154	-319.89154	274.95044	0.31658876	473.2765407562256
54	-187.7061	22.515076	-126.57658	-216.94875	-178.21155	15.570639	-154.90756	-203.77654	110.0	110.0	89099	-275.895	12.961479	-246.80121	-320.57135	275.50043	0.3208633	482.7819137573242
55	-174.21883	21.950027	-136.07541	-213.36023	-173.63547	24.744629	-135.04213	-205.68806	110.0	110.0	90749	-276.42157	13.263219	-246.49344	-321.86935	276.02966	0.328754	492.5208225250244
56	-174.67781	24.029518	-138.30673	-213.04913	-181.95291	24.298576	-129.47775	-213.26091	110.0	110.0	92399	-276.79703	13.571763	-246.33109	-322.98523	276.41226	0.32695106	502.13966631889343
57	-166.3186	28.740307	-119.62235	-219.89476	-183.55441	18.75215	-154.77608	-213.94873	110.0	110.0	94049	-277.14682	13.853629	-245.6149	-323.66122	276.75995	0.33133245	510.6743016242981
58	-169.75919	23.160864	-121.1492	-202.84044	-177.14221	26.555698	-127.85322	-209.06628	110.0	110.0	95699	-277.49783	14.187869	-244.58376	-324.9729	277.1083	0.3368414	518.7540276050568
59	-167.27098	28.866547	-104.648285	-209.55496	-164.14359	19.911634	-138.07715	-205.6756	110.0	110.0	97349	-277.7335	14.5110855	-243.902	-325.73477	277.33728	0.33678037	526.7886204719543
60	-169.85126	24.215794	-118.81796	-207.9648	-163.31358	32.543056	-93.50135	-198.1396	110.0	110.0	98999	-277.65683	14.768077	-242.80849	-326.97794	277.25858	0.3386554	534.9485578536987
61	-171.41415	21.43293	-138.96968	-205.52519	-173.5892	21.503414	-147.19324	-220.80869	110.0	110.0	100649	-277.55106	15.11035	-241.84874	-327.49005	277.14243	0.34279215	543.0010275840759
62	-164.17169	16.765408	-122.97305	-187.52267	-149.82204	31.679451	-94.31781	-192.5875	110.0	110.0	102299	-277.4979	15.415939	-240.56627	-328.10788	277.0798	0.35776463	550.8673174381256
63	-174.63852	19.10781	-134.67496	-205.32324	-157.65488	32.387016	-112.82501	-219.73163	110.0	110.0	103949	-277.3213	15.812428	-238.79105	-328.85443	276.89948	0.35488778	558.7536339759827
64	-154.88329	33.725456	-99.8517	-206.36435	-171.5463	23.367739	-125.201256	-207.16393	110.0	110.0	105599	-276.96234	16.254978	-237.235	-329.30902	276.53815	0.358064	566.8838722705841
65	-169.61429	30.750952	-100.819534	-210.68279	-171.11719	19.91364	-127.34663	-199.87738	110.0	110.0	107249	-276.55908	16.647707	-234.74841	-329.8087	276.13763	0.36495465	574.7651646137238
66	-176.97394	26.425774	-138.81462	-231.55324	-172.15765	25.750559	-140.06952	-238.13202	110.0	110.0	108899	-276.24942	17.09436	-233.59651	-331.04855	275.8251	0.36716837	582.8541672229767
67	-172.77974	20.960981	-125.258995	-201.04005	-162.88423	36.947014	-72.43381	-210.01953	110.0	110.0	110549	-275.90506	17.495043	-231.67073	-332.2775	275.49393	0.38188824	591.0328652858734
68	-173.95457	20.23581	-139.564	-208.94041	-183.31332	29.583458	-131.6865	-234.63641	110.0	110.0	112199	-275.77423	17.967257	-230.35858	-335.00452	275.36996	0.38091907	599.194860458374
69	-176.01082	21.524174	-129.0239	-209.82222	-156.24768	27.467316	-127.28483	-219.79074	110.0	110.0	113849	-275.51102	18.366203	-229.03752	-336.10007	275.10565	0.38052142	607.2362096309662
70	-166.89664	24.593233	-130.55162	-223.87721	-170.73154	45.394596	-43.39709	-206.93034	110.0	110.0	115499	-275.1745	18.764723	-227.47256	-335.9881	274.77304	0.38401297	615.3982512950897
71	-167.02414	33.4878	-99.105194	-210.00539	-162.76982	20.291197	-131.7185	-203.97011	110.0	110.0	117149	-274.70734	19.161512	-226.14442	-336.32712	274.3035	0.3771974	623.5179491043091
72	-166.63931	29.995134	-112.232414	-219.7694	-167.98451	31.647404	-84.18888	-200.42157	110.0	110.0	118799	-274.47165	19.72094	-225.09433	-337.55188	274.0759	0.3910613	631.5054407119751
73	-159.50586	27.343447	-108.1804	-204.55714	-172.43658	26.007643	-121.42128	-222.15791	110.0	110.0	120449	-273.87234	20.17133	-223.47678	-336.95737	273.47006	0.38523754	639.5584006309509
74	-167.75133	24.644323	-123.28568	-212.54974	-170.17043	22.667622	-123.70586	-206.8238	110.0	110.0	122099	-273.63623	20.479237	-222.438	-336.91516	273.2435	0.37929577	647.7365159988403
75	-159.3719	14.277923	-143.34418	-191.09654	-175.38933	34.47797	-99.10125	-216.17368	110.0	110.0	123749	-273.32846	20.79098	-220.98807	-336.91885	272.93967	0.3775236	655.8597211837769
76	-176.96138	19.98676	-149.47978	-210.12976	-162.88422	27.755875	-103.62008	-200.14885	110.0	110.0	125399	-273.00146	21.15808	-219.44699	-337.04263	272.6152	0.3712176	663.7328886985779
77	-173.44304	32.150402	-82.60244	-217.22507	-163.71268	41.650967	-48.84653	-203.95694	110.0	110.0	127049	-272.6147	21.532	-218.3835	-338.55347	272.2294	0.3723097	671.635332107544
78	-171.57448	23.609467	-112.28226	-209.59006	-175.1691	30.754063	-117.32461	-215.87163	110.0	110.0	128699	-272.5437	21.802958	-216.92107	-339.71014	272.1544	0.3729228	679.8822495937347
79	-169.69635	24.032991	-128.3288	-204.26152	-161.99197	35.058083	-85.55059	-202.63237	110.0	110.0	130349	-271.98508	22.05396	-215.75543	-339.74023	271.59778	0.3693333	689.3876824378967
80	-165.89684	14.495852	-127.488464	-191.23654	-180.02959	22.549753	-131.00237	-206.94777	110.0	110.0	131999	-271.59995	22.417124	-214.66975	-340.77258	271.21118	0.36465532	699.2865626811981
81	-166.5049	26.037361	-95.91814	-199.55151	-164.92899	19.018538	-138.00981	-204.26384	110.0	110.0	133649	-271.10413	22.779047	-213.6355	-341.63992	270.71527	0.36373147	709.1502385139465
82	-161.11787	18.683569	-124.033676	-194.51657	-173.0344	25.560324	-128.53105	-206.99702	110.0	110.0	135299	-270.67392	23.103949	-212.59064	-341.8921	270.289	0.36613667	718.7219505310059
83	-164.10971	22.536112	-122.12543	-203.73914	-170.88808	35.777966	-92.44048	-217.29213	110.0	110.0	136949	-270.40823	23.23907	-211.7871	-342.22015	270.01263	0.36819795	726.9397523403168
84	-160.26335	15.210564	-118.70264	-180.17833	-151.78401	27.923944	-101.80604	-185.74559	110.0	110.0	138599	-269.74887	23.539663	-210.46141	-342.56866	269.35132	0.36827323	734.8648724555969
85	-153.22372	25.306345	-96.79316	-188.75601	-160.06384	41.713562	-88.09669	-213.77216	110.0	110.0	140249	-269.20166	23.747719	-209.18503	-342.75595	268.80127	0.37469962	743.0207328796387
86	-162.14348	21.753584	-118.150894	-199.81145	-151.19394	27.96217	-94.55299	-190.72092	110.0	110.0	141899	-268.56058	24.017206	-207.4982	-343.86182	268.1574	0.3691483	751.0860042572021
87	-162.62558	30.111351	-97.465004	-198.08115	-162.754	34.36338	-92.71134	-212.32198	110.0	110.0	143549	-268.02545	24.279423	-206.48381	-343.77942	267.62207	0.36945727	759.1968214511871
88	-179.06554	32.49311	-110.04368	-238.5944	-155.93365	27.586744	-101.14655	-197.55798	110.0	110.0	145199	-267.47955	24.514332	-205.44913	-343.81174	267.07874	0.3677357	767.2209327220917
89	-168.01698	31.994734	-113.37716	-226.16869	-150.56538	28.58095	-107.04302	-183.09825	110.0	110.0	146849	-266.99008	24.685345	-203.90483	-344.1002	266.58163	0.36978486	775.3912532329559
90	-162.11313	22.316961	-113.429535	-197.7269	-178.18118	19.952827	-149.2336	-207.87149	110.0	110.0	148499	-266.47424	24.862394	-202.46895	-344.48938	266.06955	0.36392	783.5045359134674
91	-153.8099	32.685898	-79.63044	-203.99113	-162.10341	19.821526	-135.55328	-192.3686	110.0	110.0	150149	-265.72006	24.997059	-201.00722	-344.49884	265.31934	0.365445	791.5945174694061
92	-159.95834	18.11153	-129.5838	-189.76599	-146.2643	34.816967	-104.76482	-203.91292	110.0	110.0	151799	-265.16223	25.131182	-199.70595	-345.06754	264.76022	0.37284064	799.8057656288147
93	-159.0862	21.084017	-126.83429	-193.65	-167.50232	26.86952	-115.49812	-195.76353	110.0	110.0	153449	-264.63718	25.244993	-198.07358	-345.45502	264.23227	0.36830994	807.7906210422516
94	-153.00438	25.702503	-111.24877	-189.92897	-150.86313	20.91666	-113.56366	-187.15965	110.0	110.0	155099	-263.99594	25.388895	-196.8571	-345.43976	263.59607	0.36884168	815.9602720737457
95	-150.50258	27.092434	-108.83139	-200.15063	-164.64815	23.863045	-128.62798	-207.22704	110.0	110.0	156749	-263.36206	25.48131	-195.72989	-346.08902	262.95337	0.36828813	824.0166263580322
96	-164.48349	21.781656	-132.92674	-199.71063	-170.74402	24.11285	-124.94472	-206.87706	110.0	110.0	158399	-262.79794	25.548967	-194.7157	-346.86417	262.3942	0.36563566	832.0037858486176
97	-157.0994	29.463593	-87.90219	-196.68657	-154.5361	20.288027	-126.488045	-187.39714	110.0	110.0	160049	-262.07336	25.62073	-193.73581	-347.7096	261.6727	0.37300038	840.099755525589
98	-162.97519	31.326645	-113.12278	-219.35506	-176.50105	20.908043	-135.62718	-206.99615	110.0	110.0	161699	-261.41724	25.793007	-192.79184	-347.5477	261.02887	0.3699421	848.1502826213837
99	-163.0379	28.821945	-114.52732	-205.0865	-164.5565	12.596532	-134.05307	-177.1512	110.0	110.0	163349	-261.02707	25.989132	-191.82861	-347.65756	260.6433	0.36729443	856.4825356006622
100	-147.15143	22.31016	-108.02008	-194.74255	-145.97716	24.287464	-91.22715	-177.63278	110.0	110.0	164999	-260.4516	26.098316	-190.94008	-348.75156	260.05917	0.3709879	868.0245251655579
101	-159.86427	25.99669	-101.20187	-211.38133	-162.25081	29.12331	-80.507614	-192.06424	110.0	110.0	166649	-260.03906	26.245663	-190.82489	-347.7023	259.65463	0.37448537	879.2164165973663
102	-161.27882	23.794106	-108.959145	-201.34328	-174.2829	35.475517	-105.80858	-212.32939	110.0	110.0	168299	-259.43805	26.266512	-189.96335	-348.07858	259.05435	0.36948633	889.0503947734833
103	-162.73805	32.567875	-75.57327	-203.97427	-166.95837	35.01761	-80.08438	-210.2707	110.0	110.0	169949	-259.01917	26.24521	-189.95998	-348.48148	258.63824	0.3632662	899.0089223384857
104	-166.57109	26.047237	-119.54293	-207.32635	-162.00931	27.746004	-106.55097	-197.57672	110.0	110.0	171599	-258.43893	26.393337	-189.77477	-349.7169	258.0674	0.37196302	910.1352832317352
105	-154.67427	27.026306	-116.14133	-211.97223	-163.36255	36.359203	-84.14411	-202.80695	110.0	110.0	173249	-258.05417	26.47808	-189.45679	-350.10623	257.67624	0.3716241	920.3918039798737
106	-175.88774	19.862139	-141.64761	-204.88365	-159.03989	35.73518	-87.38597	-209.64388	110.0	110.0	174899	-257.65506	26.401363	-189.57541	-350.912	257.28073	0.37227857	931.6847057342529
107	-177.22964	18.807909	-132.33229	-204.30977	-176.04259	18.478304	-141.31566	-202.76994	110.0	110.0	176549	-257.44992	26.396423	-189.4699	-351.63443	257.08435	0.37897897	941.3210670948029
108	-166.55182	22.493362	-127.49007	-203.81049	-162.93369	23.99959	-127.50222	-199.076	110.0	110.0	178199	-257.1186	26.275936	-189.22224	-352.17764	256.74774	0.37132314	950.9472460746765
109	-167.23386	21.223888	-107.467384	-194.86139	-164.47238	34.362232	-105.56332	-197.86168	110.0	110.0	179849	-256.86545	26.219501	-189.73271	-352.72583	256.4951	0.38028127	962.3323845863342
110	-160.42137	23.76666	-116.65033	-203.79655	-161.69553	29.99582	-124.16905	-226.0464	110.0	110.0	181499	-256.45428	26.167055	-189.83058	-353.33817	256.0889	0.37540948	973.3900442123413
111	-172.1347	20.121977	-137.41356	-204.06201	-159.51244	25.69824	-107.258835	-189.36696	110.0	110.0	183149	-255.94	26.128786	-189.7268	-354.40607	255.57466	0.37815168	984.4517643451691
112	-162.30437	26.525547	-102.53374	-199.86911	-179.61101	20.167639	-150.39018	-209.40996	110.0	110.0	184799	-255.83084	26.022825	-189.40668	-355.15558	255.46776	0.37203485	996.6207082271576
113	-169.00348	16.779476	-144.32748	-203.5214	-172.56044	37.500942	-95.94516	-215.28339	110.0	110.0	186449	-255.62228	26.047989	-188.84526	-354.62732	255.25545	0.37072098	1007.88920378685
114	-160.39766	19.022497	-128.87016	-188.2328	-155.69073	28.564003	-116.38122	-194.55455	110.0	110.0	188099	-255.11084	26.01185	-188.33145	-354.78928	254.74422	0.37599728	1018.8586168289185
115	-159.38744	23.25712	-117.500435	-198.84116	-147.74072	22.907343	-95.560104	-178.09247	110.0	110.0	189749	-254.7263	25.999157	-187.7966	-355.50363	254.36044	0.36271092	1028.874386548996
116	-155.49785	25.666143	-112.152954	-204.52505	-160.27596	20.449713	-131.71748	-195.31273	110.0	110.0	191399	-254.47539	25.93152	-187.55977	-354.8376	254.11465	0.37774602	1039.8122050762177
117	-168.0583	27.575182	-106.07911	-202.73372	-167.79628	24.214302	-125.56169	-198.24832	110.0	110.0	193049	-254.19164	25.838734	-187.62053	-354.40552	253.82892	0.38141853	1051.3357908725739
118	-162.42448	19.04974	-132.79858	-188.60933	-153.59409	21.535402	-123.30136	-191.83952	110.0	110.0	194699	-253.8751	25.95281	-187.18265	-353.8823	253.52235	0.37392932	1062.4900867938995
119	-169.82545	20.21381	-138.47925	-202.26028	-162.13895	28.233725	-100.92405	-198.61647	110.0	110.0	196349	-253.64157	25.937416	-186.93997	-350.1606	253.28732	0.3734626	1076.3367154598236
120	-158.09253	20.992601	-111.706154	-204.03674	-160.74107	36.17416	-84.9758	-194.24422	110.0	110.0	197999	-253.24532	25.96421	-186.69644	-353.93762	252.89047	0.37922293	1088.1000187397003
121	-166.42426	23.947456	-120.66768	-213.24626	-170.4367	25.34174	-111.49754	-193.7741	110.0	110.0	199649	-252.91573	26.047901	-186.61845	-353.1167	252.55896	0.3788316	1100.1927778720856
122	-155.32076	23.82948	-101.47121	-191.12767	-173.33662	20.947735	-134.47711	-204.87386	110.0	110.0	201299	-252.61615	26.0318	-185.96545	-351.87943	252.26117	0.37601584	1110.2269968986511
123	-166.89497	19.372177	-132.47989	-193.82948	-161.63579	24.476948	-119.624855	-199.39977	110.0	110.0	202949	-252.4465	26.104773	-185.79533	-351.64954	252.10121	0.3734666	1120.148293018341
124	-151.35585	27.501875	-99.63649	-197.87518	-143.82413	37.503624	-98.29953	-210.42926	110.0	110.0	204599	-252.10281	26.151854	-185.59172	-350.5564	251.75314	0.3721993	1129.845673084259
125	-157.49884	23.468193	-120.1986	-200.86455	-159.7626	18.893843	-122.612175	-181.30586	110.0	110.0	206249	-251.79878	26.147469	-185.43227	-350.75412	251.44276	0.37671134	1139.7248439788818
126	-162.27364	20.046015	-119.40161	-194.38667	-167.9131	21.28764	-133.71875	-204.8765	110.0	110.0	207899	-251.4223	26.219196	-185.34694	-350.0927	251.07602	0.3711984	1149.375409603119
127	-169.89355	31.959772	-89.23353	-215.50266	-169.86057	17.843426	-140.71724	-203.71895	110.0	110.0	209549	-251.13089	26.202232	-184.6565	-349.72498	250.78424	0.36754388	1159.0601871013641
128	-162.64648	19.381763	-134.73538	-199.73195	-141.84409	33.852596	-78.49952	-195.12599	110.0	110.0	211199	-251.05525	26.308035	-184.2877	-348.3557	250.70583	0.3804134	1168.9691483974457
129	-166.34322	21.512972	-115.227196	-207.02429	-155.64285	26.047094	-114.095566	-197.76357	110.0	110.0	212849	-250.64684	26.418264	-183.8534	-346.93622	250.29497	0.36572164	1179.1987278461456
130	-156.65219	29.805666	-98.23898	-198.68268	-176.75723	24.122927	-110.96165	-196.54102	110.0	110.0	214499	-250.50478	26.47691	-183.11133	-345.77243	250.15054	0.3846226	1189.829197883606
131	-143.78558	27.375658	-98.22265	-193.8302	-170.17824	15.172625	-141.89595	-190.69067	110.0	110.0	216149	-250.24223	26.423574	-182.62985	-344.29666	249.89133	0.38017815	1199.7466459274292
132	-162.87547	20.148775	-136.73286	-199.39372	-160.6949	27.061296	-109.02256	-197.55966	110.0	110.0	217799	-249.98155	26.51268	-182.30618	-341.20166	249.62914	0.37574935	1209.805623292923
133	-164.121	29.889284	-112.73844	-217.8397	-173.09105	15.543005	-141.89836	-198.13556	110.0	110.0	219449	-249.51326	26.468555	-181.97382	-339.95175	249.16272	0.37467775	1221.835135936737
134	-156.61069	26.705296	-107.68136	-194.03238	-174.19449	30.493614	-127.73204	-212.26544	110.0	110.0	221099	-249.15399	26.445032	-181.6539	-335.899	248.81157	0.3691853	1233.932354927063
135	-169.05919	25.209707	-116.941986	-203.87044	-170.23819	27.064318	-111.07854	-198.83098	110.0	110.0	222749	-248.97845	26.436398	-181.748	-337.21738	248.62856	0.36729518	1243.6132502555847
136	-160.77176	23.800434	-132.03825	-212.99728	-157.34384	32.943844	-91.80928	-190.03731	110.0	110.0	224399	-248.69238	26.38093	-181.78874	-334.5859	248.34235	0.36541083	1253.7269854545593
137	-164.746	16.754583	-138.2075	-208.06717	-174.96533	13.9349375	-150.26033	-196.26302	110.0	110.0	226049	-248.41348	26.48543	-182.07822	-333.84973	248.06784	0.36437312	1265.196625471115
138	-158.3515	23.348742	-108.46741	-208.11021	-173.16519	17.117548	-146.90825	-198.46558	110.0	110.0	227699	-248.08107	26.37624	-182.2038	-332.8542	247.72455	0.37010926	1275.9231224060059
139	-161.32687	31.144964	-102.75248	-206.90012	-147.92404	29.398909	-100.65011	-186.49472	110.0	110.0	229349	-247.85307	26.228592	-182.73566	-331.5482	247.50386	0.36091226	1286.3934094905853
140	-168.59724	24.10405	-128.26724	-216.30928	-173.78311	25.439772	-133.30904	-202.64517	110.0	110.0	230999	-247.43062	26.165487	-182.91264	-328.73514	247.08098	0.3659449	1297.039344549179
141	-171.2491	21.057087	-124.20449	-198.04567	-178.1564	20.075485	-146.89955	-213.81721	110.0	110.0	232649	-247.33191	26.15752	-182.9538	-331.16156	246.98557	0.36630577	1308.2397754192352
142	-171.80089	16.10726	-147.32225	-199.82455	-156.17928	35.844402	-97.69187	-203.0003	110.0	110.0	234299	-247.04065	26.077793	-183.40619	-330.61353	246.69951	0.36058623	1317.9268543720245
143	-158.73419	26.47987	-98.906136	-196.35397	-161.58304	33.07876	-98.60773	-203.55751	110.0	110.0	235949	-246.89952	25.897995	-183.31166	-330.97385	246.55765	0.36784866	1327.63853764534
144	-169.12465	26.538929	-109.993546	-209.23618	-166.72395	28.92943	-134.87244	-212.98082	110.0	110.0	237599	-246.75372	25.866377	-183.52077	-330.6983	246.42485	0.3629565	1337.1800854206085
145	-171.47052	27.097422	-124.263954	-214.40309	-172.11153	27.562525	-111.36478	-202.16605	110.0	110.0	239249	-246.58026	25.688192	-183.70245	-330.48325	246.24614	0.3647395	1347.278818845749
146	-169.57373	25.393654	-120.84586	-198.17116	-160.59477	40.00082	-90.18312	-207.32521	110.0	110.0	240899	-246.49568	25.580048	-184.20016	-331.78748	246.16757	0.36267263	1359.8540964126587
147	-166.11201	20.446949	-121.64802	-206.814	-174.10956	23.701038	-133.36714	-199.46652	110.0	110.0	242549	-246.40965	25.410896	-184.52977	-329.56915	246.08014	0.3693038	1373.1744327545166
148	-173.57732	23.920511	-132.25552	-213.80879	-161.28944	24.830519	-101.78973	-196.67525	110.0	110.0	244199	-246.39633	25.33218	-184.8733	-332.22614	246.07477	0.3713709	1383.2141499519348
149	-173.93353	25.585522	-129.7513	-222.1194	-161.78084	40.9616	-91.48514	-199.55803	110.0	110.0	245849	-246.30635	25.15046	-185.39217	-331.77325	245.98436	0.36503133	1392.766701221466
150	-166.91348	16.555243	-136.92825	-203.19714	-184.44753	13.453183	-162.9605	-211.34515	110.0	110.0	247499	-246.2048	25.026926	-185.79175	-330.78543	245.88716	0.36473042	1402.4906911849976
151	-171.29248	21.033005	-139.18477	-206.56583	-169.33527	22.733835	-117.959595	-194.38744	110.0	110.0	249149	-246.16792	24.994753	-185.88824	-331.37503	245.84532	0.361467	1412.3331196308136
152	-160.94283	18.51273	-131.25668	-184.01137	-156.9623	19.462269	-134.24376	-193.18262	110.0	110.0	250799	-246.22403	24.773617	-186.09866	-332.36234	245.91121	0.36474842	1422.1856837272644
153	-165.9005	18.511923	-136.64972	-196.90399	-161.45096	17.84109	-135.94765	-188.85043	110.0	110.0	252449	-245.98152	24.80791	-186.27814	-329.04077	245.6641	0.36285934	1431.8546657562256
154	-169.99419	22.235682	-132.35818	-199.07658	-170.70668	16.802826	-142.04596	-204.53043	110.0	110.0	254099	-246.10367	24.752262	-186.42854	-328.79404	245.77606	0.35896233	1441.531882762909
155	-166.50093	29.278044	-104.23786	-205.55885	-183.3721	15.623317	-159.91356	-205.87634	110.0	110.0	255749	-246.11069	24.659185	-186.45428	-330.33585	245.79297	0.35986364	1451.59037899971
156	-161.54736	12.261979	-134.34091	-179.71452	-169.66112	20.891645	-138.80186	-205.43527	110.0	110.0	257399	-246.03693	24.549429	-186.61116	-330.30536	245.72318	0.35830462	1461.2782571315765
157	-161.98145	19.803812	-110.997826	-193.38846	-164.46896	19.85809	-137.75882	-201.81438	110.0	110.0	259049	-245.80121	24.460548	-186.86824	-329.63666	245.48349	0.35962757	1470.9011290073395
158	-146.97345	24.330069	-107.57688	-186.25963	-164.81306	22.477467	-102.84063	-184.19244	110.0	110.0	260699	-245.88025	24.26949	-187.21039	-327.68796	245.56075	0.35297686	1481.2907423973083
159	-164.82318	26.033897	-114.853355	-205.4336	-166.52812	23.05364	-126.2581	-208.18356	110.0	110.0	262349	-245.72214	24.158756	-187.21204	-329.79846	245.39943	0.3529246	1491.3339138031006
160	-153.74635	24.685825	-84.20324	-189.53464	-142.46944	23.418007	-98.22545	-177.77576	110.0	110.0	263999	-245.6892	23.976032	-187.64879	-329.94803	245.36346	0.35806575	1501.4145939350128
161	-175.68512	21.432476	-129.52791	-203.35242	-168.08925	22.059956	-131.75716	-207.07498	110.0	110.0	265649	-245.52034	23.878183	-187.70688	-328.88818	245.18985	0.35650426	1510.9316928386688
162	-165.8659	19.278862	-129.46648	-204.23633	-160.75311	37.82884	-88.47249	-212.6535	110.0	110.0	267299	-245.34456	23.644236	-187.69174	-330.0936	245.02228	0.35637718	1520.8993601799011
163	-168.15431	23.950161	-121.404495	-197.84662	-150.24893	28.037481	-113.639175	-200.67917	110.0	110.0	268949	-245.153	23.620823	-187.57265	-329.83182	244.8227	0.35494798	1531.2310123443604
164	-163.49078	23.462502	-123.2248	-197.42917	-154.42264	27.998903	-95.89915	-202.91035	110.0	110.0	270599	-244.9277	23.391953	-187.73409	-329.26443	244.59703	0.35923806	1541.0949828624725
165	-179.7265	12.838828	-152.97359	-203.22116	-167.31587	18.859987	-131.16852	-195.08928	110.0	110.0	272249	-244.73474	23.35215	-187.56252	-330.4469	244.40677	0.36337692	1552.1741151809692
166	-145.0685	34.405716	-81.60486	-208.94373	-162.39636	35.16789	-69.033264	-202.54669	110.0	110.0	273899	-244.65045	23.291162	-187.66345	-329.42654	244.3204	0.3629172	1563.7755241394043
