Epoch	AverageEpRet	StdEpRet	MaxEpRet	MinEpRet	AverageTestEpRet	StdTestEpRet	MaxTestEpRet	MinTestEpRet	EpLen	TestEpLen	TotalEnvInteracts	AverageQ1Vals	StdQ1Vals	MaxQ1Vals	MinQ1Vals	AverageQ2Vals	StdQ2Vals	MaxQ2Vals	MinQ2Vals	AverageLogPi	StdLogPi	MaxLogPi	MinLogPi	LossPi	LossQ	Time
1	-202.24649	5.3102465	-193.12064	-210.98582	-203.55045	10.961512	-182.92987	-212.91676	110.0	110.0	1649	-42.53443	24.215698	0.18340415	-93.883064	-42.519993	24.23433	0.45862484	-93.6728	-0.69300073	0.7739622	1.600862	-8.552666	42.26969	0.42767218	8.259124040603638
2	-205.83144	4.53353	-196.48181	-211.40207	-204.57095	8.501323	-190.21193	-213.85542	110.0	110.0	3299	-159.07515	40.05095	-70.393654	-237.75958	-159.07489	40.051067	-70.14856	-238.18672	-0.95526516	0.729648	1.9644787	-7.9211526	158.89713	0.22143155	25.119063138961792
3	-207.10472	4.4781017	-195.46628	-211.2514	-205.10147	11.850735	-171.29988	-214.20384	110.0	110.0	4949	-256.22702	19.343401	-207.79095	-298.97272	-256.22678	19.343637	-208.10725	-298.28525	-1.0578076	0.6824861	2.2897954	-7.7184343	256.05704	0.24948587	44.71767234802246
4	-207.88614	3.45008	-196.72285	-211.88155	-200.40552	9.833532	-178.40532	-213.5691	110.0	110.0	6599	-299.63406	9.925791	-274.07422	-325.88412	-299.63406	9.925654	-274.36783	-325.72488	-1.1026602	0.66106576	2.322382	-8.822212	299.45584	0.23060952	61.70615100860596
5	-207.48096	3.6353111	-200.09727	-212.43681	-207.72644	4.6157207	-200.58937	-213.5435	110.0	110.0	8249	-319.55685	6.498616	-303.035	-347.451	-319.5569	6.499119	-302.9705	-347.7062	-1.1266115	0.63528645	1.9508021	-7.8020115	319.3774	0.23545086	78.5347683429718
6	-204.01976	7.3679442	-183.58554	-211.31284	-201.15794	7.445038	-184.66035	-209.8968	110.0	110.0	9899	-328.31607	5.5555077	-316.3598	-347.77344	-328.31595	5.5561714	-316.4119	-348.22153	-1.1480935	0.6154784	1.9041455	-6.5483894	328.13226	0.22898786	94.6565990447998
7	-207.88156	5.883706	-189.09602	-214.90552	-203.30128	7.7191486	-184.76582	-213.90837	110.0	110.0	11549	-332.157	5.1543713	-321.79465	-348.87366	-332.15704	5.155025	-321.80225	-348.8358	-1.1659797	0.5977058	1.9204051	-8.889039	331.97473	0.22644213	111.38056874275208
8	-206.79648	5.533523	-195.12567	-215.16336	-202.40306	6.166768	-191.82327	-211.31035	110.0	110.0	13199	-333.86664	4.876319	-324.27615	-349.25427	-333.8665	4.87714	-324.38773	-349.2899	-1.1857479	0.569965	1.6660051	-7.255305	333.6875	0.22613595	128.35465002059937
9	-204.8673	6.3272805	-188.6959	-215.08038	-198.59134	12.387128	-168.79765	-212.17165	110.0	110.0	14849	-334.44556	4.28085	-325.5978	-348.542	-334.44562	4.282089	-325.6831	-348.38187	-1.1941019	0.5626042	1.4533185	-6.2895	334.26474	0.22856836	143.9173617362976
10	-203.80199	4.2159305	-197.98611	-211.20728	-204.81546	4.145869	-196.10347	-212.84918	110.0	110.0	16499	-334.71735	3.9721975	-326.39914	-347.6099	-334.71722	3.9737222	-326.0305	-347.48486	-1.2130375	0.5312057	1.352485	-9.100851	334.53818	0.2181109	160.91081523895264
11	-202.98337	6.1077056	-190.09903	-210.88081	-197.70813	9.666047	-185.76302	-214.45744	110.0	110.0	18149	-334.87628	3.831384	-326.98566	-346.6715	-334.87628	3.8322172	-326.7208	-346.31577	-1.2257756	0.5175403	1.3922	-7.3254375	334.69894	0.21514042	177.892573595047
12	-207.52003	3.4706523	-199.84943	-212.80241	-199.16159	5.3062654	-192.32124	-211.02414	110.0	110.0	19799	-334.62756	3.7381146	-326.7653	-345.8266	-334.6275	3.739063	-326.71262	-346.3083	-1.2313952	0.5139859	1.419389	-6.9937525	334.44962	0.20565371	197.6929693222046
13	-203.52863	5.3981586	-186.38445	-208.6519	-202.46011	7.54447	-187.08347	-215.54272	110.0	110.0	21449	-334.47827	3.6329541	-326.83545	-345.88654	-334.47827	3.633614	-326.62518	-346.21066	-1.2372953	0.5007543	1.5380473	-6.9259486	334.29898	0.19915435	216.44896030426025
14	-201.40001	7.126778	-185.02885	-209.02258	-199.22163	11.506774	-173.10251	-210.37672	110.0	110.0	23099	-334.3625	3.453903	-326.82727	-345.45908	-334.36252	3.4546733	-326.6988	-345.81964	-1.2423158	0.48965213	1.2407942	-7.267635	334.18546	0.19562075	233.64491486549377
15	-203.72612	5.2495933	-192.67407	-211.74834	-207.23776	3.4955316	-200.62367	-211.89204	110.0	110.0	24749	-334.00317	3.2938876	-326.98282	-344.25735	-334.00323	3.2942858	-326.67676	-344.187	-1.2389963	0.49710628	1.3850133	-7.56621	333.82788	0.19381891	251.46665215492249
16	-204.36388	4.799575	-193.51823	-210.8568	-198.77559	9.041515	-181.92867	-210.4751	110.0	110.0	26399	-333.84375	3.1844919	-327.04352	-344.20242	-333.84366	3.1852567	-326.93497	-344.56143	-1.2420795	0.49172634	1.6392814	-6.332242	333.6661	0.1883732	271.7934663295746
17	-203.75032	6.636161	-184.34218	-210.8762	-201.59988	5.97193	-191.18018	-210.31189	110.0	110.0	28049	-333.6624	3.0894055	-326.96246	-344.3815	-333.6624	3.0896914	-327.0699	-344.2081	-1.2449257	0.49335483	1.3985941	-6.362433	333.4849	0.18542792	290.3888108730316
18	-200.25313	5.4843607	-190.92087	-211.72601	-198.73425	9.222954	-177.76778	-212.34499	110.0	110.0	29699	-333.19836	3.085509	-326.21957	-343.7478	-333.19824	3.0855496	-326.2249	-343.78525	-1.2390412	0.50232476	1.7233653	-6.4031086	333.01953	0.18564856	309.1152229309082
19	-200.97319	6.928682	-187.04318	-210.13039	-202.02505	6.0115848	-186.33011	-208.27522	110.0	110.0	31349	-332.46136	3.126342	-325.3968	-343.56635	-332.4612	3.1260478	-325.49228	-343.5772	-1.2296345	0.5208423	1.8978434	-7.8039207	332.28076	0.18507649	325.3076777458191
20	-200.09161	6.309648	-185.56824	-210.6477	-194.59244	15.296983	-163.77686	-214.70287	110.0	110.0	32999	-331.5593	3.174765	-324.40652	-342.8568	-331.55936	3.174756	-324.5595	-342.92688	-1.2274824	0.52576125	1.982825	-6.2466216	331.37625	0.1845826	342.5050210952759
21	-200.16164	5.3462343	-191.30507	-209.33693	-187.96481	12.638192	-169.39954	-212.52626	110.0	110.0	34649	-330.7895	3.1413794	-323.7777	-342.34863	-330.7895	3.14149	-323.88245	-342.18945	-1.2224622	0.5318059	1.7390416	-7.266918	330.60416	0.18834496	361.92033648490906
22	-195.44846	9.664092	-179.86826	-210.06168	-194.58601	11.80543	-168.47249	-207.78865	110.0	110.0	36299	-330.25952	3.1256218	-323.40866	-341.99496	-330.25958	3.125479	-323.56702	-342.26474	-1.2169877	0.5425344	1.9242215	-6.1923637	330.07166	0.19195385	379.1273350715637
23	-199.1157	5.2407103	-188.22339	-208.6516	-194.33447	17.132845	-144.89163	-207.5178	110.0	110.0	37949	-329.6071	3.1667657	-322.54553	-341.91342	-329.60703	3.1669848	-322.69083	-341.84943	-1.2087482	0.5604476	1.8860738	-7.0531406	329.4187	0.199075	396.6121962070465
24	-200.66855	7.9898653	-188.93599	-211.67311	-193.19801	13.427312	-165.52896	-206.93279	110.0	110.0	39599	-328.92676	3.2176876	-321.95877	-341.62576	-328.92685	3.2169378	-322.11536	-341.7455	-1.2016386	0.5666371	2.402732	-6.09207	328.74228	0.20260845	413.9708421230316
25	-200.54788	6.702818	-187.12189	-209.6663	-192.13126	10.155891	-170.52509	-203.29971	110.0	110.0	41249	-328.4229	3.2396245	-321.64175	-341.069	-328.42282	3.239339	-321.72165	-341.0966	-1.1899134	0.58554655	1.9630847	-6.922663	328.235	0.20176306	431.25399518013
26	-199.80264	5.30974	-192.3989	-212.25113	-192.36934	11.98825	-161.89088	-207.15674	110.0	110.0	42899	-327.96518	3.2969782	-321.17725	-341.32336	-327.96518	3.2963066	-321.23166	-341.34036	-1.1893154	0.58775806	2.5004134	-6.6501956	327.77774	0.20303483	447.11431980133057
27	-197.99849	6.857469	-185.00618	-210.82571	-196.54411	9.059931	-182.20966	-207.42851	110.0	110.0	44549	-327.4929	3.3185613	-320.73782	-340.72974	-327.49292	3.3177683	-320.8485	-340.77148	-1.1797929	0.5988997	2.176125	-7.021328	327.30493	0.20794725	463.0938000679016
28	-199.35255	7.253856	-183.12164	-212.1172	-189.44551	15.121514	-157.42429	-204.38171	110.0	110.0	46199	-327.00174	3.3131652	-320.0748	-343.54892	-327.00168	3.3122466	-320.18088	-343.61148	-1.1741674	0.6107847	2.2658372	-6.6425886	326.81393	0.20834133	479.73829531669617
29	-199.22704	6.335747	-185.2703	-209.67017	-186.72769	10.555752	-172.67699	-206.40634	110.0	110.0	47849	-326.6393	3.3402753	-319.94894	-343.95212	-326.6394	3.33905	-320.0583	-343.66614	-1.1624984	0.62961626	2.2021437	-6.7115116	326.45032	0.20993896	496.87163972854614
30	-197.99118	7.740235	-188.3862	-210.41116	-192.97083	9.525032	-177.62349	-205.73799	110.0	110.0	49499	-326.41925	3.4272766	-319.72528	-344.704	-326.41922	3.4256225	-319.5567	-344.79102	-1.1594732	0.628963	2.3036761	-5.7757564	326.2343	0.21731018	513.7382850646973
31	-200.6524	5.421339	-192.05621	-209.54277	-189.04678	11.708517	-167.38678	-209.37375	110.0	110.0	51149	-326.25262	3.4776845	-319.0589	-344.50302	-326.25266	3.475261	-319.312	-345.1084	-1.1548843	0.636836	2.2404575	-6.964072	326.06607	0.2183993	529.6839118003845
32	-196.93845	9.97875	-175.49283	-209.69012	-190.0547	12.654629	-167.68127	-208.74359	110.0	110.0	52799	-325.95267	3.584501	-318.7379	-345.29642	-325.95267	3.5826726	-318.55902	-344.94302	-1.1494974	0.64170957	2.6861973	-6.6647816	325.7638	0.21634008	547.0216150283813
33	-196.07906	8.711674	-177.27274	-208.40813	-180.70963	10.655056	-164.42203	-201.2122	110.0	110.0	54449	-325.55264	3.6134713	-317.76785	-344.7497	-325.55255	3.6111488	-317.6981	-344.81055	-1.1446296	0.65024203	2.3664966	-6.904515	325.3651	0.2254618	562.848738193512
34	-196.47264	7.1070037	-181.76222	-207.0326	-188.17188	21.814041	-129.41815	-208.51152	110.0	110.0	56099	-325.03873	3.6519353	-317.09323	-344.85425	-325.0387	3.650384	-317.03122	-344.62552	-1.1384139	0.6560057	2.8944807	-6.483187	324.85037	0.22592379	578.7360620498657
35	-195.01653	8.988652	-177.43457	-212.09703	-185.7082	14.146129	-159.36742	-200.06616	110.0	110.0	57749	-324.70944	3.7852976	-316.64948	-344.87906	-324.70953	3.783318	-316.47922	-345.02274	-1.1360651	0.6645405	2.6323395	-6.5577354	324.5232	0.23249541	596.255172252655
36	-194.00906	12.706165	-162.14699	-209.59651	-191.9454	15.923167	-152.70526	-207.24059	110.0	110.0	59399	-324.3224	3.793648	-315.36618	-344.32346	-324.32242	3.7925956	-315.58908	-344.0562	-1.125785	0.66992843	2.2775278	-6.9984226	324.13333	0.23387042	616.4384570121765
37	-198.7632	8.3500185	-179.5426	-209.45256	-189.236	22.5992	-128.5329	-206.607	110.0	110.0	61049	-323.77292	3.8765924	-315.0732	-343.72043	-323.77295	3.875051	-314.95908	-343.71057	-1.1159581	0.68856883	2.5589488	-6.9679255	323.5831	0.24191046	635.3426158428192
38	-194.1555	9.964294	-178.02885	-208.44254	-182.61394	17.08115	-150.95248	-209.5	110.0	110.0	62699	-323.3615	3.9102752	-314.04858	-343.34088	-323.36148	3.9090772	-314.49066	-343.51602	-1.098829	0.70493704	2.7763147	-7.0729437	323.1709	0.25066653	654.7575397491455
39	-193.78784	6.346044	-181.10376	-202.3129	-193.41824	13.233447	-173.63242	-214.34918	110.0	110.0	64349	-322.8522	4.0928473	-313.7523	-343.3981	-322.8523	4.091213	-313.78375	-343.36362	-1.0920982	0.7136136	2.9782467	-8.678254	322.6596	0.25373447	671.580267906189
40	-198.46025	6.688701	-188.42172	-208.55537	-163.12204	31.51449	-104.21815	-204.10652	110.0	110.0	65999	-322.3672	4.168609	-313.50882	-342.49002	-322.36707	4.1674266	-313.67035	-342.58762	-1.0822502	0.7275436	3.090582	-9.252441	322.17538	0.25768918	690.2494690418243
41	-192.22345	7.797284	-182.31361	-208.56938	-179.74457	19.03576	-146.94812	-207.48552	110.0	110.0	67649	-321.91376	4.1212955	-313.3249	-342.07437	-321.9138	4.119686	-313.41296	-342.45477	-1.0679921	0.7406651	3.4626045	-7.836088	321.7198	0.26494983	709.252622127533
42	-187.5599	9.827246	-166.00314	-199.63116	-176.21976	22.377346	-142.95935	-208.8418	110.0	110.0	69299	-321.29648	4.249477	-312.42996	-341.65344	-321.29642	4.2477584	-312.31775	-341.51547	-1.0578916	0.75336355	2.8129249	-7.2154074	321.1019	0.265464	725.5700607299805
43	-191.07596	8.772584	-176.73094	-209.80403	-181.15231	20.392776	-140.44208	-203.98857	110.0	110.0	70949	-320.51773	4.4473233	-311.3024	-342.18387	-320.51764	4.4457674	-311.42166	-341.80392	-1.0501826	0.76494914	3.0032034	-8.770639	320.3259	0.2713135	743.0227904319763
44	-191.23158	9.120931	-179.39308	-209.3034	-181.4979	12.956408	-160.14113	-196.3762	110.0	110.0	72599	-319.86926	4.575314	-310.22668	-340.9225	-319.86932	4.573615	-309.9613	-340.83585	-1.0413636	0.77495736	3.1417441	-7.708551	319.67633	0.27707726	760.4402320384979
45	-190.49655	9.42286	-169.31456	-206.072	-184.26892	16.850433	-154.67673	-207.2557	110.0	110.0	74249	-319.24335	4.742661	-309.29053	-341.71295	-319.2433	4.74123	-309.18475	-341.24423	-1.0246161	0.78605455	2.7097342	-7.466548	319.04825	0.28321886	777.9175040721893
46	-190.87141	12.828105	-161.77176	-211.2162	-182.01582	14.849439	-150.85782	-203.65097	110.0	110.0	75899	-318.74887	4.9382195	-308.49423	-341.97037	-318.7488	4.9369035	-308.45737	-341.6356	-1.0198716	0.79156613	3.1628397	-7.5858545	318.55292	0.28888965	796.3865430355072
47	-191.26216	10.25274	-174.54008	-207.5503	-175.40262	19.061672	-147.35052	-202.86757	110.0	110.0	77549	-318.35043	5.074047	-307.55783	-341.78156	-318.35043	5.072821	-307.31097	-341.58243	-1.0064996	0.806173	3.0718598	-7.8682585	318.15536	0.2930611	817.0190794467926
48	-193.18265	11.961174	-175.03682	-208.77086	-172.97707	15.363777	-141.91652	-195.5366	110.0	110.0	79199	-317.71927	5.10302	-306.93805	-341.2479	-317.71933	5.102158	-306.73303	-340.5604	-0.9990999	0.8167617	3.0484047	-8.171121	317.5222	0.29975158	835.5474190711975
49	-192.02878	11.595244	-173.6783	-208.00119	-187.90169	16.341978	-161.68977	-207.41905	110.0	110.0	80849	-317.0472	5.4960904	-305.48615	-340.66693	-317.04733	5.494388	-305.67908	-340.06393	-0.98366725	0.8296155	3.5540624	-7.566246	316.84952	0.30912066	855.479861497879
50	-189.21568	12.209614	-154.99225	-206.42636	-159.50192	26.502712	-105.8533	-197.94841	110.0	110.0	82499	-316.40012	5.731153	-304.74683	-340.00858	-316.4001	5.729907	-304.77863	-339.7198	-0.9735338	0.8402996	3.487025	-7.6623874	316.1988	0.31152958	871.7509260177612
51	-187.8929	10.145788	-171.82745	-207.64488	-178.6005	22.317255	-141.55916	-206.46004	110.0	110.0	84149	-315.69556	6.0000496	-303.70898	-340.01666	-315.6956	5.998789	-303.81665	-339.65784	-0.96852803	0.8461801	2.9433136	-7.048321	315.494	0.31627294	890.0587553977966
52	-192.45244	9.625436	-168.2529	-207.13887	-182.0339	10.745455	-169.27281	-206.74826	110.0	110.0	85799	-314.9581	6.277986	-302.2898	-339.634	-314.95813	6.2764187	-302.52448	-339.49524	-0.9500727	0.8593081	3.2055867	-8.069721	314.75412	0.3207468	909.8192384243011
53	-185.07455	6.341526	-172.64963	-200.24551	-164.62767	18.882011	-133.62033	-198.45758	110.0	110.0	87449	-314.44266	6.4178576	-301.59375	-338.89102	-314.44272	6.4163504	-301.45337	-338.73282	-0.9411146	0.8665972	3.33069	-10.733034	314.23953	0.329661	927.4004099369049
54	-188.48819	11.302913	-168.10925	-205.52542	-174.04869	19.884806	-124.53909	-194.31046	110.0	110.0	89099	-313.7294	6.518131	-301.07733	-337.72757	-313.7294	6.5165014	-301.26517	-337.85214	-0.92448515	0.8809931	4.0750294	-7.995865	313.52075	0.3281666	944.058403968811
55	-186.17108	9.505881	-170.61293	-203.67078	-178.18515	16.460482	-152.00438	-205.84526	110.0	110.0	90749	-313.17404	6.657851	-300.59824	-337.9478	-313.17398	6.6561017	-300.70328	-337.919	-0.91996753	0.8858025	3.555921	-7.2768373	312.96924	0.33295485	962.1651585102081
56	-185.28427	10.410387	-168.3098	-203.17622	-160.68512	23.605427	-113.34797	-196.9026	110.0	110.0	92399	-312.3891	6.6025467	-299.92447	-337.4346	-312.3891	6.600892	-299.8911	-337.59506	-0.9087057	0.89103633	3.532367	-7.961191	312.1801	0.33989426	978.6711275577545
57	-182.86311	10.513827	-164.36269	-197.65054	-172.96072	23.077156	-118.5459	-196.41685	110.0	110.0	94049	-311.6836	6.683671	-299.134	-337.78812	-311.6835	6.68227	-299.02136	-338.3207	-0.9043064	0.8944477	3.3093302	-7.8707404	311.47647	0.34582928	999.7542715072632
58	-185.51399	10.6682205	-167.9897	-202.27417	-174.4838	14.425534	-154.6315	-197.53233	110.0	110.0	95699	-311.04907	6.675551	-297.84412	-337.21323	-311.04922	6.6740155	-297.7899	-337.68402	-0.89340514	0.8994387	4.1080294	-9.282537	310.84143	0.34876204	1019.5938944816589
59	-178.62877	12.389473	-159.32512	-199.06992	-160.40562	27.266369	-114.38288	-202.15294	110.0	110.0	97349	-310.36002	6.706659	-296.81485	-336.09402	-310.36	6.70521	-297.0725	-336.35257	-0.87972206	0.9133193	3.699154	-9.760042	310.1504	0.35425115	1036.2489612102509
60	-178.7321	11.748489	-160.01135	-202.51788	-157.07841	20.87091	-119.48816	-205.92307	110.0	110.0	98999	-309.63608	6.7265286	-295.72806	-335.7187	-309.636	6.7251415	-295.58942	-336.22757	-0.8735341	0.9187753	3.7227616	-8.165495	309.4248	0.35903412	1055.42520570755
61	-178.51244	9.216127	-153.4337	-193.68643	-162.61636	26.794455	-106.29811	-201.93474	110.0	110.0	100649	-308.9647	7.0176063	-294.1296	-336.2476	-308.9646	7.0160017	-293.90622	-336.50223	-0.8579139	0.93409455	3.953217	-7.5302186	308.75525	0.36456957	1072.9605088233948
62	-180.68394	9.958402	-168.19286	-199.68509	-167.69267	33.963898	-93.65581	-200.95003	110.0	110.0	102299	-308.5484	7.149362	-293.10422	-336.62512	-308.5484	7.147705	-293.19778	-336.44235	-0.85251886	0.93549037	3.7306843	-8.880782	308.33975	0.373481	1091.3212192058563
63	-175.40428	14.202898	-152.3169	-201.76237	-150.34909	23.925562	-110.31141	-187.89822	110.0	110.0	103949	-308.0919	7.2039623	-291.47247	-336.41562	-308.0919	7.202152	-291.48886	-336.1812	-0.837888	0.9422011	3.2465544	-8.990825	307.88657	0.38301006	1111.6690700054169
64	-182.85272	11.7954645	-153.50418	-197.57405	-163.30295	20.271317	-128.15877	-189.02515	110.0	110.0	105599	-307.43652	7.4739184	-289.45627	-335.98776	-307.43658	7.4720225	-289.57126	-336.0278	-0.81964576	0.9549125	3.8493288	-8.79788	307.22784	0.39823937	1130.1230771541595
65	-183.5889	10.439528	-166.4077	-199.09146	-156.23103	17.836838	-121.48954	-178.50444	110.0	110.0	107249	-306.52283	7.475621	-288.43463	-335.4517	-306.52277	7.4728985	-288.68326	-335.5488	-0.805166	0.9664285	4.2623262	-8.897829	306.31406	0.39854902	1146.7203302383423
66	-181.08691	12.176915	-156.00964	-198.46104	-180.6647	13.697158	-150.33626	-197.9914	110.0	110.0	108899	-306.30423	7.532534	-287.64697	-335.24924	-306.30435	7.529072	-287.78287	-335.57175	-0.8012343	0.9730378	3.9298851	-8.626597	306.09683	0.40565637	1163.2520353794098
67	-181.30777	13.16685	-162.47075	-204.13834	-167.88242	19.791615	-120.98485	-185.28484	110.0	110.0	110549	-305.73407	7.682058	-286.17657	-334.86963	-305.73407	7.6780844	-286.20493	-335.25253	-0.7906473	0.9772306	3.733218	-7.924654	305.52734	0.4116489	1179.9190382957458
68	-181.03485	9.582612	-165.59984	-199.8014	-174.30247	14.865705	-154.27682	-199.33868	110.0	110.0	112199	-305.41293	7.854964	-285.14935	-334.394	-305.41287	7.850364	-285.30167	-334.8153	-0.7878483	0.97914654	4.1102624	-8.723302	305.208	0.42472982	1201.6684291362762
69	-188.28867	11.135629	-167.56334	-208.04889	-170.47601	17.864841	-134.5317	-196.0844	110.0	110.0	113849	-304.7519	7.999612	-284.4262	-335.18256	-304.7521	7.995128	-284.2859	-335.24466	-0.7714458	0.991428	4.133471	-8.959081	304.54446	0.43427178	1221.5833723545074
70	-183.65067	12.320987	-157.67136	-202.35828	-168.49063	16.770386	-138.99524	-196.00441	110.0	110.0	115499	-304.22516	8.198727	-282.6227	-335.77142	-304.22522	8.193605	-283.1204	-336.34476	-0.7689437	0.99150616	4.133577	-9.101763	304.01324	0.43901035	1240.3728368282318
71	-179.13359	18.995821	-135.9244	-207.90762	-159.51561	23.224005	-123.832855	-190.3151	110.0	110.0	117149	-303.58548	8.420873	-281.237	-336.04782	-303.58542	8.416148	-281.441	-337.06738	-0.769501	0.9951216	4.059785	-8.838321	303.3723	0.43857658	1258.3081867694855
72	-180.01167	13.557595	-154.70247	-199.4818	-166.60855	25.415188	-124.99749	-203.99066	110.0	110.0	118799	-303.0293	8.53233	-280.8371	-334.68097	-303.02942	8.527734	-280.88107	-334.75165	-0.76451916	0.99761605	4.1472993	-8.818766	302.8171	0.4500625	1275.5654339790344
73	-175.68349	7.9907827	-152.35747	-184.82697	-164.88339	26.424099	-114.149666	-202.34813	110.0	110.0	120449	-302.19385	8.524284	-279.29276	-333.22415	-302.19382	8.520492	-279.4185	-334.1197	-0.7612565	0.99592674	3.843094	-9.565282	301.97922	0.4480298	1296.9118945598602
74	-178.4313	12.012052	-154.81969	-202.16376	-163.42075	27.980202	-117.841286	-198.08086	110.0	110.0	122099	-301.37524	8.622964	-277.34848	-331.64038	-301.3752	8.619179	-277.90082	-332.29694	-0.75877297	0.99636436	3.6794767	-8.036404	301.15887	0.45286196	1315.9909901618958
75	-177.56508	12.616238	-157.04617	-208.38716	-159.13837	29.699093	-109.44313	-197.6517	110.0	110.0	123749	-300.93726	8.928764	-276.48425	-332.32077	-300.93726	8.925866	-276.65976	-333.31393	-0.7638804	0.99685717	4.1132154	-7.871123	300.72397	0.45073885	1336.7213323116302
76	-178.94214	12.31045	-149.03438	-202.8763	-164.06001	23.428547	-119.7728	-196.43233	110.0	110.0	125399	-300.37024	9.014748	-276.07382	-331.82568	-300.3702	9.011715	-276.19495	-332.48694	-0.7540242	1.0000559	4.6484747	-8.473705	300.15604	0.45278054	1356.4451265335083
77	-173.72266	12.039398	-153.8347	-191.43704	-174.9489	16.304451	-147.37724	-201.86852	110.0	110.0	127049	-300.0203	9.145504	-274.92752	-332.5485	-300.0204	9.142777	-274.98804	-332.82074	-0.7457369	1.0057932	4.5087314	-8.155027	299.80365	0.45784584	1373.0193302631378
78	-176.81554	14.566957	-151.15239	-206.98521	-151.19485	13.212923	-130.59218	-172.70319	110.0	110.0	128699	-299.4008	9.108676	-273.59216	-331.79984	-299.4009	9.106079	-273.6622	-332.4264	-0.74617845	1.0028838	3.9859865	-9.299746	299.18405	0.4604532	1391.0179417133331
79	-181.82916	18.433151	-141.81654	-206.73486	-163.35385	22.839071	-107.64494	-185.9127	110.0	110.0	130349	-298.9653	9.247769	-271.67282	-332.11526	-298.96524	9.245366	-271.68942	-332.4418	-0.73898923	1.0048035	4.0098696	-9.137295	298.7509	0.46734452	1408.4494903087616
80	-171.331	15.245555	-136.59001	-194.75793	-159.1083	16.590708	-137.08563	-186.48064	110.0	110.0	131999	-298.50583	9.357465	-271.24612	-331.30637	-298.50595	9.355225	-271.2374	-331.55984	-0.7321968	1.0061693	4.853209	-7.928517	298.2902	0.46936524	1425.8893201351166
81	-177.53848	7.1838098	-164.89743	-188.02158	-165.75389	20.34345	-124.96056	-188.83432	110.0	110.0	133649	-298.28006	9.564461	-269.51147	-333.5729	-298.27994	9.561385	-269.5636	-333.81415	-0.7282796	1.0089983	4.1497145	-8.338882	298.06613	0.46580404	1442.8679931163788
82	-177.92368	10.343186	-165.69432	-202.74054	-163.45448	26.291267	-116.57879	-193.69087	110.0	110.0	135299	-297.76944	9.717934	-268.5521	-333.6518	-297.76953	9.715608	-268.63077	-333.76187	-0.7198145	1.018622	4.1428595	-8.413555	297.5547	0.47163278	1459.8589217662811
83	-172.86719	10.556006	-143.85036	-185.16933	-160.9682	31.258863	-108.422585	-206.81007	110.0	110.0	136949	-297.3204	9.879365	-268.08264	-334.39072	-297.32053	9.877574	-268.1952	-334.64993	-0.71698755	1.015916	4.2614846	-8.170184	297.10715	0.4800637	1478.2122447490692
84	-178.81465	14.3839445	-149.56201	-206.20644	-177.68369	12.21597	-155.97491	-193.6052	110.0	110.0	138599	-297.1294	10.042576	-266.41797	-333.8874	-297.12946	10.040437	-266.2359	-334.5176	-0.7140335	1.0184886	4.0327654	-9.5486355	296.91415	0.47149962	1495.3643610477448
85	-171.23123	15.079275	-150.25137	-195.74402	-162.28523	18.025997	-133.22302	-183.51047	110.0	110.0	140249	-297.07767	10.172983	-264.82285	-334.7212	-297.07776	10.170753	-264.73206	-335.0661	-0.71315044	1.0179424	4.6060047	-8.2949	296.86844	0.48496884	1513.5729751586914
86	-178.74727	14.915744	-158.31848	-203.06334	-148.91794	38.305927	-85.150795	-192.77577	110.0	110.0	141899	-296.7159	10.373087	-264.22754	-336.39288	-296.71594	10.3705845	-264.12064	-336.67242	-0.7074835	1.021778	4.6054287	-7.4060597	296.5063	0.48231518	1531.6848080158234
87	-175.7383	8.901596	-157.11694	-189.3017	-159.1323	27.849247	-116.374565	-205.04068	110.0	110.0	143549	-296.23395	10.534807	-263.12024	-335.5454	-296.23392	10.532704	-263.20572	-335.79004	-0.69918394	1.0344368	4.605335	-8.660225	296.02438	0.49485728	1549.9320931434631
88	-176.32469	11.424281	-158.33028	-201.21037	-150.23015	30.317911	-76.509995	-192.03471	110.0	110.0	145199	-295.94824	10.619743	-262.4792	-336.02292	-295.9483	10.617109	-262.30423	-336.69	-0.69036466	1.0324546	4.3332677	-8.846621	295.74115	0.49625227	1569.6501202583313
89	-176.64157	7.7551003	-163.9641	-192.42613	-161.38812	23.991938	-131.04286	-200.87296	110.0	110.0	146849	-295.60275	10.901507	-260.25394	-337.02722	-295.60272	10.899204	-259.84833	-337.05157	-0.68176115	1.0412068	5.1983566	-10.252614	295.39603	0.50838524	1591.4561440944672
90	-174.0754	12.152854	-141.78802	-189.44153	-158.42482	25.227793	-116.17053	-197.66554	110.0	110.0	148499	-295.28247	11.038133	-259.976	-337.15213	-295.28247	11.03558	-259.82336	-337.4996	-0.6789244	1.0413435	4.6450067	-9.361533	295.07336	0.5137136	1611.242091178894
91	-173.18106	13.560979	-151.07631	-191.30013	-173.10307	24.916918	-128.77776	-215.64288	110.0	110.0	150149	-295.1091	11.092275	-260.0791	-337.64813	-295.10913	11.088518	-259.95627	-338.38553	-0.67087597	1.0409731	4.884119	-7.298856	294.903	0.5095169	1628.5290758609772
92	-166.60748	18.2441	-123.57843	-196.27098	-171.50577	23.475294	-131.64258	-199.74136	110.0	110.0	151799	-294.62463	11.436289	-258.19397	-338.72205	-294.62457	11.433437	-258.14795	-339.07257	-0.65913236	1.0516428	4.2922225	-9.535841	294.41693	0.525393	1646.497060060501
93	-171.35722	12.370915	-149.08267	-199.32388	-169.93642	23.950891	-118.3335	-194.33884	110.0	110.0	153449	-293.92923	11.774856	-257.3598	-338.90982	-293.92944	11.771302	-256.97064	-339.09003	-0.65154725	1.0616314	5.026642	-9.240314	293.72366	0.53015405	1664.5792529582977
94	-174.2339	12.688506	-147.89096	-200.71165	-153.01714	21.855627	-123.7774	-185.67717	110.0	110.0	155099	-293.3646	12.001385	-255.4165	-337.3196	-293.3646	11.997279	-255.23706	-337.68765	-0.63522553	1.0705903	4.3500233	-8.500942	293.15622	0.53577954	1683.1128273010254
95	-162.31012	18.882555	-137.21735	-205.27132	-139.30034	19.770433	-89.01652	-159.85715	110.0	110.0	156749	-292.62653	12.237307	-253.98683	-337.3463	-292.62653	12.233087	-253.60028	-337.72495	-0.6363177	1.063767	4.3881803	-7.8260813	292.42096	0.53792876	1700.8008058071136
96	-175.12764	17.496243	-138.79277	-201.91107	-148.07864	18.70964	-123.507805	-179.0624	110.0	110.0	158399	-291.65863	12.505594	-253.09563	-337.4721	-291.65863	12.501006	-252.79231	-338.07227	-0.6074498	1.0880785	4.6200914	-9.64245	291.44705	0.55242676	1718.9458711147308
97	-172.39589	15.640893	-142.60081	-200.40749	-165.14893	24.880869	-119.869606	-201.48804	110.0	110.0	160049	-290.99582	12.731436	-252.00969	-337.0207	-290.99585	12.72719	-251.79745	-337.61758	-0.619094	1.0768378	4.333361	-9.543536	290.78778	0.54455656	1737.1765718460083
98	-175.77034	15.604639	-155.60689	-207.6089	-156.95291	25.354517	-117.44115	-195.05908	110.0	110.0	161699	-290.83145	12.937543	-250.85727	-337.51074	-290.8316	12.932254	-250.63808	-338.22147	-0.6162571	1.0735625	5.9529166	-8.612591	290.62787	0.5579627	1758.6027109622955
99	-175.46486	10.319311	-154.9035	-196.09477	-152.05359	16.698751	-128.68279	-178.2512	110.0	110.0	163349	-290.88275	13.174531	-250.53311	-336.98358	-290.8828	13.169571	-250.48302	-337.00906	-0.61271924	1.0863872	5.104578	-9.178222	290.6771	0.55963194	1779.5901792049408
100	-169.54825	17.83021	-140.29489	-201.64906	-149.79538	32.511	-82.89667	-204.9617	110.0	110.0	164999	-290.5108	13.3046465	-250.15387	-339.47644	-290.51077	13.300712	-249.96825	-340.04477	-0.61291057	1.0815018	4.833427	-8.307566	290.30533	0.5496986	1797.324791431427
101	-164.50893	8.315923	-150.19	-179.36256	-165.24431	25.522352	-121.673355	-214.20178	110.0	110.0	166649	-290.03793	13.317167	-249.29225	-338.50085	-290.0379	13.312572	-249.41125	-339.25787	-0.5980485	1.0827689	4.7375264	-8.126095	289.82956	0.55408305	1818.835560798645
102	-166.42918	17.543985	-132.69904	-201.89412	-153.79716	28.396847	-86.71501	-193.8643	110.0	110.0	168299	-289.4409	13.366413	-248.86533	-337.74814	-289.44098	13.362796	-249.08391	-338.81274	-0.5957663	1.0911399	4.7529964	-9.171233	289.2345	0.56006044	1836.7800211906433
103	-171.1428	11.784474	-149.66084	-201.6836	-160.42271	25.496376	-119.18967	-192.02522	110.0	110.0	169949	-289.1874	13.414383	-249.07205	-337.72653	-289.1875	13.409922	-249.01141	-338.27686	-0.5956557	1.0947958	4.632837	-8.766418	288.98355	0.566318	1854.95028591156
104	-169.47992	14.216054	-146.86327	-195.47308	-145.58182	26.792562	-94.84587	-180.61832	110.0	110.0	171599	-288.59427	13.550726	-248.41586	-338.9179	-288.59418	13.54637	-248.75432	-339.95352	-0.5789767	1.1028595	5.1067176	-9.271332	288.3897	0.56905836	1874.5628170967102
105	-168.59668	14.045872	-142.29709	-196.43019	-153.6252	30.926243	-94.62476	-197.5233	110.0	110.0	173249	-288.5509	13.75384	-248.25307	-337.73776	-288.551	13.749846	-248.13948	-338.30844	-0.590082	1.0920843	4.748996	-8.828088	288.34482	0.5657741	1891.9253380298615
106	-173.76352	13.252477	-143.89638	-195.01575	-136.7153	22.18502	-100.258156	-174.82005	110.0	110.0	174899	-288.27487	13.933218	-247.1839	-339.61703	-288.27496	13.929589	-247.47276	-340.50928	-0.5815197	1.1018342	4.5885816	-10.487546	288.0707	0.5723653	1910.0141220092773
107	-177.90645	15.229337	-152.36745	-208.73047	-160.14081	23.582823	-116.227585	-197.38051	110.0	110.0	176549	-287.94534	14.056471	-246.7237	-337.2285	-287.94547	14.051831	-246.73299	-338.34088	-0.5765591	1.1008039	5.1935644	-8.720448	287.74408	0.5796503	1928.6369111537933
108	-168.77415	15.312828	-135.77121	-196.935	-133.10606	27.92958	-74.67602	-165.53865	110.0	110.0	178199	-287.96255	14.063834	-247.0635	-340.0295	-287.96255	14.060038	-247.0311	-340.6784	-0.5820276	1.0974789	5.2506356	-9.12418	287.76474	0.5692746	1946.9023823738098
109	-171.8095	15.552062	-134.60098	-189.76581	-157.91417	16.721813	-119.00414	-185.00089	110.0	110.0	179849	-287.6713	14.214376	-246.96428	-337.79987	-287.6713	14.210715	-246.5754	-339.05807	-0.5770721	1.0994544	5.642686	-9.38238	287.4703	0.57124263	1965.0367386341095
110	-165.86896	14.825477	-137.88423	-185.58644	-161.9427	20.825712	-114.90547	-186.26347	110.0	110.0	181499	-287.2863	14.340158	-246.11978	-338.45844	-287.28625	14.335601	-245.83846	-338.95688	-0.57582545	1.100803	4.811207	-8.330236	287.0868	0.577339	1983.2281012535095
111	-169.4719	13.765962	-137.0251	-201.51082	-158.44443	19.009136	-128.20992	-188.11185	110.0	110.0	183149	-286.9416	14.552401	-245.90347	-339.98083	-286.9417	14.548305	-245.91849	-340.57785	-0.559119	1.1108001	4.8212285	-10.483809	286.7407	0.5891585	1999.9387457370758
112	-166.72198	18.78755	-126.19909	-203.27039	-152.42947	24.981441	-109.35541	-185.25018	110.0	110.0	184799	-286.6189	14.567168	-245.63866	-337.7299	-286.61905	14.563135	-245.36662	-337.92554	-0.56863815	1.1067927	5.120063	-10.271948	286.42102	0.58197796	2017.9565451145172
113	-163.74783	12.227013	-140.2615	-187.04065	-149.76285	24.213717	-112.64521	-183.26079	110.0	110.0	186449	-286.30743	14.696613	-245.38258	-337.1825	-286.3074	14.692916	-245.14767	-337.78876	-0.5588857	1.1129857	4.9692364	-9.3460865	286.10788	0.59362805	2036.2937006950378
114	-166.01064	12.47097	-148.95964	-192.22261	-153.32938	12.337611	-134.60452	-174.49463	110.0	110.0	188099	-285.94308	14.665485	-245.76233	-335.73724	-285.94324	14.662332	-245.15434	-336.63803	-0.5604376	1.1097009	5.7725224	-9.022496	285.74408	0.5917586	2054.277276992798
115	-172.16664	15.489173	-133.19302	-192.80208	-162.0853	19.70859	-132.78674	-204.82722	110.0	110.0	189749	-285.77112	14.7586	-245.17041	-339.4558	-285.77106	14.756235	-245.18156	-339.82465	-0.5481597	1.1152143	5.567732	-10.037564	285.56964	0.5988175	2071.173874616623
116	-166.04793	9.964015	-149.53113	-188.21725	-147.84683	16.308249	-123.56233	-182.801	110.0	110.0	191399	-285.0868	14.860326	-244.672	-337.79526	-285.08682	14.857165	-244.52336	-338.018	-0.5480989	1.1129782	4.7135906	-9.087431	284.8859	0.59569424	2089.3503148555756
117	-165.14485	13.42401	-147.92273	-190.598	-161.28072	9.902329	-140.1179	-175.74382	110.0	110.0	193049	-284.71048	14.802139	-244.45546	-337.93918	-284.7106	14.798441	-244.40608	-338.47873	-0.54585046	1.1159686	4.7463713	-8.105446	284.51215	0.59152734	2110.5391342639923
118	-158.90395	13.277588	-136.15797	-187.77429	-152.29184	38.934837	-46.434486	-185.66577	110.0	110.0	194699	-284.30173	14.993329	-243.76483	-337.44827	-284.30164	14.990225	-243.69188	-338.33835	-0.5425237	1.1213168	4.9226513	-11.646951	284.10226	0.5998162	2132.1005215644836
119	-165.48698	13.254353	-145.20398	-193.5282	-148.96558	17.091173	-119.525375	-173.14975	110.0	110.0	196349	-284.00766	14.931505	-243.77122	-338.22653	-284.00766	14.929648	-243.49094	-338.32193	-0.54895306	1.1192173	5.061678	-11.243802	283.80908	0.59628236	2150.909619808197
120	-162.98828	16.553001	-130.67769	-185.22855	-154.09598	23.040405	-106.01623	-181.44357	110.0	110.0	197999	-283.2969	14.837078	-243.64552	-337.25308	-283.2969	14.835243	-243.48099	-337.46405	-0.5433887	1.1116222	4.9613543	-9.48924	283.09473	0.60063136	2169.5673162937164
121	-164.18124	13.601357	-138.32976	-186.84622	-154.84767	29.209259	-103.803825	-192.55934	110.0	110.0	199649	-282.8515	14.807394	-243.25533	-334.55237	-282.85162	14.805959	-243.2998	-335.36307	-0.54391325	1.1144723	5.067938	-8.6528015	282.64954	0.59615636	2187.8092954158783
122	-167.81104	13.770569	-138.826	-188.72928	-143.78816	39.47347	-54.437126	-191.74109	110.0	110.0	201299	-282.29465	14.8460245	-242.1322	-335.99805	-282.29456	14.8445	-242.10861	-336.0009	-0.5450951	1.11753	4.9018483	-8.521095	282.09357	0.60125446	2204.5434086322784
123	-162.48282	13.601342	-135.95906	-186.1567	-152.22269	26.358074	-111.25417	-184.6944	110.0	110.0	202949	-282.21417	14.894623	-242.98073	-336.3904	-282.21426	14.893907	-242.74814	-336.79163	-0.54655135	1.1114755	5.2173176	-8.096722	282.01367	0.61058366	2222.960788488388
124	-163.98593	11.859	-145.39081	-179.13985	-155.846	19.323008	-121.033676	-179.92482	110.0	110.0	204599	-281.9054	14.807107	-242.42981	-334.95465	-281.90527	14.80596	-242.53897	-335.63486	-0.5421547	1.1133492	4.86704	-8.29497	281.7029	0.60968417	2239.816722393036
125	-167.44688	15.142277	-140.97478	-193.24727	-149.14105	24.77672	-100.86654	-175.9796	110.0	110.0	206249	-281.30176	14.890342	-241.85678	-335.84042	-281.30176	14.889024	-241.83023	-336.02258	-0.5371488	1.1198946	5.283788	-10.416848	281.0985	0.6069352	2256.5740535259247
126	-164.3124	15.611435	-137.88339	-184.25873	-142.37808	11.629385	-114.816124	-160.26686	110.0	110.0	207899	-281.14014	14.969464	-241.50854	-334.77612	-281.14005	14.9680395	-241.67029	-334.78198	-0.53043014	1.1256104	5.10764	-9.841209	280.93732	0.6100963	2274.1250715255737
127	-168.23543	17.27083	-134.77187	-189.05347	-135.02136	25.354424	-106.84033	-175.07936	110.0	110.0	209549	-280.4791	15.117835	-240.89882	-334.0559	-280.4792	15.115794	-240.93153	-334.2339	-0.5235208	1.1298199	4.912121	-10.265677	280.27432	0.62048334	2292.401926279068
128	-168.27284	9.249046	-154.21114	-187.35971	-146.62793	26.89814	-107.19481	-191.8987	110.0	110.0	211199	-280.02228	15.120554	-240.76068	-333.73038	-280.02228	15.117921	-240.58295	-334.5131	-0.50896907	1.1348273	5.264057	-9.292063	279.8163	0.61436087	2309.8745651245117
129	-159.32326	14.146169	-129.28197	-175.9883	-150.55449	31.554358	-85.27358	-200.93303	110.0	110.0	212849	-279.8245	15.213111	-240.32272	-333.5776	-279.82434	15.211541	-240.38634	-333.77942	-0.5138095	1.1308498	4.8851337	-11.700384	279.62103	0.6290399	2326.6108746528625
130	-161.78084	19.807673	-134.39398	-194.83275	-146.9582	22.12201	-111.67485	-184.42393	110.0	110.0	214499	-279.333	15.238161	-239.88889	-333.77216	-279.3331	15.236481	-240.18333	-334.3059	-0.5134029	1.1351019	5.532489	-9.701612	279.12753	0.62939733	2343.4517135620117
131	-156.78537	15.113001	-127.85028	-181.45044	-151.49751	24.333128	-98.51348	-188.89677	110.0	110.0	216149	-278.90164	15.39434	-239.65327	-333.0244	-278.90152	15.393411	-239.91719	-333.2369	-0.5113975	1.1263722	4.99741	-9.433588	278.69467	0.62495303	2360.149002313614
132	-162.77145	15.131569	-119.70835	-182.02473	-145.2817	15.956253	-118.252365	-168.75002	110.0	110.0	217799	-278.51492	15.460911	-237.94426	-333.90436	-278.51498	15.457923	-238.18234	-334.50085	-0.4880135	1.1384115	4.8691025	-9.520661	278.30518	0.64001036	2378.3301260471344
133	-158.07065	13.537351	-126.81721	-177.9015	-149.89243	19.141048	-128.69997	-182.05464	110.0	110.0	219449	-277.76468	15.579699	-237.19646	-331.66324	-277.76477	15.5770035	-237.44269	-332.30612	-0.4900097	1.1412235	5.3685403	-7.962049	277.5546	0.6338804	2397.800067424774
134	-161.07877	14.882165	-121.04063	-177.92812	-153.07835	31.012447	-72.9767	-191.6696	110.0	110.0	221099	-277.63528	15.688715	-236.67926	-331.84134	-277.63513	15.686339	-236.94925	-332.97867	-0.49863192	1.1336882	4.910612	-8.018051	277.42914	0.6342424	2418.2881755828857
135	-151.59424	12.130368	-129.03894	-175.7214	-134.29007	20.679245	-91.49923	-160.93037	110.0	110.0	222749	-277.24994	15.828748	-237.13594	-334.7958	-277.25	15.826383	-237.03558	-334.85596	-0.48499054	1.1439039	5.554388	-10.15715	277.04135	0.6467035	2439.8212401866913
136	-158.68875	11.931465	-143.47366	-181.4261	-146.62369	20.617268	-114.19232	-183.44223	110.0	110.0	224399	-276.71988	15.879351	-236.00822	-335.0212	-276.71994	15.876645	-235.7288	-335.0562	-0.48033732	1.14175	4.8239555	-9.549066	276.5129	0.64538854	2458.978954076767
137	-164.21294	16.399109	-135.00026	-187.7478	-133.90561	32.893127	-80.59256	-190.9772	110.0	110.0	226049	-276.2361	15.991797	-236.13742	-333.9454	-276.2362	15.989002	-236.13132	-334.21133	-0.47093922	1.1548698	5.1445847	-10.134048	276.0284	0.65962005	2476.45565199852
138	-163.26678	11.631833	-139.97163	-178.79237	-158.07175	26.360168	-124.24806	-206.16724	110.0	110.0	227699	-275.91336	16.08743	-235.57234	-333.6112	-275.9133	16.084797	-235.78772	-334.0472	-0.46892172	1.1479888	4.9927106	-9.348636	275.70636	0.6610225	2494.9733476638794
139	-156.01405	8.475039	-137.95445	-168.8334	-138.69704	33.74689	-87.86722	-188.70721	110.0	110.0	229349	-275.6392	16.218052	-234.50377	-332.57278	-275.6392	16.21582	-234.53273	-333.73236	-0.47215474	1.1452743	5.1624813	-8.642845	275.43576	0.6603642	2513.2058646678925
140	-151.20206	13.534681	-127.43847	-177.26714	-151.61353	31.075424	-97.98383	-192.23665	110.0	110.0	230999	-275.25113	16.367416	-233.81203	-333.04727	-275.25107	16.364882	-233.836	-333.78745	-0.47190794	1.1485537	5.8181944	-8.28387	275.04648	0.6579077	2531.108237504959
141	-161.9575	8.582272	-143.67531	-177.7987	-143.31235	23.844288	-99.07702	-181.57863	110.0	110.0	232649	-274.81625	16.322367	-232.89084	-332.15048	-274.8165	16.320377	-233.22456	-332.60605	-0.45987016	1.1513953	5.1576996	-8.037661	274.61017	0.6595729	2547.9148931503296
142	-152.77444	15.943681	-119.17242	-175.60637	-150.02908	33.84098	-89.86289	-189.1231	110.0	110.0	234299	-274.8367	16.385418	-232.5699	-332.863	-274.8365	16.38451	-232.61945	-333.49585	-0.46487576	1.1496491	5.5120187	-10.9222355	274.6324	0.6745135	2564.8054718971252
143	-149.06363	13.683214	-129.57394	-177.71352	-150.60017	17.720078	-123.044754	-180.65752	110.0	110.0	235949	-274.4297	16.433556	-231.30545	-333.9136	-274.42978	16.432014	-231.71661	-334.12567	-0.45414948	1.1563458	5.8204236	-11.621288	274.2255	0.69369525	2582.1669857501984
144	-165.29437	21.153736	-120.04163	-208.14125	-143.52405	23.95607	-100.713394	-190.24763	110.0	110.0	237599	-273.88394	16.489307	-230.69006	-334.92105	-273.88388	16.489376	-230.64261	-334.8904	-0.45424366	1.1533014	5.311882	-8.396591	273.68304	0.6861312	2599.068320274353
145	-154.76292	14.118458	-127.682846	-173.10986	-134.37045	24.083055	-93.76873	-166.97775	110.0	110.0	239249	-273.34515	16.706697	-229.82195	-334.80075	-273.34503	16.706331	-229.51637	-335.46094	-0.44938144	1.1575935	5.634946	-11.702051	273.14328	0.6997634	2617.400915622711
146	-158.02394	10.681851	-133.64699	-176.41255	-132.41551	21.864697	-89.739975	-167.85269	110.0	110.0	240899	-272.8379	16.879885	-228.64848	-336.03668	-272.83795	16.879105	-228.84264	-336.23236	-0.44402525	1.1645207	5.4327183	-9.286828	272.63614	0.69491243	2635.680055618286
147	-157.79654	19.181675	-116.74773	-185.89946	-155.1947	24.484568	-113.88241	-208.71518	110.0	110.0	242549	-272.66782	16.971712	-229.0161	-335.76443	-272.6677	16.970432	-229.05974	-336.134	-0.442295	1.1599197	5.089236	-10.456423	272.46594	0.69300306	2655.4788179397583
148	-159.07872	17.717257	-126.59927	-189.03885	-142.22197	19.275064	-94.87341	-161.0423	110.0	110.0	244199	-272.20825	16.993353	-227.61272	-336.56064	-272.20828	16.99218	-227.8077	-336.66095	-0.44058403	1.163307	5.5206814	-8.719215	272.00232	0.6868451	2675.192772626877
149	-157.89456	14.259962	-130.54004	-183.57071	-151.15524	27.259987	-96.67172	-193.83945	110.0	110.0	245849	-272.11386	17.16028	-227.38818	-336.9913	-272.11368	17.159895	-227.0116	-336.9232	-0.4477162	1.1600413	5.4928145	-9.867804	271.91437	0.69975203	2692.72811293602
150	-164.81734	14.569103	-135.71622	-189.41406	-141.38123	21.014639	-106.55777	-176.11382	110.0	110.0	247499	-271.87427	17.258	-226.88988	-337.56763	-271.8743	17.257536	-226.85052	-337.19763	-0.42665824	1.1765432	5.4422655	-8.46013	271.67038	0.7091773	2713.010496854782
151	-160.21597	14.335138	-123.15573	-183.1535	-149.0495	16.42352	-121.62911	-175.50806	110.0	110.0	249149	-271.32605	17.401917	-225.4722	-336.4642	-271.326	17.400417	-225.40485	-336.44202	-0.43152207	1.1725845	5.7775426	-8.222629	271.12616	0.7033492	2730.582590818405
152	-156.01318	15.352382	-127.11644	-177.30641	-142.47655	21.880371	-115.79169	-187.29567	110.0	110.0	250799	-270.99158	17.599865	-225.18208	-337.93433	-270.9915	17.599018	-225.38211	-338.09167	-0.4257251	1.16945	5.261854	-9.790078	270.78952	0.6985077	2751.1749353408813
153	-156.47046	14.94428	-128.3865	-182.15788	-138.64897	21.98757	-115.0311	-186.07027	110.0	110.0	252449	-270.82867	17.663212	-224.12291	-337.37402	-270.82864	17.662191	-224.02605	-337.50406	-0.42417595	1.1673292	5.4002237	-9.906063	270.62653	0.69961023	2768.573372364044
154	-162.81703	17.465609	-122.44125	-187.21727	-142.51108	20.714804	-112.97805	-177.75032	110.0	110.0	254099	-270.37744	17.756193	-222.79942	-336.818	-270.37756	17.755928	-222.77911	-337.68625	-0.4207141	1.1712029	5.7234526	-8.801182	270.17538	0.71011204	2785.4246129989624
155	-158.1184	11.458802	-140.23482	-185.02882	-133.70908	25.599762	-81.737015	-169.94968	110.0	110.0	255749	-269.82437	17.85784	-222.44478	-335.87814	-269.82416	17.85741	-222.48686	-336.02353	-0.4035028	1.1868008	5.1083665	-9.560358	269.62024	0.72001183	2803.281076669693
156	-157.07426	15.727997	-124.05117	-182.25177	-135.67485	15.243731	-114.78999	-163.68979	110.0	110.0	257399	-269.0952	17.831234	-222.22429	-335.40088	-269.0951	17.831688	-222.29906	-335.11328	-0.39125714	1.190895	5.254743	-8.209668	268.88626	0.7177345	2821.483615875244
157	-150.39447	15.686023	-116.7903	-175.15523	-142.92978	31.470695	-75.03227	-175.44386	110.0	110.0	259049	-268.5304	17.775776	-221.6801	-335.11972	-268.53012	17.775856	-221.77533	-335.82907	-0.39344764	1.1911758	5.7622128	-9.453016	268.32376	0.7204118	2838.4244496822357
158	-158.81346	18.592161	-135.1221	-190.32115	-153.92586	30.818188	-72.18118	-185.714	110.0	110.0	260699	-268.35904	17.871317	-221.77458	-334.33844	-268.35898	17.870539	-221.63039	-334.8963	-0.4001919	1.1867718	5.24043	-9.518054	268.15637	0.7224968	2856.7897901535034
159	-151.73691	10.55418	-132.4826	-168.88924	-143.48512	28.917353	-89.88788	-193.78528	110.0	110.0	262349	-268.11673	18.194721	-220.96768	-334.43604	-268.1166	18.19468	-220.66418	-335.00668	-0.3821514	1.1917672	5.815395	-9.025829	267.91077	0.7300891	2875.3774325847626
160	-155.21213	15.804482	-128.43903	-181.49907	-130.93222	13.506783	-111.44975	-148.73952	110.0	110.0	263999	-267.58862	18.292002	-219.80798	-335.43768	-267.5884	18.292723	-219.58687	-335.64014	-0.3817232	1.1969718	5.7968054	-11.251078	267.3818	0.7253054	2896.637430667877
161	-156.57664	11.283665	-137.4084	-181.63246	-148.58626	12.885845	-116.617455	-167.51527	110.0	110.0	265649	-267.06265	18.345116	-219.07259	-333.04694	-267.06247	18.344727	-219.11479	-333.30884	-0.38771194	1.19765	5.8631034	-9.991034	266.85825	0.7199596	2917.5829956531525
162	-149.83855	19.133047	-110.292694	-174.44638	-134.09375	20.9656	-93.875336	-160.84511	110.0	110.0	267299	-266.77734	18.330189	-218.94461	-333.44666	-266.77716	18.33148	-219.01971	-334.16824	-0.3760202	1.1952252	5.0066857	-8.99183	266.57132	0.718162	2934.4712886810303
163	-149.47139	17.55141	-119.10743	-183.32027	-130.6224	27.012089	-83.97346	-159.5592	110.0	110.0	268949	-266.16147	18.269205	-218.54118	-333.9543	-266.16122	18.270617	-218.35521	-334.39966	-0.36616594	1.20414	5.6407433	-9.764377	265.95456	0.72168726	2954.9619376659393
164	-158.54237	14.622215	-124.098335	-184.25142	-138.38794	21.15532	-100.55195	-175.56969	110.0	110.0	270599	-265.7561	18.452414	-217.24663	-331.46893	-265.756	18.453876	-217.2142	-332.38544	-0.3636228	1.2036555	5.648129	-9.757166	265.54498	0.72014266	2974.6490745544434
165	-151.5766	17.776157	-111.72036	-174.49808	-143.53442	20.588778	-113.31082	-171.02019	110.0	110.0	272249	-264.8167	18.37717	-216.76035	-330.35974	-264.81647	18.377684	-216.55478	-331.17642	-0.34676322	1.20692	5.301772	-9.511046	264.60345	0.7368548	2992.889815568924
166	-158.53267	19.822632	-128.93942	-203.43498	-134.57272	26.86693	-98.57719	-177.02473	110.0	110.0	273899	-264.20908	18.4243	-215.6293	-329.17755	-264.20895	18.425209	-215.60025	-330.12997	-0.35153273	1.2037833	6.0483217	-7.955505	263.99542	0.74052274	3010.239156961441
167	-150.5806	18.447044	-101.576706	-181.84642	-130.35051	19.990574	-98.17992	-156.80153	110.0	110.0	275549	-263.41168	18.429062	-214.4434	-328.3135	-263.41153	18.429354	-214.4704	-328.68576	-0.32979986	1.2139324	5.195403	-9.082727	263.19473	0.74248075	3027.344735622406
168	-152.57082	11.076234	-131.60152	-172.74089	-139.3151	33.372414	-60.70544	-191.56914	110.0	110.0	277199	-262.5019	18.548685	-212.3659	-328.4743	-262.5017	18.549917	-212.547	-328.97003	-0.31936058	1.2215177	6.5008516	-10.96676	262.2802	0.74269384	3045.7462441921234
169	-152.95068	21.151747	-115.0792	-184.60254	-145.4689	25.74838	-96.67555	-171.53061	110.0	110.0	278849	-261.59393	18.529978	-213.00827	-329.1803	-261.59378	18.531708	-212.79958	-328.50903	-0.32149234	1.2142041	5.8971977	-11.89048	261.37372	0.75849855	3065.708578824997
170	-148.58842	18.332159	-117.24332	-180.20912	-147.01126	26.905565	-109.092	-187.0816	110.0	110.0	280499	-260.97342	18.4098	-212.70915	-329.43967	-260.97305	18.41053	-212.25017	-329.05054	-0.31449038	1.2172925	5.7489386	-11.440336	260.75522	0.7562547	3083.3909447193146
171	-151.51694	13.493054	-122.47275	-174.14624	-127.97838	29.890736	-72.50965	-168.53993	110.0	110.0	282149	-260.35648	18.431622	-211.80255	-327.9782	-260.35638	18.433146	-211.63278	-328.25598	-0.30303848	1.2242513	5.890895	-8.728199	260.13242	0.76331055	3100.195513010025
172	-153.54068	17.118069	-116.80341	-184.10219	-140.87473	32.225517	-95.36177	-184.83266	110.0	110.0	283799	-259.59552	18.499857	-210.90637	-326.7655	-259.5952	18.501703	-210.94272	-326.64108	-0.2995428	1.2234355	5.6298385	-9.484791	259.3688	0.758174	3118.7114114761353
173	-148.46706	12.569271	-123.0683	-164.79468	-134.54962	17.085342	-112.912506	-164.69513	110.0	110.0	285449	-258.7992	18.270914	-209.33264	-326.9172	-258.79913	18.272043	-209.32062	-326.7551	-0.29121962	1.2311678	5.775076	-9.345661	258.57385	0.7593672	3137.063137292862
174	-146.09229	17.614475	-118.64257	-172.97684	-135.59186	27.441578	-63.292896	-166.30952	110.0	110.0	287099	-258.07742	18.233595	-208.62402	-327.1693	-258.07718	18.236174	-208.61247	-326.92438	-0.28630853	1.2347032	5.58728	-9.151642	257.85135	0.7701551	3155.3652079105377
175	-142.05136	15.9285345	-114.892555	-181.0517	-148.24539	22.729921	-108.662735	-168.13167	110.0	110.0	288749	-257.02234	18.287048	-208.17543	-327.35458	-257.02234	18.289495	-207.95435	-327.48083	-0.27024078	1.2357911	5.7584643	-9.032745	256.78516	0.7897642	3173.869658470154
176	-153.33798	15.237315	-129.11633	-182.72842	-129.89958	24.785706	-85.2414	-168.58667	110.0	110.0	290399	-255.5088	18.002275	-207.16095	-327.1167	-255.50848	18.004578	-207.16647	-326.93845	-0.25173032	1.2533026	5.7604814	-9.594398	255.26909	0.7914475	3195.5129251480103
177	-146.01811	12.037835	-127.050354	-169.43527	-108.25621	23.53763	-65.91929	-145.15717	110.0	110.0	292049	-254.80124	17.841854	-207.03741	-325.89252	-254.80116	17.843666	-206.97353	-325.81467	-0.25168577	1.2428192	6.4508276	-8.672485	254.56268	0.80299026	3214.8017773628235
178	-138.37563	14.940665	-113.471275	-163.41219	-134.25388	21.990465	-91.48009	-161.374	110.0	110.0	293699	-254.37009	17.704912	-206.5598	-326.88214	-254.3701	17.707008	-206.71695	-326.3018	-0.2604084	1.2442511	6.128692	-8.771552	254.13402	0.80905443	3231.5441193580627
179	-146.65103	21.47803	-100.67268	-177.10854	-123.32778	35.55822	-68.84908	-183.56856	110.0	110.0	295349	-253.53319	17.784218	-205.80196	-325.11285	-253.53294	17.785793	-206.06183	-325.4787	-0.23666951	1.2559581	5.627716	-10.569394	253.29257	0.8140523	3249.1896011829376
180	-138.85707	18.21812	-113.13246	-170.64398	-129.10588	18.098997	-97.17934	-163.63849	110.0	110.0	296999	-252.38832	17.656042	-206.01071	-325.29755	-252.3882	17.65728	-206.11562	-325.44467	-0.22850658	1.2546546	5.881674	-9.520334	252.14491	0.8323584	3269.222831726074
181	-147.2947	13.714008	-116.04357	-164.57736	-124.99518	28.885212	-75.448906	-169.71016	110.0	110.0	298649	-251.57103	17.624685	-204.67711	-325.3435	-251.57103	17.6261	-205.02194	-325.2917	-0.21126318	1.2651649	7.0155168	-9.777637	251.32152	0.8316918	3288.7382912635803
182	-144.51329	19.267443	-116.959564	-179.9049	-140.52875	23.999794	-101.4325	-165.45503	110.0	110.0	300299	-249.8288	17.566324	-204.09708	-325.55194	-249.82863	17.567467	-204.02364	-324.91797	-0.20275964	1.2716141	6.0751004	-9.722136	249.57481	0.84818184	3306.4851248264313
183	-145.91428	19.0639	-113.3295	-179.5101	-136.39857	26.395445	-68.8257	-170.68944	110.0	110.0	301949	-248.81624	17.394215	-203.1453	-322.50598	-248.8162	17.3954	-203.15161	-324.32153	-0.19115113	1.276141	6.602379	-9.586222	248.56166	0.8575247	3324.13884973526
184	-152.85098	16.682846	-128.28793	-185.04652	-125.04231	23.13938	-84.54187	-154.57695	110.0	110.0	303599	-247.63832	17.655182	-201.50706	-323.68066	-247.6382	17.657093	-201.55602	-323.05325	-0.1918384	1.2771658	5.6625905	-11.576761	247.3778	0.8642458	3345.8163907527924
185	-140.77036	14.5941725	-120.47516	-177.00844	-133.78969	31.55258	-60.88616	-170.31232	110.0	110.0	305249	-246.43597	17.78485	-201.29608	-322.95343	-246.43602	17.785767	-201.0936	-323.69162	-0.17800137	1.2811315	6.3384156	-10.360108	246.17609	0.89704686	3364.6218090057373
186	-145.2796	15.637009	-123.62188	-179.79396	-118.553696	23.407295	-85.07314	-158.51544	110.0	110.0	306899	-245.96829	17.525122	-203.1578	-322.34747	-245.96805	17.525436	-203.01064	-322.53455	-0.16797735	1.2921891	7.634291	-9.793811	245.70436	0.8873647	3382.929786682129
187	-143.63605	14.932814	-118.176125	-180.22488	-117.77352	21.364515	-71.31449	-145.77719	110.0	110.0	308549	-245.60533	17.862213	-203.8062	-322.01703	-245.60548	17.86262	-203.8247	-322.4617	-0.17818251	1.2785325	6.393579	-9.223177	245.34682	0.89509934	3399.902117729187
188	-144.58084	19.141657	-108.954384	-180.88799	-122.71735	35.16394	-62.46617	-173.651	110.0	110.0	310199	-244.7513	17.904417	-203.10304	-323.44565	-244.7511	17.905033	-203.23206	-322.62097	-0.16662362	1.2935293	6.462366	-9.044347	244.48848	0.9006161	3418.2168765068054
189	-147.77806	17.57232	-114.58578	-190.95828	-136.42668	36.75899	-49.7589	-175.28365	110.0	110.0	311849	-244.33208	17.765072	-203.99312	-320.00302	-244.33208	17.76482	-203.9977	-320.61633	-0.16689284	1.2890166	6.39968	-9.920375	244.07114	0.879405	3436.2505247592926
190	-143.53833	21.742138	-113.39006	-201.9943	-155.88127	13.040696	-130.69933	-178.65259	110.0	110.0	313499	-244.41968	17.74143	-203.46452	-320.32385	-244.41968	17.741022	-202.95937	-319.64316	-0.17740926	1.2862153	6.276232	-9.381607	244.1675	0.8864477	3453.2931401729584
191	-149.2675	17.086658	-123.27055	-176.18002	-138.78954	23.873262	-79.126144	-168.48958	110.0	110.0	315149	-244.6246	17.677095	-202.7883	-320.58423	-244.62444	17.676695	-202.29988	-320.96024	-0.18052474	1.2834829	5.8384266	-8.966437	244.37231	0.8771021	3470.495591878891
192	-146.27667	15.655086	-117.44627	-183.52391	-149.84526	29.005522	-91.39	-180.86725	110.0	110.0	316799	-244.86931	17.570112	-204.04771	-319.93146	-244.86926	17.569271	-203.41206	-319.71976	-0.1733153	1.2865534	6.1116586	-9.191525	244.61537	0.8677341	3488.929420232773
193	-147.00096	19.883211	-115.87869	-193.69147	-135.18338	25.07669	-90.72948	-174.48071	110.0	110.0	318449	-244.12617	17.386484	-203.94312	-319.54715	-244.126	17.386242	-203.1332	-320.35114	-0.16435568	1.2904998	5.887417	-9.863081	243.86765	0.8767148	3509.6220219135284
194	-151.72195	13.038877	-135.22002	-186.71898	-145.7955	35.65316	-55.02724	-179.80351	110.0	110.0	320099	-243.57413	16.851696	-203.49556	-314.35843	-243.57407	16.8516	-203.11168	-315.43466	-0.17701459	1.287036	6.144694	-9.630682	243.31837	0.8834409	3530.6488728523254
195	-142.48367	15.235542	-111.52354	-160.84178	-125.45265	34.313416	-87.79148	-205.46825	110.0	110.0	321749	-243.71898	16.740753	-203.51999	-315.48688	-243.71889	16.740395	-203.39615	-315.83563	-0.17687663	1.2843531	6.168811	-7.9633675	243.46701	0.86359274	3548.8753912448883
196	-144.19571	16.533152	-118.41975	-180.74124	-133.32335	34.703697	-78.30547	-176.14062	110.0	110.0	323399	-244.04715	16.635239	-204.52518	-316.86325	-244.0471	16.634466	-204.54143	-316.54605	-0.17968166	1.283987	5.82759	-10.790102	243.80075	0.85331106	3570.25111413002
197	-142.9334	11.599318	-114.77597	-160.00644	-132.55782	35.846363	-40.321785	-173.3459	110.0	110.0	325049	-244.24779	16.587097	-205.72368	-316.43076	-244.24759	16.587465	-205.3051	-316.91278	-0.18982778	1.2797425	6.6767654	-9.481674	244.00258	0.85703295	3588.1285071372986
198	-152.87727	15.6397295	-133.44495	-192.7411	-123.71918	17.35268	-96.79598	-168.82935	110.0	110.0	326699	-243.88199	16.58513	-204.15207	-317.18317	-243.88177	16.583961	-203.4868	-317.10587	-0.17815286	1.2918203	6.359814	-9.959475	243.63185	0.8636396	3607.4369246959686
199	-140.74149	14.730618	-108.94282	-164.69437	-131.27956	30.630697	-70.82084	-179.84709	110.0	110.0	328349	-243.00008	16.625647	-202.28247	-318.5784	-243.0002	16.62582	-202.46823	-318.45615	-0.17402132	1.2940232	6.1232357	-13.643486	242.74734	0.8793147	3625.8841304779053
200	-149.2019	15.530109	-126.90112	-180.10454	-142.9817	17.692213	-114.3694	-165.56044	110.0	110.0	329999	-242.41605	16.54686	-201.0989	-315.871	-242.41592	16.547045	-201.40392	-315.68472	-0.1726446	1.2875855	7.0968146	-8.625964	242.15799	0.87743384	3643.6899769306183
201	-146.18852	16.32044	-120.4031	-179.91362	-126.84977	18.919168	-102.96077	-164.20114	110.0	110.0	331649	-241.17903	16.327452	-199.94379	-313.77945	-241.17899	16.327375	-199.98657	-315.25342	-0.15365691	1.2969155	6.565873	-11.986471	240.91682	0.8814262	3661.7393028736115
202	-137.80081	14.94633	-120.22147	-174.68146	-116.59829	33.959106	-48.557	-171.6842	110.0	110.0	333299	-240.39291	16.305166	-199.54872	-313.63354	-240.3929	16.303831	-198.98866	-313.6639	-0.14967054	1.3023643	6.638498	-10.605863	240.13174	0.88501537	3678.6697402000427
203	-148.69876	21.138035	-114.12032	-193.91466	-140.00769	23.67391	-96.0165	-170.54358	110.0	110.0	334949	-240.18513	16.505127	-199.06065	-314.49667	-240.18538	16.504755	-198.34573	-314.83188	-0.15860389	1.2921162	6.303892	-9.17572	239.92676	0.8731107	3695.860394716263
204	-142.69951	10.676842	-127.76408	-167.21913	-114.77159	40.875904	-55.35629	-175.78969	110.0	110.0	336599	-240.09663	16.401775	-200.8332	-316.00247	-240.0964	16.401106	-199.96635	-315.65048	-0.16303585	1.2885779	7.5648203	-11.490983	239.84447	0.8827496	3715.797780275345
205	-142.93666	15.432702	-117.29752	-169.22296	-125.920334	28.508091	-87.269905	-164.90456	110.0	110.0	338249	-239.65094	16.268791	-199.51353	-315.0216	-239.65099	16.266598	-198.351	-314.76913	-0.15234718	1.2913716	6.571748	-8.804077	239.38908	0.88116664	3735.6468777656555
206	-141.93826	15.139672	-114.619286	-170.39832	-131.51132	20.069832	-99.36784	-165.00484	110.0	110.0	339899	-238.20064	16.283573	-199.58774	-316.1761	-238.2008	16.283411	-199.38564	-315.85077	-0.14068867	1.3028362	6.6660542	-9.668463	237.93925	0.8955214	3754.047369480133
207	-141.02806	11.467213	-127.113304	-160.68492	-118.25771	22.194134	-79.40816	-150.49974	110.0	110.0	341549	-238.15341	16.202538	-198.80135	-314.88855	-238.15335	16.201881	-198.59015	-314.94	-0.13728517	1.3047414	6.3801546	-9.566319	237.89084	0.8795199	3772.384932756424
208	-143.82497	20.953922	-108.40378	-181.12814	-127.81383	19.114252	-95.54566	-155.07816	110.0	110.0	343199	-237.83365	16.094269	-198.76512	-310.6792	-237.8337	16.09294	-198.3055	-310.9557	-0.14039929	1.2986654	5.6945662	-8.660583	237.57329	0.8981231	3789.229121208191
209	-149.67432	17.249605	-119.17013	-180.039	-131.10995	27.179937	-84.96356	-168.16403	110.0	110.0	344849	-237.79936	15.873001	-199.24783	-311.47552	-237.79932	15.870796	-199.49277	-310.52252	-0.14308603	1.3054949	6.392091	-8.779554	237.54356	0.88654524	3807.5725989341736
210	-148.64731	20.744448	-111.576935	-176.77855	-139.60605	20.367268	-108.09163	-172.10878	110.0	110.0	346499	-237.33682	15.668508	-198.37068	-308.9857	-237.33707	15.668135	-198.95732	-308.67593	-0.14151916	1.3015357	6.0680575	-11.568823	237.07845	0.8779127	3826.06689620018
211	-139.51642	17.805454	-109.00237	-172.05338	-120.54923	34.319946	-53.08127	-163.67842	110.0	110.0	348149	-236.95348	15.4516735	-198.89372	-306.95605	-236.9535	15.4521885	-198.9302	-306.4294	-0.14350984	1.3055568	5.8120203	-11.120639	236.69727	0.8888724	3844.6542756557465
212	-147.0024	17.047613	-124.48559	-177.74237	-141.77422	35.24727	-85.0252	-191.85938	110.0	110.0	349799	-237.52742	15.176431	-200.04567	-302.3862	-237.52754	15.17567	-200.18379	-302.5534	-0.1573331	1.2898124	6.5373507	-9.521229	237.27637	0.88336384	3862.4649946689606
213	-149.89523	17.48919	-124.9808	-178.48595	-134.92331	18.46294	-93.45163	-166.06631	110.0	110.0	351449	-237.70119	14.827039	-201.28757	-301.05942	-237.70116	14.825624	-201.21057	-300.91052	-0.16224214	1.2945682	6.2008495	-10.51544	237.44852	0.88847405	3881.9814381599426
214	-138.52461	13.951541	-114.50589	-160.31001	-147.87912	18.940323	-106.5279	-171.28372	110.0	110.0	353099	-237.99873	14.764749	-202.45491	-302.21225	-237.9988	14.764322	-202.17073	-301.4476	-0.16529103	1.294814	6.557978	-9.725681	237.75386	0.891716	3902.4146721363068
215	-140.52547	14.608604	-109.02179	-168.74547	-139.10367	24.857779	-75.30994	-169.44809	110.0	110.0	354749	-237.71672	14.607411	-202.20233	-299.5362	-237.71692	14.607697	-201.82944	-298.56094	-0.15587455	1.2927549	5.6849823	-10.989765	237.4664	0.8581018	3920.9914212226868
216	-142.00446	17.057926	-112.77951	-187.02304	-144.62286	28.771822	-99.93872	-189.6184	110.0	110.0	356399	-237.37051	14.294356	-202.02945	-293.60526	-237.3705	14.29487	-202.27574	-293.9318	-0.16379787	1.2911764	6.040762	-8.804876	237.12341	0.85907286	3941.3252005577087
217	-144.04611	15.570271	-115.65681	-175.45633	-142.40482	14.375112	-119.26255	-171.56516	110.0	110.0	358049	-236.98029	14.264589	-201.05882	-293.02774	-236.98045	14.2635355	-200.89455	-292.59897	-0.16205034	1.2874317	7.252132	-12.85783	236.7316	0.85806835	3960.665600538254
218	-145.61098	12.237396	-121.802	-162.16138	-136.78442	26.906641	-85.499405	-177.5269	110.0	110.0	359699	-236.57336	14.263829	-200.92932	-296.17764	-236.57362	14.262141	-200.72873	-295.3613	-0.14176051	1.2921306	6.214473	-8.54577	236.3192	0.8713102	3977.9275147914886
219	-134.7579	9.188874	-121.46155	-153.19975	-156.06638	18.70456	-131.49976	-183.27626	110.0	110.0	361349	-235.8969	14.280006	-201.00096	-295.20856	-235.89685	14.279421	-201.25569	-293.88614	-0.15021339	1.2900044	7.093027	-8.4096	235.6457	0.8712386	3996.3022859096527
220	-142.84818	12.293033	-124.828896	-165.05537	-134.4571	35.367886	-63.379337	-169.52	110.0	110.0	362999	-235.5103	14.366072	-200.02097	-294.8837	-235.51053	14.364886	-200.45523	-294.8032	-0.1451551	1.2918499	6.283149	-10.015023	235.25731	0.8659375	4013.1778602600098
221	-141.23203	8.366864	-127.28315	-154.66826	-127.32881	28.145208	-75.81655	-181.1929	110.0	110.0	364649	-234.72495	14.488656	-198.08304	-294.1071	-234.72502	14.487709	-198.1545	-293.39297	-0.13620418	1.2956927	6.3498373	-10.576799	234.46872	0.87873197	4031.649303674698
222	-146.41313	9.035239	-131.93036	-167.79654	-117.090904	29.534546	-66.16884	-177.93523	110.0	110.0	366299	-234.92287	14.389652	-198.11438	-292.0366	-234.92284	14.3891115	-198.00435	-292.09967	-0.1426299	1.2907178	6.9722342	-9.464367	234.6714	0.8599112	4051.3532309532166
223	-140.92177	11.898592	-121.293655	-163.4744	-134.19627	36.824184	-61.979965	-175.65115	110.0	110.0	367949	-235.40771	14.263415	-197.89618	-293.4082	-235.40771	14.262814	-198.14474	-292.83084	-0.16947311	1.2831994	6.3226337	-9.801274	235.1608	0.8560334	4070.462129831314
224	-145.11092	10.559218	-124.61787	-174.98714	-129.3631	19.578629	-102.00653	-155.0416	110.0	110.0	369599	-235.75719	14.289393	-200.02289	-295.63733	-235.75743	14.289265	-200.20232	-294.44342	-0.16563475	1.2877704	5.8832827	-12.646651	235.51086	0.8541003	4088.467873811722
225	-144.5271	15.969143	-116.562996	-170.2087	-133.60916	21.022472	-91.97777	-160.9679	110.0	110.0	371249	-235.96883	14.26796	-201.3712	-294.09692	-235.96867	14.267246	-201.2901	-294.49155	-0.17053035	1.2851574	5.8934937	-13.303022	235.72807	0.84601885	4106.938152313232
226	-143.63525	19.750444	-111.09668	-169.23788	-138.2976	18.130041	-98.58062	-164.17072	110.0	110.0	372899	-235.7602	14.406234	-200.86154	-294.05392	-235.76048	14.4057665	-201.01808	-294.18726	-0.16581936	1.2789974	6.510619	-10.284425	235.51152	0.8265601	4123.848858833313
227	-138.79854	11.906794	-117.45569	-166.401	-128.9352	33.576153	-67.18007	-175.50807	110.0	110.0	374549	-235.42099	14.575462	-199.13187	-292.66144	-235.42102	14.5743685	-199.25385	-292.04523	-0.1540912	1.2951145	6.5535254	-9.432974	235.1725	0.8446449	4145.47722697258
228	-147.0752	9.899718	-129.01323	-165.61905	-121.824196	21.86189	-88.056496	-153.86983	110.0	110.0	376199	-234.62979	14.736361	-199.03532	-291.30197	-234.6299	14.735756	-199.14104	-290.04825	-0.149832	1.2869624	6.109371	-11.174093	234.37837	0.84248644	4164.895330667496
229	-139.8692	12.753673	-115.5302	-167.19191	-135.57112	23.72215	-87.48913	-161.19574	110.0	110.0	377849	-234.5268	14.758971	-199.5725	-291.40256	-234.52686	14.757862	-199.67903	-290.61893	-0.15439263	1.2914195	6.4519405	-8.860607	234.27962	0.8479697	4183.216501712799
230	-137.69736	10.26991	-122.05407	-156.55197	-133.953	37.751804	-40.47649	-179.41505	110.0	110.0	379499	-233.44379	14.624568	-198.19102	-290.24896	-233.44391	14.624158	-198.12074	-289.00742	-0.15231778	1.2899556	6.628678	-11.538084	233.19083	0.84171385	4204.939255952835
231	-154.07034	13.517412	-132.7135	-182.79123	-120.40969	30.755718	-73.537025	-180.4624	110.0	110.0	381149	-233.23772	14.567954	-197.27048	-291.09247	-233.2377	14.5682125	-197.4078	-289.69363	-0.1525961	1.2882127	6.2619185	-8.774722	232.98784	0.8377278	4223.949574232101
232	-146.59775	11.258935	-129.04698	-168.75624	-118.96653	20.081223	-95.055664	-159.20161	110.0	110.0	382799	-233.06374	14.918018	-197.6321	-288.34393	-233.06404	14.917499	-197.61325	-288.20117	-0.15160963	1.2913284	6.626276	-8.714853	232.81201	0.85014945	4242.22348690033
233	-141.51094	15.36985	-120.838066	-173.49016	-124.05055	24.217585	-83.437035	-160.77817	110.0	110.0	384449	-232.83656	14.983904	-197.0719	-290.60416	-232.83675	14.98229	-197.14027	-290.09317	-0.14443643	1.2894723	6.420087	-10.101377	232.58537	0.8565185	4260.420425891876
234	-136.87672	9.609981	-120.69428	-157.21606	-110.90253	31.028536	-41.557423	-162.96657	110.0	110.0	386099	-232.76595	14.913053	-197.05606	-289.96283	-232.76599	14.910439	-197.23828	-289.47354	-0.15420589	1.2896534	6.2056537	-9.129314	232.52185	0.84191453	4278.309760808945
235	-144.07666	12.547457	-116.73003	-163.29703	-130.49466	31.515427	-82.96352	-173.57295	110.0	110.0	387749	-232.92958	14.794084	-197.92375	-290.74622	-232.9297	14.792863	-197.9078	-289.62817	-0.15308	1.2880219	6.202856	-11.503805	232.68367	0.8485712	4296.748161554337
236	-135.80205	12.134597	-123.19434	-171.8411	-124.88833	27.9286	-72.47007	-174.68526	110.0	110.0	389399	-232.81169	14.903607	-197.84764	-291.1137	-232.81174	14.902652	-197.8076	-290.6583	-0.14898697	1.2826778	6.3397493	-9.91941	232.56299	0.84070295	4318.430898427963
237	-154.22191	18.204966	-118.95	-183.46165	-121.89431	23.837835	-81.806526	-166.00784	110.0	110.0	391049	-232.63379	14.991888	-196.52571	-287.94946	-232.63411	14.988951	-196.62714	-288.82962	-0.14770931	1.2938288	6.4428287	-9.635892	232.38841	0.8352517	4338.309256076813
238	-147.54495	12.638485	-120.62712	-165.48322	-131.76523	18.286888	-105.0759	-159.72974	110.0	110.0	392699	-232.26324	14.889771	-196.79732	-287.35974	-232.26337	14.887819	-197.0745	-288.04233	-0.14756493	1.2973124	6.469348	-8.968387	232.01242	0.83813864	4355.289973974228
239	-132.61102	15.664666	-108.54474	-169.63797	-120.53902	22.51657	-84.39754	-169.04935	110.0	110.0	394349	-232.32825	14.711361	-197.76726	-285.4701	-232.32846	14.708326	-197.74677	-285.40387	-0.14937738	1.2882348	5.8513174	-9.128054	232.0841	0.8238741	4372.779936790466
240	-137.70549	13.623326	-113.47642	-163.2877	-125.24965	15.569123	-92.45951	-145.51414	110.0	110.0	395999	-232.12291	14.493414	-197.1284	-286.97073	-232.12312	14.490243	-197.0977	-286.48315	-0.1458246	1.2926686	6.490514	-10.92258	231.87686	0.83270365	4390.249146223068
241	-141.9732	15.505222	-121.854	-172.31151	-131.82878	20.215508	-100.80905	-162.98193	110.0	110.0	397649	-232.21614	14.308415	-198.17964	-289.5504	-232.21602	14.305791	-198.10255	-288.97443	-0.152823	1.2836684	6.320408	-9.418029	231.9767	0.82963645	4407.093891620636
242	-137.7126	11.4357395	-111.6242	-160.11662	-131.77696	33.986607	-75.89842	-176.97931	110.0	110.0	399299	-232.62383	14.076	-198.3204	-287.6618	-232.62405	14.073877	-198.31427	-287.31845	-0.16642904	1.281828	6.4496903	-10.097599	232.38814	0.8158949	4425.356852054596
243	-141.61302	15.36532	-119.1776	-167.10114	-132.54948	17.893038	-91.895424	-158.68108	110.0	110.0	400949	-232.85275	14.034265	-198.09402	-286.99283	-232.85292	14.031645	-198.01985	-288.4042	-0.16479895	1.2773684	6.868397	-10.783264	232.6228	0.8174866	4444.683502197266
244	-139.71687	11.670218	-119.564514	-155.89589	-129.2133	23.306728	-85.53607	-178.87569	110.0	110.0	402599	-232.77896	14.0807	-198.50343	-287.38535	-232.77904	14.077759	-198.48477	-287.57465	-0.16737898	1.2790607	7.0231466	-9.95324	232.54451	0.808461	4465.867316961288
245	-134.29341	13.670471	-115.33776	-164.24612	-130.37256	27.53464	-86.86758	-178.58647	110.0	110.0	404249	-232.63943	14.028406	-198.15787	-287.15125	-232.63976	14.024934	-198.36931	-287.72708	-0.16009042	1.2789905	6.4412827	-11.01837	232.40443	0.8172288	4483.277917146683
246	-143.77327	12.000787	-123.964714	-164.32649	-142.33775	23.126476	-109.53623	-182.35062	110.0	110.0	405899	-232.41023	13.896604	-198.74146	-289.67197	-232.41049	13.893064	-198.62932	-291.1822	-0.15193538	1.2808061	6.7880135	-11.273894	232.16922	0.8059452	4503.08945775032
247	-135.60661	16.650879	-107.6674	-164.78098	-113.838646	21.481987	-80.8899	-153.186	110.0	110.0	407549	-231.55107	13.913119	-197.93414	-288.49777	-231.5512	13.9095545	-198.07805	-288.46484	-0.14873384	1.2865654	6.9766135	-11.106057	231.3124	0.8123087	4522.748504161835
248	-136.69884	12.973177	-114.65155	-167.71298	-128.86594	27.097448	-66.27448	-163.75597	110.0	110.0	409199	-231.08165	14.256474	-196.70781	-287.15378	-231.08185	14.253431	-197.22906	-287.8817	-0.15302701	1.2787408	6.525732	-9.892783	230.84108	0.7949068	4539.838782072067
249	-140.43968	12.356506	-117.61134	-173.38255	-139.00774	32.76155	-61.179447	-188.1676	110.0	110.0	410849	-231.44037	14.492818	-196.25327	-288.5946	-231.44058	14.4897175	-196.47473	-289.38278	-0.15851337	1.2867421	6.571936	-9.999393	231.205	0.8110103	4557.127623319626
250	-137.46625	16.900637	-104.47985	-168.2004	-116.25877	28.087427	-73.46487	-159.3533	110.0	110.0	412499	-231.30461	14.719868	-196.1818	-289.76282	-231.30473	14.716967	-196.65138	-290.39307	-0.14674754	1.2844005	6.473039	-10.181375	231.06783	0.80970424	4575.502853155136
251	-134.41953	14.882817	-104.966515	-157.26535	-129.17302	30.179691	-64.83191	-176.35405	110.0	110.0	414149	-231.00032	14.774454	-194.94533	-288.18515	-231.00053	14.770998	-194.65207	-288.49478	-0.16430883	1.2815355	6.539388	-11.708433	230.76544	0.8183486	4593.754817247391
252	-131.63055	6.662372	-122.147964	-143.7965	-116.894165	16.970629	-82.97035	-141.20813	110.0	110.0	415799	-230.26524	14.960347	-193.73132	-287.03885	-230.26546	14.95756	-193.58046	-287.3472	-0.14933169	1.2845473	5.82879	-10.545595	230.0266	0.81098956	4611.898986816406
253	-135.7005	17.643848	-102.47003	-161.29869	-126.3478	31.162449	-68.26103	-174.30309	110.0	110.0	417449	-229.94208	15.109785	-193.40553	-289.30933	-229.94232	15.106235	-193.58221	-289.64398	-0.1453566	1.2788966	5.6814256	-9.497669	229.70436	0.81098884	4629.485831260681
254	-143.48859	15.883471	-115.68527	-168.41286	-132.58763	22.142838	-103.12221	-179.0498	110.0	110.0	419099	-230.02919	14.836784	-193.8961	-289.46066	-230.0294	14.834227	-194.23227	-289.8455	-0.14501478	1.283929	5.923577	-8.875226	229.7974	0.81220645	4646.286361455917
255	-136.68198	9.429116	-123.95941	-159.5172	-123.73118	28.416174	-75.600044	-166.09807	110.0	110.0	420749	-230.10611	14.699739	-193.4621	-287.2283	-230.10608	14.696661	-193.77106	-288.4963	-0.14719744	1.2801048	6.6726055	-8.772722	229.87306	0.8192314	4663.121277809143
256	-143.38864	13.985242	-118.25094	-172.0488	-119.3348	23.554419	-76.362625	-145.77885	110.0	110.0	422399	-230.17426	14.523987	-193.85912	-287.27475	-230.17464	14.520322	-194.20627	-288.1192	-0.14628258	1.2788879	6.668099	-9.078489	229.94269	0.80154717	4681.4057676792145
257	-134.27771	12.431331	-111.1244	-150.9292	-139.64102	20.326767	-99.55578	-173.11597	110.0	110.0	424049	-230.08836	14.593492	-193.34012	-287.30975	-230.08832	14.5906725	-193.76683	-287.79614	-0.15040974	1.273619	6.540909	-12.013754	229.85866	0.8043672	4698.405952692032
258	-135.10973	14.503945	-116.26318	-164.37503	-110.41115	32.309673	-54.21282	-147.31136	110.0	110.0	425699	-229.92024	14.607932	-193.19891	-288.292	-229.92061	14.604715	-192.92447	-289.60678	-0.14406975	1.276293	8.1676445	-10.887836	229.6864	0.808458	4716.768047571182
259	-138.57663	15.143907	-118.67351	-170.72095	-114.72363	19.254753	-84.01305	-141.24667	110.0	110.0	427349	-229.37617	14.675104	-192.1511	-287.98004	-229.37639	14.670935	-192.47665	-289.21692	-0.14474411	1.2836143	6.0825396	-10.92462	229.14346	0.81951624	4734.227715730667
260	-135.43546	11.345202	-121.32121	-166.9868	-119.72213	30.126986	-74.11853	-176.18431	110.0	110.0	428999	-229.33333	14.396108	-193.27019	-286.883	-229.3336	14.392998	-193.58058	-287.76434	-0.14496568	1.2788566	7.9765096	-8.854244	229.10437	0.80387104	4752.090789556503
261	-134.81795	13.218653	-121.63236	-168.40569	-120.587975	23.784296	-83.419945	-165.35782	110.0	110.0	430649	-228.95084	14.273674	-192.8952	-287.57855	-228.95076	14.270029	-192.8079	-287.5324	-0.14742847	1.2803639	6.6851454	-10.206294	228.71805	0.8090439	4773.36225104332
262	-131.26079	21.354923	-87.97607	-158.98152	-119.39485	29.438797	-71.11288	-167.85078	110.0	110.0	432299	-228.87683	14.354479	-191.58362	-284.8919	-228.87714	14.35216	-191.3417	-284.7621	-0.15133807	1.2739185	6.153891	-8.8082905	228.64665	0.81929815	4793.28017115593
263	-143.5271	13.888828	-115.32677	-167.9001	-115.938644	25.218475	-79.108864	-158.70395	110.0	110.0	433949	-229.06575	14.354051	-192.58516	-286.88428	-229.06584	14.3520565	-192.4866	-287.4547	-0.14743346	1.2827845	7.2185907	-9.424688	228.83852	0.80551726	4813.451334953308
264	-130.42387	15.487652	-107.47135	-158.20247	-137.96689	31.09732	-70.491135	-182.98907	110.0	110.0	435599	-228.9865	14.368699	-192.3024	-284.6225	-228.98659	14.36622	-192.61569	-283.9234	-0.14734462	1.2699839	7.02445	-10.800906	228.76405	0.82552385	4830.4728417396545
265	-140.0606	14.411041	-120.907814	-184.43149	-127.3029	30.603264	-78.67515	-173.36534	110.0	110.0	437249	-228.8201	14.348798	-192.24318	-284.0141	-228.82039	14.345731	-191.91539	-284.13794	-0.14330252	1.2745172	6.3736734	-9.498919	228.59111	0.81102556	4848.719893693924
266	-134.23183	17.014538	-110.534325	-173.37656	-139.99316	29.788048	-64.92012	-177.83948	110.0	110.0	438899	-228.72388	14.457117	-192.195	-284.982	-228.724	14.455186	-192.4537	-283.74622	-0.1424114	1.2828692	7.3678126	-9.121988	228.49747	0.816714	4866.77454829216
267	-131.62033	15.421479	-109.02962	-156.56505	-130.76025	35.839962	-55.9876	-179.3284	110.0	110.0	440549	-228.45232	14.564864	-192.69292	-285.18777	-228.45235	14.56195	-192.40291	-285.1321	-0.14640999	1.282011	6.7991166	-9.660431	228.22356	0.8003719	4883.5816349983215
268	-134.65176	14.509455	-106.97487	-160.93903	-125.0119	26.539988	-82.278824	-166.70427	110.0	110.0	442199	-227.87259	14.732997	-192.9673	-283.98328	-227.8727	14.730989	-192.78899	-283.77927	-0.14367475	1.2854767	6.7171907	-9.695078	227.64296	0.8005764	4900.4931309223175
269	-142.67262	15.866157	-111.94907	-170.16063	-120.744286	35.866047	-60.65552	-180.24326	110.0	110.0	443849	-227.46448	15.001244	-191.5953	-285.7979	-227.46478	14.998396	-191.1793	-284.86743	-0.15056203	1.2725283	6.544469	-9.461989	227.23367	0.8031999	4919.000910282135
270	-131.06216	14.870252	-112.76169	-154.62111	-114.24884	37.037712	-45.733067	-176.39023	110.0	110.0	445499	-227.40417	15.031737	-191.83575	-285.39798	-227.40434	15.030064	-192.04004	-284.53427	-0.13657922	1.2790072	6.59802	-10.276527	227.17567	0.81811225	4940.985541343689
271	-135.1411	12.130975	-114.30638	-159.74835	-141.14871	20.63082	-94.81201	-167.20264	110.0	110.0	447149	-227.56621	14.857308	-191.57367	-285.16263	-227.5663	14.855379	-191.91808	-283.45187	-0.14046475	1.2774498	5.9886456	-10.029386	227.33879	0.8067489	4962.370599985123
272	-136.77402	14.050864	-110.189964	-171.40234	-112.08501	21.230717	-73.57049	-136.86496	110.0	110.0	448799	-227.65239	14.81371	-192.35767	-282.93774	-227.65271	14.812347	-192.71266	-283.6399	-0.15871365	1.2696358	6.1961603	-8.610013	227.42682	0.79281175	4981.913576126099
273	-139.31635	15.929126	-116.83478	-168.94377	-138.16531	27.077984	-103.24205	-178.50484	110.0	110.0	450449	-227.29684	14.931126	-192.16965	-283.31067	-227.29701	14.928156	-192.21585	-283.93777	-0.14597178	1.2797935	6.143084	-10.554861	227.06761	0.80976313	4999.330184459686
274	-138.53351	14.962835	-113.964066	-165.85254	-129.94121	28.886826	-83.794205	-178.97963	110.0	110.0	452099	-226.61823	14.823677	-191.21956	-281.76285	-226.61838	14.822373	-191.4484	-282.2755	-0.13682528	1.2744248	6.8956203	-9.371715	226.39026	0.8039244	5016.662817239761
275	-143.24832	19.679626	-110.408806	-172.54599	-122.63059	32.86466	-60.11058	-185.36517	110.0	110.0	453749	-226.5453	14.859845	-190.77386	-285.33722	-226.54558	14.857249	-190.91278	-285.55753	-0.13943498	1.2779176	6.7552514	-9.972455	226.31924	0.81682575	5036.801933526993
276	-138.48418	15.872299	-118.524765	-168.96642	-120.91317	24.074131	-79.184784	-163.72836	110.0	110.0	455399	-226.43275	14.978344	-190.13954	-284.6372	-226.43272	14.976682	-190.27496	-284.9982	-0.13966392	1.271939	6.415446	-10.031792	226.20705	0.815179	5055.877970695496
277	-136.8589	19.777355	-99.43909	-177.29959	-116.9259	21.98634	-69.44452	-144.07176	110.0	110.0	457049	-226.53433	14.77741	-190.36984	-284.04608	-226.53462	14.775062	-190.69557	-284.1119	-0.14415474	1.272047	6.328458	-9.199249	226.30867	0.81044465	5074.334016561508
278	-138.6364	14.624355	-120.396484	-161.46217	-122.21328	25.88047	-83.82079	-172.90266	110.0	110.0	458699	-226.71707	14.54941	-190.9615	-282.64444	-226.71712	14.546805	-190.91005	-283.20737	-0.1504559	1.2675219	6.116482	-8.253702	226.49757	0.80381346	5092.568400382996
279	-138.853	14.162209	-116.22836	-166.32123	-125.48928	11.995786	-104.11668	-142.89178	110.0	110.0	460349	-226.78929	14.871959	-189.95255	-283.89993	-226.78938	14.87122	-190.26587	-282.30014	-0.15783685	1.266549	6.0387654	-9.2915745	226.57222	0.79768354	5111.02939248085
280	-132.88756	17.129784	-107.9455	-175.73509	-113.701004	28.329994	-72.466965	-147.63164	110.0	110.0	461999	-226.70415	14.797747	-190.36737	-283.8623	-226.70444	14.795452	-190.66624	-283.69397	-0.14874415	1.2775766	6.466891	-11.526651	226.48784	0.7877293	5129.337842941284
281	-135.00844	17.237019	-105.15029	-171.63152	-113.44005	29.027649	-73.49309	-163.23602	110.0	110.0	463649	-226.83212	14.598736	-191.31096	-282.81418	-226.8322	14.597363	-191.53976	-281.821	-0.15042004	1.2751845	6.9123244	-10.621063	226.61317	0.79391485	5149.562981128693
282	-137.2725	23.242678	-105.61873	-182.74385	-131.73924	23.092426	-99.82215	-170.34898	110.0	110.0	465299	-227.03738	14.7524805	-191.2332	-283.54553	-227.0375	14.750638	-191.31963	-283.79657	-0.15779991	1.2682096	6.7928057	-9.962838	226.819	0.8036732	5169.836460351944
283	-137.00906	17.782112	-115.9283	-177.31572	-113.2842	26.635225	-50.661484	-147.12979	110.0	110.0	466949	-226.61917	14.981616	-190.17798	-284.4441	-226.6193	14.97928	-190.38261	-284.31802	-0.15165897	1.2696393	6.8456774	-8.443268	226.39618	0.8059212	5187.805689096451
284	-136.7198	14.626032	-113.16688	-162.45116	-110.87356	34.92883	-29.29483	-163.14607	110.0	110.0	468599	-226.68582	14.977727	-190.15915	-285.6784	-226.68587	14.975459	-190.41437	-285.83752	-0.16210043	1.2715774	6.711135	-9.612263	226.47365	0.7970726	5204.577904701233
285	-132.62372	13.152749	-115.92706	-154.0869	-122.61179	31.740446	-63.25869	-163.84834	110.0	110.0	470249	-226.55751	14.993914	-191.59753	-284.6337	-226.55772	14.990996	-191.51936	-285.64572	-0.14683828	1.2766157	6.4005337	-9.845736	226.33928	0.79997593	5221.359685659409
286	-134.02708	16.701666	-101.80933	-173.05786	-112.718834	24.233057	-80.55129	-160.26138	110.0	110.0	471899	-226.16252	15.194688	-190.788	-283.9783	-226.16249	15.192278	-190.53282	-284.19144	-0.14808396	1.2691983	6.086711	-9.74168	225.94266	0.7942762	5242.183025836945
287	-133.27127	15.487515	-112.648155	-167.53127	-113.02596	31.756138	-71.48652	-174.57741	110.0	110.0	473549	-225.85808	15.007326	-190.66989	-284.67004	-225.8583	15.005371	-190.76338	-284.87534	-0.14390694	1.2782439	6.445534	-10.47642	225.63734	0.793614	5265.976222753525
288	-130.07108	17.081575	-111.31328	-171.50052	-123.005875	22.042562	-78.44623	-154.92119	110.0	110.0	475199	-225.49419	15.156703	-190.44322	-284.66626	-225.49419	15.15439	-190.74301	-284.24362	-0.13863581	1.2777954	6.5658894	-8.926362	225.27612	0.7958329	5289.628213405609
289	-131.9012	17.227507	-109.113686	-169.40807	-126.11239	34.46561	-48.83532	-175.72836	110.0	110.0	476849	-225.97852	15.202303	-191.29071	-285.174	-225.97855	15.199876	-191.40004	-286.27948	-0.15023994	1.2702341	6.321034	-8.838063	225.76761	0.79711956	5312.301895618439
290	-133.13266	12.9838	-115.90601	-162.0727	-130.29344	12.239577	-111.23314	-149.83551	110.0	110.0	478499	-226.21318	15.123146	-192.31837	-283.46286	-226.21349	15.121056	-192.27481	-285.30518	-0.15816222	1.2641336	6.229193	-9.597617	226.00598	0.7886411	5335.703544378281
291	-135.02371	20.1512	-106.7947	-186.82948	-97.229034	28.906008	-60.801014	-140.63818	110.0	110.0	480149	-226.23384	15.270211	-192.33653	-285.4946	-226.2338	15.268409	-192.28047	-285.1993	-0.15628839	1.2662034	5.7953963	-8.394907	226.02095	0.7884236	5359.684531927109
292	-136.78334	18.393162	-106.4973	-182.06848	-125.47957	31.419983	-58.856415	-174.91827	110.0	110.0	481799	-225.82979	15.483633	-190.14398	-286.20978	-225.82986	15.482065	-190.07587	-287.03647	-0.14372252	1.269853	7.450545	-10.305923	225.6148	0.7908098	5383.456193685532
293	-136.15736	10.007862	-120.67392	-155.58229	-132.09889	33.802277	-73.50423	-180.17113	110.0	110.0	483449	-225.1416	15.510412	-189.76099	-284.4001	-225.14189	15.507502	-189.71983	-283.2566	-0.15438625	1.2602232	7.0492077	-9.511393	224.92838	0.7950968	5406.684683799744
294	-140.00748	15.184469	-105.63548	-170.86685	-129.57613	28.861889	-94.117805	-176.86827	110.0	110.0	485099	-224.99602	15.5412445	-189.69852	-284.6149	-224.99612	15.5391035	-189.20407	-284.8247	-0.14810874	1.2688929	6.5675526	-10.045261	224.784	0.792902	5429.751667261124
295	-134.91542	17.137243	-100.93462	-172.50845	-117.03544	19.839054	-80.5673	-152.43648	110.0	110.0	486749	-224.91583	15.660526	-188.14624	-285.94556	-224.91583	15.658128	-188.388	-285.90182	-0.1377599	1.2733382	5.8549843	-9.717348	224.69974	0.7961834	5450.905953168869
296	-126.48987	13.537395	-99.74477	-146.26877	-114.072914	23.288597	-83.081215	-155.79666	110.0	110.0	488399	-224.5209	15.7628975	-188.26848	-287.499	-224.52113	15.762115	-188.04988	-288.1094	-0.14514558	1.2703831	6.400862	-8.237055	224.3086	0.80588424	5474.6288731098175
297	-132.25645	11.98351	-116.590935	-155.85677	-130.65501	29.288858	-73.78192	-170.61127	110.0	110.0	490049	-224.65152	15.773854	-188.31992	-286.44684	-224.65141	15.771315	-188.32141	-287.98746	-0.14511149	1.2700635	5.902339	-11.793151	224.4419	0.7966085	5497.520026445389
298	-146.15807	15.976369	-112.044304	-171.69005	-117.286964	23.457857	-77.82673	-154.21729	110.0	110.0	491699	-224.55893	15.647119	-189.44461	-287.0226	-224.55904	15.645374	-189.57991	-285.25992	-0.14928624	1.2666637	5.957979	-12.708892	224.34644	0.7902346	5521.645913362503
