Epoch	AverageEpRet	StdEpRet	MaxEpRet	MinEpRet	AverageTestEpRet	StdTestEpRet	MaxTestEpRet	MinTestEpRet	EpLen	TestEpLen	TotalEnvInteracts	AverageQVals	StdQVals	MaxQVals	MinQVals	LossPi	LossQ	Time
1	-24101.256	2674.11	-21049.098	-30787.45	-14739.591	8669.671	-1719.4666	-27915.164	400.0	400.0	5999	-480.29175	429.17328	18.99028	-2346.06	443.23386	1155.4838	72.71826004981995
2	-24490.94	3973.1235	-17162.543	-33155.188	-5068.5376	2818.1885	-1646.5365	-11182.157	400.0	400.0	11999	-754.428	606.60254	72.6226	-3538.765	687.6987	2383.6248	157.8411192893982
3	-24892.709	3357.136	-18297.703	-30196.621	-4939.6196	2290.482	-1850.9923	-10056.376	400.0	400.0	17999	-522.0638	399.09262	258.60782	-2646.7458	455.93134	1843.9518	242.30689358711243
4	-10367.844	9196.692	-2234.5056	-25929.875	-4608.6196	3257.8887	-710.8125	-12200.278	400.0	400.0	23999	-262.43073	408.76364	752.10504	-2028.553	199.48758	1495.9882	327.678959608078
5	-3646.1477	1641.068	-1322.2131	-6557.8374	-4625.169	2989.285	-824.5353	-10297.786	400.0	400.0	29999	47.998154	436.40308	1161.1865	-1819.0824	-101.55488	1182.7494	409.8433849811554
6	-3311.5637	1611.3123	-1451.4918	-6908.548	-5787.3486	9327.539	-649.43933	-33338.977	400.0	400.0	35999	355.8918	423.0398	1557.489	-1625.2999	-402.511	1025.0411	501.4969804286957
7	-3821.3882	4511.0522	-1118.0328	-19774.693	-4676.5103	2494.3655	-1977.2928	-10339.23	400.0	400.0	41999	608.07166	401.48053	2106.6157	-1209.4008	-649.8026	909.87115	590.8105852603912
8	-4040.0183	3071.4229	-1296.6161	-11418.393	-4595.1577	3398.9348	-2046.9119	-14157.237	400.0	400.0	47999	914.2572	445.78717	2644.5952	-855.5619	-954.67035	867.67786	677.7983069419861
9	-4212.8696	3252.4165	-704.03467	-12613.624	-3735.934	1457.7299	-2311.7366	-6827.677	400.0	400.0	53999	1256.3785	490.325	2865.865	-778.66516	-1293.1472	871.3047	770.6928460597992
10	-4260.3066	3389.475	-1329.0242	-12070.65	-3774.6628	3831.1116	-1169.9625	-14744.69	400.0	400.0	59999	1544.0619	518.1522	3370.6492	-580.19147	-1578.5597	872.7909	860.3361389636993
11	-3534.5537	1943.4265	-1146.9313	-7682.707	-2910.9622	1269.2675	-1037.763	-4826.117	400.0	400.0	65999	1830.7631	559.9978	3797.0854	-337.34155	-1865.0631	903.57715	958.2699205875397
12	-3139.2407	1668.3684	-1331.8425	-7739.57	-4789.8823	3453.2097	-1423.3624	-11435.276	400.0	400.0	71999	2191.0693	564.6435	4445.2266	-388.47623	-2226.1704	992.0526	1062.6309151649475
13	-4750.7896	4366.1606	-1419.8497	-14855.418	-3685.1597	3196.3345	-917.5921	-11995.624	400.0	400.0	77999	2578.6216	572.0868	4993.119	-65.512695	-2611.243	1092.5093	1171.9729125499725
14	-3208.9944	1632.5725	-1315.0026	-5496.426	-2810.3215	2245.5403	-1355.5475	-9295.042	400.0	400.0	83999	2877.6074	571.4953	5518.8794	429.55652	-2906.32	1119.8629	1291.5687205791473
15	-3132.7703	1174.5673	-1105.049	-4833.614	-3612.5886	1693.9652	-1843.9733	-6933.6426	400.0	400.0	89999	3140.8003	601.0203	6251.9224	559.4265	-3169.8027	1073.715	1429.9829154014587
16	-4300.328	2671.9924	-1198.9814	-11881.632	-3750.7437	2397.1511	-1044.5076	-6977.294	400.0	400.0	95999	3438.3125	661.3766	6893.271	759.89264	-3466.6533	1076.9534	1561.9917199611664
17	-3469.437	3205.975	-1244.038	-13460.266	-5200.577	3138.6848	-1714.4441	-10579.275	400.0	400.0	101999	3711.0076	704.1023	7251.517	661.47565	-3737.833	1059.0912	1688.8643498420715
18	-3558.2034	3696.6968	-1340.992	-16078.722	-6253.745	7594.4683	-1391.3313	-27735.252	400.0	400.0	107999	4007.3618	710.2998	7406.702	992.439	-4035.5984	1072.2207	1828.1770932674408
19	-3006.9736	1385.8512	-1345.3728	-6142.371	-3946.306	2676.1682	-864.0203	-10408.533	400.0	400.0	113999	4332.2915	718.51306	7645.0366	1027.6727	-4359.307	1061.5913	1964.3719446659088
20	-3783.6135	1485.6349	-1727.5461	-7226.109	-2857.0813	2614.049	-785.6587	-9700.867	400.0	400.0	119999	4638.4263	776.33295	7932.386	1283.8221	-4665.618	1010.434	2099.667077064514
21	-3337.5662	1459.3064	-952.66614	-5711.3354	-2736.237	1668.5513	-631.6389	-6597.9067	400.0	400.0	125999	4998.034	788.1253	8400.742	1414.8602	-5025.9985	1029.4811	2239.014593601227
22	-2167.8499	1182.6992	-975.0367	-5089.1416	-1871.7838	691.188	-911.9076	-2855.1045	400.0	400.0	131999	5348.8745	786.9433	8804.442	1762.9258	-5375.845	1023.44	2372.3165311813354
23	-2683.725	1499.0482	-732.6635	-6426.1377	-3048.178	1444.4551	-1049.886	-6226.5635	400.0	400.0	137999	5714.722	800.9223	9165.199	1892.4053	-5742.584	1045.3444	2509.7240538597107
24	-2553.2769	1272.2568	-616.21674	-5648.465	-2806.2317	1710.3783	-846.2713	-5824.3433	400.0	400.0	143999	6117.706	838.25555	9990.096	2716.1526	-6145.485	1049.3448	2649.0150973796844
25	-3435.0203	2296.3115	-953.0974	-8380.591	-2430.6177	1334.9043	-459.31952	-5265.0645	400.0	400.0	149999	6490.5225	873.8261	10305.052	2797.558	-6516.3145	1045.2992	2787.438721179962
26	-2368.404	1369.0482	-1011.74335	-5752.5425	-4811.3086	3794.2795	-1555.673	-11745.412	400.0	400.0	155999	6838.1494	876.34534	10534.616	3381.6926	-6863.6914	1071.174	2916.2904992103577
27	-3103.8013	1627.3412	-1137.238	-6663.488	-2887.5044	1385.5271	-716.8328	-4876.258	400.0	400.0	161999	7190.7236	877.50385	10892.851	3907.4712	-7215.704	1054.2593	3048.794390439987
28	-2978.746	1428.6982	-1462.9573	-6548.7954	-3119.132	1510.0575	-861.9957	-4956.6562	400.0	400.0	167999	7557.926	897.2075	11178.628	4350.805	-7582.26	1075.984	3191.306130170822
29	-2509.8738	1779.0873	-636.0587	-6645.828	-2493.9973	945.2898	-816.9959	-4593.045	400.0	400.0	173999	7927.307	926.9374	11390.282	4691.4614	-7951.604	1159.3236	3334.672988176346
30	-2749.9111	1521.0029	-1049.1853	-7267.434	-3653.823	2199.4392	-1246.6648	-8932.62	400.0	400.0	179999	8286.295	953.90656	11498.585	4731.935	-8310.787	1151.0022	3478.0015609264374
31	-3933.32	2301.504	-516.45844	-9714.217	-3563.7485	1797.6239	-1284.2367	-7013.1235	400.0	400.0	185999	8656.971	954.3864	11949.857	4758.021	-8681.993	1199.1989	3622.1941006183624
32	-3775.6897	2371.8997	-1314.4652	-9193.122	-2598.664	1357.1482	-855.96387	-5511.9775	400.0	400.0	191999	9083.661	986.4151	12403.556	5350.1733	-9110.719	1276.2501	3759.4875676631927
33	-2595.0894	1699.3901	-469.96216	-6360.382	-2754.5977	1494.66	-999.98834	-6005.781	400.0	400.0	197999	9504.084	1016.4506	12789.874	5665.5576	-9528.778	1308.9077	3892.4372520446777
34	-4002.5974	3777.6885	-370.68735	-15494.337	-3384.5886	3901.9863	-780.1744	-14597.959	400.0	400.0	203999	9897.118	1058.4564	13521.167	5711.3125	-9923.674	1347.4155	4044.962201833725
35	-3497.8174	2540.798	-473.65936	-8982.475	-2867.6653	1288.6583	-899.33325	-4913.359	400.0	400.0	209999	10369.4795	1092.3065	14407.433	5760.492	-10396.835	1447.0145	4186.298048496246
36	-3922.5576	3235.818	-848.0222	-14754.402	-4430.968	3602.5144	-1131.3517	-11426.708	400.0	400.0	215999	10834.202	1135.7118	15690.146	6457.567	-10861.723	1512.1154	4333.488379001617
37	-4079.2292	2381.615	-1323.3953	-9844.074	-2470.207	1280.0137	-653.31683	-4949.0415	400.0	400.0	221999	11325.517	1189.0281	16412.84	6931.8477	-11353.224	1563.2296	4480.584738731384
38	-3898.1453	2383.7705	-594.6215	-8432.806	-4406.1753	3228.6694	-1078.9867	-10714.324	400.0	400.0	227999	11842.951	1240.4354	17212.178	7401.611	-11870.988	1643.8368	4626.429385185242
39	-4011.9814	2690.6484	-961.1372	-10797.632	-3619.3276	3707.7354	-412.44424	-14126.3125	400.0	400.0	233999	12375.0205	1244.0914	17557.97	8314.881	-12404.219	1697.428	4768.522623538971
40	-3631.9897	2793.2817	-763.84827	-10192.957	-3922.0657	2759.0518	-1060.9368	-9351.768	400.0	400.0	239999	12925.056	1265.4866	17974.777	8535.578	-12955.299	1809.1732	4917.882473945618
41	-3927.1338	2289.9287	-1149.4387	-8840.227	-3496.9504	2261.2278	-1287.4178	-8232.492	400.0	400.0	245999	13536.413	1278.8114	18342.531	9204.24	-13567.675	1897.5017	5055.406585216522
42	-4667.5576	3213.464	-980.7108	-14766.8	-3927.938	3550.4138	-577.76074	-12782.781	400.0	400.0	251999	14161.004	1299.6157	19398.744	10312.502	-14192.242	1874.8289	5204.53084731102
43	-3554.7134	2074.4287	-1376.7358	-10372.169	-3114.1194	1232.8395	-1595.5471	-5216.483	400.0	400.0	257999	14729.843	1317.0328	20179.818	10917.103	-14759.86	1853.7427	5340.158455371857
44	-3776.9329	2939.1865	-875.1788	-11865.563	-5311.8584	3090.0889	-1093.7572	-10211.026	400.0	400.0	263999	15341.356	1315.718	20678.76	11179.0	-15372.612	2035.3435	5477.015197753906
45	-4353.413	3220.7424	-772.4564	-14807.682	-5625.585	4345.2026	-1699.2988	-17330.307	400.0	400.0	269999	15931.551	1297.2305	21013.514	12296.793	-15960.968	2094.1436	5612.808151960373
46	-5328.8574	3637.9492	-810.3203	-14532.101	-6667.543	6358.2437	-125.36035	-21071.11	400.0	400.0	275999	16500.281	1318.5392	21888.838	12900.149	-16530.56	2133.992	5753.969681978226
47	-3789.188	3181.092	-726.94977	-14510.928	-3999.226	3326.5642	-634.3406	-11407.384	400.0	400.0	281999	17171.107	1359.9915	22556.89	13702.405	-17204.615	2257.5608	5898.604648113251
48	-2995.893	1652.2909	-1111.1957	-6323.8354	-3700.9016	2580.1926	-827.27625	-10148.567	400.0	400.0	287999	17855.02	1364.5461	23174.105	13977.087	-17888.648	2352.639	6060.575068235397
49	-3157.0325	2078.7664	-1267.6882	-9453.786	-4029.138	2554.8586	-866.47815	-8356.4375	400.0	400.0	293999	18549.05	1364.86	23796.727	14270.522	-18582.023	2299.675	6208.331830263138
50	-3825.4302	2744.9438	-1332.2518	-10199.721	-3215.2485	3622.5432	-1015.443	-13520.196	400.0	400.0	299999	19267.887	1386.0907	24637.287	14933.379	-19302.447	2451.0198	6359.273422002792
51	-3465.6802	2618.915	-885.1459	-8586.838	-2846.2603	1105.1478	-1231.5822	-4657.9897	400.0	400.0	305999	20038.32	1421.8627	25686.348	16276.935	-20073.96	2532.5234	6508.383591413498
52	-4429.323	3800.582	-975.82153	-16289.518	-1744.2327	1120.697	-652.1112	-3594.7776	400.0	400.0	311999	20773.758	1423.5552	26421.963	17063.033	-20807.18	2440.0547	6657.845421552658
53	-3087.1055	1651.057	-544.1041	-6440.191	-4152.0537	4263.1587	-996.1991	-13875.302	400.0	400.0	317999	21484.336	1450.3257	27441.412	18039.656	-21517.95	2446.9236	6803.008264541626
54	-2890.0955	1401.0272	-1041.5725	-5396.1816	-2376.6409	1946.1725	-820.932	-7483.6816	400.0	400.0	323999	22184.9	1479.2135	28097.287	18787.654	-22218.67	2539.7983	6957.789613485336
55	-4227.939	3029.5247	-987.63385	-10412.544	-3203.419	3053.5322	-765.70746	-9237.652	400.0	400.0	329999	22939.783	1540.4385	28771.434	19416.986	-22974.598	2744.5078	7108.55056142807
56	-4713.7124	3200.1714	-1091.8362	-12019.997	-5246.445	3829.546	-1186.3601	-14006.832	400.0	400.0	335999	23666.145	1618.1846	30007.697	20157.145	-23699.072	2747.2478	7267.413537502289
57	-3767.082	2156.6855	-747.82776	-7748.9517	-6266.686	5270.8784	-905.18585	-16809.463	400.0	400.0	341999	24355.574	1652.1193	31270.86	20912.332	-24388.469	2740.505	7410.35449385643
58	-4479.9185	3339.24	-1242.233	-12808.527	-3054.4104	1663.4404	-1062.8112	-6893.933	400.0	400.0	347999	25048.52	1602.9585	31396.006	21452.4	-25081.754	2746.4456	7569.5345714092255
59	-4881.406	3327.0498	-1137.9253	-11132.48	-5528.484	4278.198	-703.2991	-16241.926	400.0	400.0	353999	25812.953	1617.0277	31629.61	21904.572	-25849.934	2941.039	7721.14567565918
60	-3716.27	3154.4534	-1081.4386	-10986.107	-6583.697	4644.152	-1947.6875	-15296.944	400.0	400.0	359999	26647.674	1682.1084	32488.812	22372.84	-26683.781	2925.6284	7867.371294498444
61	-4916.6787	4921.9194	-768.15686	-21636.92	-2555.925	883.56537	-1445.0319	-4036.8608	400.0	400.0	365999	27457.242	1752.8345	33025.797	23354.63	-27494.09	3085.2446	8027.679785490036
62	-3480.0085	2994.0366	-1015.345	-10762.958	-5498.1357	4436.4033	-1292.6376	-14821.327	400.0	400.0	371999	28306.31	1833.7229	34006.66	23687.512	-28343.518	3250.6367	8179.060750246048
63	-5061.7124	4368.4404	-522.5353	-18773.316	-8530.033	5544.2876	-911.23676	-15782.03	400.0	400.0	377999	29142.914	1862.7186	34873.72	24268.771	-29181.17	3387.6306	8322.676396608353
64	-3197.758	1813.232	-1498.2781	-8054.0327	-5975.6733	5272.4565	-609.70496	-15189.026	400.0	400.0	383999	29980.572	1890.2593	36399.684	24988.002	-30015.729	3446.8228	8472.750294446945
65	-4469.0225	3470.373	-163.97998	-12396.553	-5269.0244	4929.345	-708.04767	-18712.602	400.0	400.0	389999	30774.965	1942.166	37297.92	25274.277	-30812.742	3608.484	8627.077852487564
66	-3981.3333	1645.5887	-1953.1532	-7776.746	-8089.3447	6903.874	-1536.4464	-23926.771	400.0	400.0	395999	31655.346	1982.9987	38402.18	25973.14	-31694.783	3982.2627	8783.739694356918
67	-7196.9346	5963.939	-1527.9534	-24744.682	-3432.4753	2968.97	-507.26395	-9292.915	400.0	400.0	401999	32650.912	2032.8348	39224.082	26419.676	-32694.81	4429.951	8940.661119222641
68	-5894.2646	2873.471	-1839.4945	-13707.087	-5751.0566	5839.6216	-538.2657	-18892.594	400.0	400.0	407999	33700.902	2073.4456	41109.363	27253.975	-33745.617	4736.878	9090.129336118698
69	-8003.702	7183.233	-1807.7585	-31934.965	-7196.286	5541.0005	-3053.4126	-22506.133	400.0	400.0	413999	34768.094	2164.256	42232.81	28040.285	-34814.355	4959.6035	9252.724482536316
70	-6103.593	5938.4307	-1282.8024	-25412.523	-5652.3936	4936.219	-956.2118	-18360.754	400.0	400.0	419999	35968.04	2216.738	44642.01	28439.059	-36019.83	5588.969	9412.42586684227
71	-5594.568	3816.7363	-1083.9576	-13498.248	-7915.878	6852.2153	-1295.0066	-20652.78	400.0	400.0	425999	37297.027	2248.0237	46551.184	29713.785	-37350.77	6002.444	9565.83174753189
72	-9485.468	5860.892	-3287.8638	-20882.906	-5715.969	4780.4224	-939.5563	-18358.857	400.0	400.0	431999	38571.918	2260.8574	48054.89	30897.123	-38622.105	6282.527	9727.759044885635
73	-6684.501	7637.2563	-1053.3822	-33836.734	-4195.247	3070.9265	-634.093	-9967.751	400.0	400.0	437999	39870.35	2277.447	49318.242	31509.17	-39925.355	6907.972	9885.790426254272
74	-4811.8286	2689.8174	-817.69	-10315.986	-6866.379	5019.674	-1550.2904	-18234.246	400.0	400.0	443999	41235.95	2255.4673	51147.22	32906.742	-41290.23	6926.983	10046.86756324768
75	-5748.9263	3632.602	-772.7545	-13221.219	-5891.8877	4500.2964	-1707.6885	-18096.088	400.0	400.0	449999	42645.465	2172.426	53017.418	33986.336	-42703.945	7356.402	10194.580892324448
76	-6979.977	5188.5767	-1372.6823	-17190.734	-12225.225	8087.0815	-1574.8247	-25800.223	400.0	400.0	455999	44201.242	2102.27	54038.156	36210.066	-44266.12	7857.6865	10345.594803333282
77	-7356.044	5799.7734	-1035.5223	-25591.107	-4236.3813	3905.0415	-1490.1145	-15334.303	400.0	400.0	461999	46093.51	2627.9624	58587.13	38854.125	-46172.383	9112.402	10494.527976512909
78	-6118.789	5521.481	-985.2741	-18782.715	-9805.765	7090.3657	-1856.1362	-20481.523	400.0	400.0	467999	48007.266	3550.1384	64636.582	40385.3	-48071.785	9314.056	10642.312841653824
79	-6053.7085	4344.6997	-1169.963	-15784.291	-6798.1733	7304.3687	-1307.39	-25347.521	400.0	400.0	473999	49545.727	3799.5781	67035.21	41707.11	-49606.87	9273.588	10813.935406208038
80	-6416.947	5360.1636	-614.02	-17377.7	-6718.048	4311.1133	-1020.4902	-13923.497	400.0	400.0	479999	51106.055	4098.445	68552.39	42906.246	-51167.812	9417.756	10969.078994989395
81	-9166.579	3742.158	-3247.4546	-15319.032	-6475.665	5421.8867	-1268.3638	-16544.871	400.0	400.0	485999	52639.03	4292.629	70694.56	44070.76	-52700.82	9406.552	11132.152890205383
82	-8042.762	7592.6655	-1239.5569	-25884.041	-5917.7646	3326.6716	-1358.8011	-11563.048	400.0	400.0	491999	54324.207	4459.584	72562.875	44733.363	-54389.098	9670.707	11283.179076910019
83	-6865.284	3892.8347	-1972.1091	-13886.125	-3971.2676	1747.6167	-2085.2249	-6944.8223	400.0	400.0	497999	55963.887	4560.48	74985.984	47219.58	-56028.117	9693.303	11436.315685272217
84	-8011.6987	5044.473	-1049.8456	-16698.809	-7423.6616	4489.2417	-1507.1696	-16041.39	400.0	400.0	503999	57529.9	4666.773	76952.66	48212.15	-57589.223	9389.922	11605.353191375732
85	-5782.9507	4583.416	-522.0195	-14662.438	-6599.2134	5609.1387	-964.61664	-21435.896	400.0	400.0	509999	59012.613	4777.0874	78281.36	49263.305	-59071.383	9367.968	11764.563547372818
86	-5174.9297	3321.0972	-1529.2251	-13615.023	-8534.895	5953.069	-1080.4895	-21903.064	400.0	400.0	515999	60523.344	4821.8896	79557.58	50324.527	-60583.125	9489.188	11917.553745985031
87	-5567.2324	4766.9507	-870.79865	-19059.066	-7442.5923	4114.114	-1584.916	-14776.941	400.0	400.0	521999	61993.152	4835.356	80601.89	51738.297	-62053.03	9307.564	12083.674559116364
88	-6960.299	3459.4773	-1861.9015	-16483.94	-5952.479	4888.1	-551.547	-16546.35	400.0	400.0	527999	63545.016	4905.38	81953.34	52180.266	-63606.92	9903.457	12240.141505718231
89	-7330.7197	4811.0767	-2422.349	-19673.258	-7551.625	5332.738	-725.41516	-14596.62	400.0	400.0	533999	65127.8	5053.868	82695.555	53637.766	-65191.383	10675.083	12405.109165668488
90	-5832.482	3795.44	-333.06247	-12395.597	-6478.6943	5022.0415	-286.73456	-15752.345	400.0	400.0	539999	66823.93	5182.8726	83961.96	54917.945	-66890.88	11469.785	12554.0610973835
91	-7597.5415	6243.0933	-2350.6177	-25896.428	-4415.872	2181.321	-1151.4391	-8113.8994	400.0	400.0	545999	68566.99	5439.8364	87638.484	56164.438	-68634.484	11722.791	12725.689754724503
92	-6496.5737	5266.088	-1259.4064	-19135.57	-4917.0674	3591.4927	-1302.404	-13488.422	400.0	400.0	551999	70253.234	5681.46	89848.22	57674.004	-70318.34	11467.529	12885.82247209549
93	-11218.887	6305.007	-1679.5773	-19097.365	-12213.264	9656.314	-1367.9698	-29994.994	400.0	400.0	557999	71994.58	5713.7764	91184.91	59011.848	-72064.33	12397.06	13053.106229305267
94	-9842.014	8910.642	-816.2112	-32016.334	-4669.8906	2289.0195	-762.5563	-8589.602	400.0	400.0	563999	73890.26	5661.076	92420.055	60484.86	-73962.59	13359.182	13227.188300609589
95	-7241.022	5832.8564	-1151.3351	-19307.361	-4853.5713	3784.3376	-1693.4457	-12417.982	400.0	400.0	569999	75734.02	5716.043	94113.69	61960.258	-75805.984	13274.614	13377.436398029327
96	-10339.919	7393.511	-1694.858	-29267.291	-5843.6846	5615.02	-1197.8312	-21769.332	400.0	400.0	575999	77725.16	6014.247	99171.91	63101.605	-77805.664	14352.021	13533.898094177246
97	-6693.9453	5136.385	-1306.1554	-16530.975	-7169.654	4358.499	-2484.1099	-16817.752	400.0	400.0	581999	79897.65	6345.21	102249.67	64221.367	-79983.57	14943.712	13703.591473579407
98	-10762.997	6784.5264	-2079.9163	-24113.16	-12880.158	9458.342	-817.2156	-27718.01	400.0	400.0	587999	82253.89	6555.525	102820.77	65059.113	-82339.92	17023.654	13855.554859399796
99	-12223.335	8258.2705	-1694.0774	-26348.732	-17450.855	12081.914	-1448.5636	-29646.809	400.0	400.0	593999	84500.625	6797.312	106884.09	68150.95	-84589.07	17805.166	14030.931995153427
100	-8238.824	4643.9155	-2169.573	-19215.258	-8717.812	7797.0024	-1790.3368	-30326.396	400.0	400.0	599999	86798.8	7249.36	112869.016	69883.32	-86878.4	17245.834	14181.438953876495
