Epoch	AverageEpRet	StdEpRet	MaxEpRet	MinEpRet	AverageTestEpRet	StdTestEpRet	MaxTestEpRet	MinTestEpRet	EpLen	TestEpLen	TotalEnvInteracts	AverageQ1Vals	StdQ1Vals	MaxQ1Vals	MinQ1Vals	AverageQ2Vals	StdQ2Vals	MaxQ2Vals	MinQ2Vals	AverageLogPi	StdLogPi	MaxLogPi	MinLogPi	LossPi	LossQ	Time
1	-281.3289	3.7346573	-276.49698	-286.67163	-207.87405	4.8571086	-197.44011	-213.51108	110.0	110.0	1649	-54.785233	27.935055	0.08809016	-104.82362	-54.782932	27.938353	0.2304003	-105.14069	-0.23765416	0.8688818	1.5049939	-8.4434395	54.378654	0.4740554	7.854084730148315
2	-279.70795	6.3023486	-265.63184	-287.67178	-208.99707	4.467233	-201.39061	-216.48112	110.0	110.0	3299	-154.32034	26.301275	-87.82274	-208.25078	-154.32028	26.302156	-88.118866	-208.40677	-0.2339468	0.86101466	1.5966816	-9.633478	153.95485	0.83076334	24.280011892318726
3	-277.78708	5.2288737	-270.48337	-288.5413	-206.44473	3.108646	-200.10446	-212.80101	110.0	110.0	4949	-202.0512	8.14316	-176.21948	-226.91032	-202.05112	8.142429	-176.53754	-226.36026	-0.33085775	0.8343989	1.6987948	-10.251586	201.73943	0.95725155	40.10019659996033
4	-278.41876	4.0924	-269.8884	-284.58746	-206.44931	4.0112576	-198.98595	-211.03873	110.0	110.0	6599	-213.13908	5.9436183	-192.80777	-230.14789	-213.13905	5.941441	-192.8213	-230.44972	-0.37875238	0.8264285	1.249296	-8.610859	212.83394	0.8797585	55.294251918792725
5	-278.75833	4.6877756	-271.99634	-288.30402	-204.7134	5.0213633	-194.41113	-210.27287	110.0	110.0	8249	-215.84023	4.8158813	-200.69754	-230.81696	-215.84033	4.813267	-201.12735	-231.25467	-0.40899166	0.81137806	1.02957	-9.290159	215.55678	0.83022547	71.11168074607849
6	-278.41458	6.5977497	-264.62476	-290.0255	-207.36368	2.5792935	-204.6253	-211.59303	110.0	110.0	9899	-216.63826	4.0703654	-203.3831	-228.72476	-216.6385	4.068664	-203.15028	-228.43924	-0.4348915	0.8105756	0.93674743	-9.383428	216.34651	0.7472283	87.39754700660706
7	-230.87456	10.043272	-217.25551	-264.7469	-202.27672	6.1086674	-192.28879	-210.98041	110.0	110.0	11549	-216.62517	3.3923767	-207.70447	-227.53511	-216.62494	3.3926182	-207.74808	-227.21526	-0.43316713	0.8018891	0.8630576	-8.792377	216.36076	0.6973884	103.98304343223572
8	-228.49564	4.4166265	-220.10124	-233.99998	-202.92729	7.8374176	-190.30775	-212.89247	110.0	110.0	13199	-216.30746	2.9353192	-208.78311	-226.74535	-216.30742	2.9318635	-208.85825	-227.29716	-0.44297466	0.80078393	0.90057087	-8.528465	216.09727	0.63499206	119.86301159858704
9	-228.03024	4.7751822	-217.13536	-234.8053	-207.95654	3.1193423	-202.99873	-213.45703	110.0	110.0	14849	-215.83327	2.650794	-208.83987	-227.18959	-215.83316	2.6496859	-208.46805	-227.30411	-0.44015837	0.8047215	0.8367541	-10.025527	215.66827	0.59250736	136.60845017433167
10	-227.5696	3.5602608	-217.02461	-232.37732	-206.5782	4.9229436	-194.77773	-213.01993	110.0	110.0	16499	-215.20647	2.3758912	-208.2455	-226.89749	-215.20662	2.372688	-208.9787	-226.67581	-0.4351723	0.80025935	0.6964575	-9.555086	215.06766	0.5545368	153.41711282730103
11	-224.68561	4.5654244	-216.62822	-231.76727	-204.45267	3.8362715	-196.56099	-210.46936	110.0	110.0	18149	-214.45474	2.218473	-208.47942	-226.09764	-214.45488	2.2158372	-208.48607	-226.22942	-0.43981293	0.79662365	0.82574975	-10.997427	214.3371	0.5233379	169.45679783821106
12	-226.15869	3.692281	-218.52448	-232.05876	-204.96066	5.865959	-194.65625	-212.1585	110.0	110.0	19799	-213.44713	2.2417278	-207.26643	-225.11539	-213.44704	2.2381043	-207.1697	-225.23076	-0.43199635	0.80404955	0.7128581	-10.693116	213.34946	0.5150531	185.5541069507599
13	-228.39735	4.573523	-217.22247	-234.7471	-203.16348	6.493579	-187.62906	-209.77591	110.0	110.0	21449	-212.43576	2.1460583	-206.455	-223.24171	-212.43593	2.144593	-206.44891	-223.19514	-0.43188196	0.80353284	0.8500606	-9.725883	212.35631	0.5117621	202.42218613624573
14	-223.20366	6.202875	-208.96579	-231.63701	-202.64877	5.19468	-193.22305	-210.56058	110.0	110.0	23099	-211.65479	2.0893722	-205.76344	-222.88834	-211.65445	2.086285	-205.75812	-222.59795	-0.42691383	0.8077749	0.76948094	-9.093725	211.56621	0.46901786	219.06797313690186
15	-223.79785	7.1023498	-213.18205	-233.14362	-198.36093	10.629889	-179.9496	-212.49654	110.0	110.0	24749	-210.81358	2.0304205	-205.32039	-222.02779	-210.81375	2.0308812	-205.38516	-221.8132	-0.4206669	0.8054583	0.7434664	-8.756892	210.75288	0.48815617	234.4719693660736
16	-223.47469	6.71411	-206.73048	-231.49823	-197.85399	7.144029	-185.716	-209.26228	110.0	110.0	26399	-209.9153	1.9832261	-204.3555	-220.29521	-209.91551	1.9829866	-204.09952	-220.19974	-0.41210622	0.8004768	0.79014087	-8.981872	209.8469	0.4419076	251.39569783210754
17	-222.7274	5.0041027	-210.06477	-229.69984	-196.98111	5.7669473	-188.60646	-206.15869	110.0	110.0	28049	-209.22585	2.0150552	-203.47327	-218.74649	-209.22563	2.0161088	-203.6022	-218.8059	-0.40658304	0.80702263	0.8422561	-8.81072	209.16599	0.45037428	267.9361665248871
18	-221.81862	6.976059	-203.69226	-230.05661	-197.68723	8.761509	-182.25708	-206.34113	110.0	110.0	29699	-208.58551	2.0669076	-203.09532	-218.05998	-208.58589	2.0673652	-202.89165	-218.53807	-0.39912686	0.81200385	1.0302303	-10.800493	208.53539	0.45550665	284.52745938301086
19	-222.635	5.0953374	-215.49275	-236.0118	-194.00308	10.806694	-165.47188	-206.78574	110.0	110.0	31349	-207.88817	2.055014	-202.44241	-216.6925	-207.88791	2.058017	-202.20781	-217.15773	-0.39323226	0.8121181	1.1157421	-9.533628	207.83328	0.44127354	299.94753670692444
20	-217.57945	6.9828863	-199.6208	-227.34373	-196.59196	13.5949545	-166.75214	-208.59439	110.0	110.0	32999	-206.93619	2.088858	-201.1645	-215.42688	-206.93617	2.0858326	-201.54811	-215.29617	-0.3775771	0.8198103	1.214763	-9.233989	206.88954	0.4330178	316.93258833885193
21	-216.06566	7.6711636	-200.53542	-226.55388	-190.5629	11.718726	-174.39511	-203.93535	110.0	110.0	34649	-205.7639	2.1624537	-199.92181	-214.69804	-205.76382	2.1612494	-199.96378	-214.8087	-0.3647847	0.82342714	1.1291003	-9.372434	205.70909	0.4188366	332.27810740470886
22	-217.06972	7.087985	-202.53824	-229.52737	-194.32718	8.321768	-173.41142	-203.16876	110.0	110.0	36299	-204.45952	2.0897453	-198.68085	-213.01524	-204.45932	2.0868623	-198.24156	-213.1103	-0.34685493	0.8281043	1.357443	-11.488208	204.40567	0.42090303	347.9674792289734
23	-214.61906	8.234202	-200.205	-230.27864	-187.32162	12.958773	-166.52232	-210.97835	110.0	110.0	37949	-203.59384	2.029963	-197.33827	-212.67651	-203.59396	2.028502	-198.20221	-212.04723	-0.33607382	0.83129543	1.0947399	-10.403311	203.53957	0.41036755	364.2338502407074
24	-211.01895	7.3450875	-201.32947	-227.41081	-185.69139	11.281255	-167.10068	-203.55493	110.0	110.0	39599	-202.78442	2.0480986	-197.25523	-212.4875	-202.78455	2.0435874	-197.39812	-212.34724	-0.31653205	0.8285443	1.109103	-9.43557	202.73224	0.41580632	381.2348954677582
25	-210.60594	7.3571177	-196.47285	-228.37659	-187.85387	10.564	-164.4294	-201.87138	110.0	110.0	41249	-201.91315	2.0886648	-195.79987	-211.6042	-201.91315	2.0887878	-196.21399	-211.20883	-0.30499002	0.8378301	1.258502	-9.412959	201.8703	0.43171912	396.59942746162415
26	-208.1469	6.25742	-197.586	-220.57587	-187.25111	9.613555	-169.69983	-198.31102	110.0	110.0	42899	-200.83691	2.1819453	-194.78142	-210.71466	-200.83691	2.1774035	-194.51682	-210.78395	-0.29115438	0.8383471	1.4957374	-9.074758	200.77795	0.41665193	413.62935733795166
27	-209.1528	9.40324	-192.29036	-225.31812	-184.65549	11.973189	-170.57466	-202.75389	110.0	110.0	44549	-199.96057	2.1798098	-193.38185	-209.87198	-199.96065	2.1761503	-193.20164	-210.3917	-0.28093436	0.8430395	1.544623	-10.060728	199.9178	0.4172839	430.59239315986633
28	-206.42296	5.833585	-196.05762	-214.06462	-189.61136	15.585796	-146.86797	-202.8358	110.0	110.0	46199	-198.92947	2.3103828	-191.82376	-208.79292	-198.92946	2.304333	-191.80031	-209.77948	-0.26108283	0.84684974	1.6675824	-10.014465	198.88895	0.43435556	447.27926445007324
29	-208.90593	7.2955046	-192.50458	-221.01427	-182.88333	13.877201	-155.11574	-204.33318	110.0	110.0	47849	-198.00421	2.415251	-190.89505	-208.7508	-198.00421	2.410578	-190.86163	-209.1837	-0.24823233	0.85506135	1.6809117	-9.985845	197.95955	0.43560332	464.32404947280884
30	-204.29213	6.876956	-195.3545	-218.22276	-176.63713	18.920261	-138.36844	-205.15799	110.0	110.0	49499	-197.08981	2.4387763	-190.20354	-208.86377	-197.08987	2.4330347	-190.19466	-208.97807	-0.24143364	0.854355	1.9872922	-10.8213415	197.04308	0.43782434	480.4778447151184
31	-206.42067	7.2218356	-192.19867	-218.21736	-181.81024	16.437449	-143.95149	-199.42805	110.0	110.0	51149	-196.33557	2.4494288	-189.16772	-207.49286	-196.33537	2.4426203	-188.71954	-208.62341	-0.23180445	0.8538754	2.0185666	-10.115113	196.2902	0.4582118	497.56747221946716
32	-199.69926	9.974557	-186.21751	-225.76099	-193.56618	5.6069527	-182.63867	-202.86714	110.0	110.0	52799	-195.56383	2.459931	-188.78296	-206.8393	-195.56396	2.4489114	-188.67838	-206.80223	-0.21614128	0.8664443	2.1579864	-10.889153	195.51993	0.46801373	514.7142372131348
33	-205.60387	11.67224	-186.08685	-224.47142	-174.58237	16.29527	-144.60442	-200.78474	110.0	110.0	54449	-194.9208	2.557225	-188.17871	-206.74353	-194.92056	2.548165	-188.31664	-207.01129	-0.20713829	0.8643293	2.9824176	-10.652189	194.8798	0.47661906	530.9850311279297
34	-201.10034	10.247846	-177.82593	-222.30356	-189.82388	14.013917	-162.21596	-207.53967	110.0	110.0	56099	-194.65845	2.6436765	-187.62305	-207.11479	-194.65881	2.633488	-187.33766	-207.92409	-0.19437583	0.8634657	1.9858747	-8.621706	194.62776	0.496817	546.9363036155701
35	-201.57909	11.435412	-175.47255	-223.10623	-171.6471	21.277096	-146.84804	-206.62079	110.0	110.0	57749	-194.30301	2.6860044	-187.15782	-207.4252	-194.30293	2.6734328	-187.04956	-207.09427	-0.19904749	0.8773367	1.9696035	-11.548344	194.27711	0.49867246	564.3811595439911
36	-200.44171	9.874106	-183.23845	-219.01413	-182.89816	19.190296	-144.12675	-204.46721	110.0	110.0	59399	-193.88486	2.7477686	-186.58217	-206.078	-193.88486	2.7364693	-186.9567	-206.16864	-0.2012599	0.8630199	1.966274	-8.328811	193.84773	0.4843309	580.908629655838
37	-202.0752	9.876099	-178.63527	-216.42168	-188.1033	12.567856	-155.28	-198.87961	110.0	110.0	61049	-193.24	2.9227362	-185.38136	-205.93745	-193.24004	2.9127305	-185.39476	-206.09477	-0.20141986	0.866907	2.6074946	-8.888056	193.21019	0.5072133	598.0504319667816
38	-205.59662	8.163859	-188.62166	-217.35219	-153.81998	17.050999	-126.42437	-188.39127	110.0	110.0	62699	-192.48846	3.058023	-184.4017	-206.41525	-192.48831	3.0491726	-184.47923	-206.24223	-0.19072704	0.8722202	2.0896556	-11.133421	192.45218	0.49446368	614.1586654186249
39	-202.49385	9.58767	-182.75136	-217.65276	-170.85625	11.98664	-151.43277	-183.43102	110.0	110.0	64349	-191.32365	3.085304	-183.1851	-205.27179	-191.32356	3.07691	-183.29283	-204.89687	-0.17997588	0.875251	2.20896	-10.659838	191.27756	0.4950355	630.2867801189423
40	-195.47908	10.084766	-168.61554	-211.93156	-175.28072	16.767776	-147.52463	-195.8608	110.0	110.0	65999	-190.06288	3.2240994	-181.60721	-205.42937	-190.06306	3.2147224	-181.69678	-205.09514	-0.1622357	0.8819445	2.6722865	-9.056405	190.01097	0.48887622	647.0086526870728
41	-195.61879	6.903352	-184.00273	-208.62878	-175.3941	15.355908	-145.64366	-202.78218	110.0	110.0	67649	-188.06679	3.4263844	-179.00652	-201.84377	-188.06676	3.42102	-179.30211	-201.82962	-0.1456703	0.8903111	3.6020346	-9.794205	187.9979	0.49135262	663.4833476543427
42	-196.5542	8.821268	-181.0293	-215.03838	-175.7112	13.808269	-157.278	-196.14029	110.0	110.0	69299	-186.88177	3.5929463	-177.6672	-200.39896	-186.88162	3.5888689	-178.27957	-201.4561	-0.14523913	0.8914939	3.3331838	-9.994837	186.81697	0.47907582	681.5686340332031
43	-197.96065	9.145492	-183.08731	-217.82274	-167.056	19.015575	-143.05785	-195.25104	110.0	110.0	70949	-186.17044	3.8113027	-176.61746	-202.11917	-186.17064	3.8054924	-176.38148	-202.10461	-0.14015654	0.883473	2.6233897	-13.1318	186.10118	0.46198952	700.060788154602
44	-195.12344	9.198853	-178.85416	-212.28467	-186.31589	16.697592	-147.25323	-201.55539	110.0	110.0	72599	-185.78879	3.7939687	-176.3123	-201.3163	-185.78886	3.7894983	-176.66386	-200.37193	-0.14720602	0.8874479	2.9932582	-10.370512	185.7219	0.45439613	718.9748313426971
45	-196.06026	6.981999	-180.00665	-205.76134	-167.29546	17.689934	-138.14642	-196.81621	110.0	110.0	74249	-185.53256	3.9934042	-175.93034	-202.18906	-185.5322	3.9918265	-175.8398	-200.88298	-0.1406311	0.8883496	2.7526422	-11.697765	185.47284	0.47260246	738.1505558490753
46	-195.32613	7.833779	-180.37605	-209.29771	-174.83533	15.754028	-151.47615	-205.58398	110.0	110.0	75899	-185.467	4.1306834	-175.61317	-202.56573	-185.46736	4.1280866	-175.86853	-202.42023	-0.1352673	0.89061797	2.7689195	-9.663701	185.41176	0.4502455	756.9279980659485
47	-194.64641	10.914	-176.83638	-216.8332	-170.03531	16.65667	-149.03792	-200.34215	110.0	110.0	77549	-184.97131	4.2487783	-175.21307	-203.9617	-184.97108	4.2464175	-175.35353	-202.67465	-0.12231884	0.89101523	3.3851342	-9.195492	184.91989	0.4507021	776.6605446338654
48	-195.6552	8.274806	-181.3614	-212.21068	-170.00974	7.0487204	-158.36284	-185.0709	110.0	110.0	79199	-184.63655	4.1844754	-174.90523	-201.95166	-184.63678	4.1806316	-174.29437	-201.35844	-0.12972745	0.89134717	3.0162926	-9.819075	184.58276	0.45470807	795.6303038597107
49	-199.21317	9.286391	-177.90788	-209.51834	-183.55643	8.883336	-167.86978	-193.95802	110.0	110.0	80849	-184.40907	4.0744376	-174.61127	-201.9184	-184.40883	4.0702834	-174.41098	-202.30615	-0.12242127	0.8899299	3.0008235	-9.465929	184.35458	0.43665224	815.4450352191925
50	-195.46408	9.354982	-173.73663	-215.43373	-170.1011	16.683475	-143.9046	-188.55815	110.0	110.0	82499	-184.22621	3.937366	-174.13487	-201.12544	-184.22636	3.9332964	-174.30771	-200.20824	-0.1234855	0.8855617	2.4813418	-9.273825	184.18095	0.42719674	834.810391664505
51	-192.26756	7.777484	-178.23203	-213.0261	-162.95137	13.540878	-140.79756	-182.91055	110.0	110.0	84149	-184.07376	3.9436333	-173.94041	-200.61589	-184.07379	3.9420385	-174.10262	-199.92538	-0.11036868	0.8907401	2.9818	-10.318917	184.02974	0.42938358	854.7081587314606
52	-192.32039	8.9989605	-180.63882	-211.77022	-174.55557	19.64982	-143.6118	-197.18687	110.0	110.0	85799	-182.85747	3.953291	-173.36363	-199.64021	-182.85712	3.9518623	-173.17543	-198.46242	-0.1088916	0.89307296	2.998352	-10.294797	182.80347	0.42120165	874.7208619117737
53	-192.35762	8.414104	-177.28984	-205.45306	-176.4067	24.64587	-127.26754	-202.46896	110.0	110.0	87449	-182.42386	3.8786767	-172.82753	-199.28972	-182.4241	3.877183	-173.1114	-198.58255	-0.10319953	0.88797134	2.5314486	-9.956819	182.37257	0.42147627	893.0435256958008
54	-186.76224	6.62358	-177.95027	-203.14812	-169.87607	19.415766	-124.440384	-192.82533	110.0	110.0	89099	-181.92062	3.9630816	-172.42834	-198.64313	-181.92079	3.9604704	-172.24744	-198.4658	-0.10399355	0.8886866	3.2969804	-11.320902	181.85881	0.41813698	912.6902379989624
55	-188.7123	10.039702	-171.26953	-210.62675	-147.28879	14.434356	-129.56854	-174.83162	110.0	110.0	90749	-181.39009	4.0014462	-171.54129	-198.19514	-181.39	4.0004187	-171.64972	-198.13968	-0.091467	0.89978385	3.0109386	-9.266354	181.33371	0.42833015	931.1263906955719
56	-187.26802	7.873098	-174.01363	-203.94676	-156.15556	16.7464	-131.07565	-188.88791	110.0	110.0	92399	-180.50153	4.0835376	-171.23805	-198.1947	-180.50162	4.0831156	-170.89786	-198.87602	-0.08710803	0.9019407	2.8524148	-9.645035	180.4414	0.42359737	951.0281383991241
57	-190.05048	7.7305517	-171.46388	-201.0552	-168.32608	15.325851	-146.5142	-191.31458	110.0	110.0	94049	-180.06508	3.9846845	-170.42807	-198.37057	-180.06494	3.9827104	-170.65463	-197.57022	-0.08655983	0.8974165	2.7689033	-10.453804	180.01456	0.42744204	971.1440019607544
58	-184.38217	7.9680824	-161.1958	-196.01506	-157.12863	14.857037	-137.78487	-179.87384	110.0	110.0	95699	-179.61073	3.860971	-170.16016	-196.92172	-179.61087	3.8600612	-170.45418	-196.62952	-0.08835883	0.88972604	3.335347	-11.427903	179.55844	0.42352673	989.693943977356
59	-186.98592	6.8573923	-177.89037	-199.96948	-156.90297	14.581749	-132.66614	-176.13101	110.0	110.0	97349	-178.65942	4.0536456	-169.11061	-195.87134	-178.65936	4.053394	-169.1428	-196.25468	-0.08099733	0.9017782	3.1764946	-8.946057	178.5928	0.4142027	1008.9615852832794
60	-186.68767	6.448409	-177.9095	-197.82419	-166.48178	11.521465	-142.91113	-182.78525	110.0	110.0	98999	-178.45459	3.999699	-168.96172	-195.75697	-178.45464	4.000008	-169.06363	-196.8088	-0.075312845	0.8956008	3.3322296	-9.226655	178.39388	0.42979068	1029.091182231903
61	-189.6125	8.811303	-172.94107	-210.8477	-163.51035	16.244196	-134.96306	-190.69725	110.0	110.0	100649	-178.22095	4.0276246	-168.79869	-197.32132	-178.22095	4.025007	-168.84673	-197.71545	-0.07567279	0.8964431	3.720665	-10.0151205	178.16919	0.41932344	1048.7903044223785
62	-187.77142	8.813863	-169.35733	-199.27768	-158.74895	16.77323	-127.53147	-181.16049	110.0	110.0	102299	-177.88503	4.0084867	-168.81999	-195.01076	-177.88498	4.0080743	-168.4408	-195.35188	-0.07203731	0.9011551	3.743134	-10.782278	177.8322	0.42593893	1072.1416838169098
63	-186.00229	6.832462	-176.8521	-203.94475	-153.31277	16.705214	-120.34061	-171.7297	110.0	110.0	103949	-177.62453	4.093203	-167.80498	-196.33025	-177.6244	4.093092	-168.03621	-196.56685	-0.07360223	0.8950578	3.8634417	-10.692913	177.57736	0.43020517	1091.6373212337494
64	-186.09676	9.733285	-173.61604	-211.12311	-148.81137	15.566168	-129.05803	-180.18237	110.0	110.0	105599	-177.29376	4.241276	-167.46156	-195.5847	-177.29381	4.2418237	-167.38446	-196.33621	-0.07100918	0.90077466	3.1709523	-9.082048	177.2306	0.40853795	1110.279228925705
65	-187.1728	7.7877235	-171.98628	-199.57056	-175.8918	10.959367	-156.73532	-188.39862	110.0	110.0	107249	-176.85236	4.2185426	-167.40604	-194.93523	-176.85242	4.2177153	-167.22598	-195.06529	-0.07000501	0.89875084	3.2484913	-9.871127	176.80753	0.42932764	1130.711907863617
66	-185.46786	7.452221	-172.74832	-199.02641	-157.5336	15.9735	-135.37175	-182.98798	110.0	110.0	108899	-176.73172	3.9908617	-166.90791	-194.08331	-176.73164	3.989052	-167.12971	-194.1598	-0.057557564	0.9045353	3.3572981	-9.748475	176.67932	0.40840805	1149.4416728019714
67	-186.88956	7.90459	-175.04675	-197.88724	-151.4639	15.47556	-132.91608	-187.12413	110.0	110.0	110549	-176.43848	4.1038656	-167.29906	-193.79517	-176.43855	4.1014333	-167.26083	-194.36206	-0.05457125	0.90465695	3.3919082	-10.100876	176.3901	0.41762334	1169.3068919181824
68	-183.39912	6.4512525	-175.22292	-198.9572	-162.09575	15.991594	-125.64767	-182.21393	110.0	110.0	112199	-175.80994	4.2711234	-165.47052	-194.26608	-175.81	4.270311	-165.57309	-193.861	-0.05486691	0.9004935	3.2643714	-13.715755	175.75356	0.4089659	1188.8231949806213
69	-184.05376	5.517842	-172.09306	-193.70439	-155.10849	16.985723	-134.23105	-185.92981	110.0	110.0	113849	-175.52145	4.39506	-165.65372	-194.40265	-175.5214	4.395503	-165.57314	-194.60255	-0.052125297	0.91035926	4.0748043	-9.385711	175.48009	0.41030687	1209.2209010124207
70	-180.69507	7.6625032	-168.42465	-194.88023	-150.07494	9.160884	-134.60893	-170.84756	110.0	110.0	115499	-175.24844	4.428425	-165.20346	-195.54657	-175.24847	4.426862	-165.05875	-194.32771	-0.040196665	0.9012787	4.0262747	-9.415966	175.19614	0.4087219	1229.6533699035645
71	-183.22273	7.1016994	-171.30302	-197.68932	-162.56213	13.9	-138.0918	-184.41238	110.0	110.0	117149	-175.01187	4.216991	-164.54431	-193.28445	-175.01154	4.2177653	-165.01143	-192.92236	-0.052365985	0.9053249	4.3661237	-9.540477	174.9733	0.40405375	1250.1835255622864
72	-180.51224	5.9818892	-167.67719	-189.44447	-157.27092	12.377093	-137.48517	-174.66588	110.0	110.0	118799	-174.97144	4.291065	-164.59123	-194.11365	-174.97174	4.291528	-164.57784	-194.01338	-0.0395109	0.9054572	3.9584944	-10.319742	174.93932	0.4022619	1269.2833425998688
73	-181.69508	12.115966	-151.68178	-200.69879	-151.43997	15.056955	-130.92075	-180.31827	110.0	110.0	120449	-174.52333	4.201324	-164.97969	-192.60632	-174.52313	4.2014604	-164.74063	-191.8813	-0.04477284	0.9061441	3.4260588	-8.833899	174.47882	0.40555054	1289.7498919963837
74	-182.81268	10.667133	-159.72101	-196.48279	-151.56436	17.27533	-132.31398	-188.96953	110.0	110.0	122099	-174.17186	4.187842	-164.77989	-193.948	-174.17201	4.187967	-164.63843	-193.7119	-0.037068266	0.91230476	3.807147	-9.71033	174.1284	0.38442484	1309.1564264297485
75	-178.29388	11.084664	-160.20392	-204.95267	-159.74098	14.393034	-133.48795	-178.20816	110.0	110.0	123749	-174.03807	4.2090735	-164.20839	-193.10608	-174.03815	4.2081428	-163.90485	-192.82483	-0.03423905	0.9052975	3.879432	-10.068971	173.99655	0.39296755	1329.6689496040344
76	-185.3823	9.127699	-165.27989	-203.16518	-156.34798	11.430207	-143.62212	-178.42052	110.0	110.0	125399	-173.84981	4.253054	-163.63867	-192.8557	-173.84969	4.252086	-163.90797	-192.96704	-0.03301919	0.90620834	3.58899	-13.5913105	173.81104	0.39363977	1348.8051736354828
77	-185.05695	8.204829	-170.6432	-200.626	-156.99324	10.125771	-141.40057	-172.22507	110.0	110.0	127049	-173.64395	4.3637104	-162.62126	-192.47153	-173.64413	4.364378	-162.6026	-192.4911	-0.027653705	0.9056113	3.8215976	-9.998947	173.60606	0.39758715	1368.713891029358
78	-176.07391	6.8886347	-165.10223	-191.14307	-155.37294	10.387339	-139.75563	-169.99829	110.0	110.0	128699	-173.56035	4.5515213	-162.97736	-193.52866	-173.5604	4.552372	-163.12529	-192.56711	-0.018521352	0.90600723	3.8191097	-9.487276	173.53394	0.40490356	1389.1612107753754
79	-180.51756	7.634041	-169.01427	-193.83624	-153.47676	14.913872	-123.42838	-169.02382	110.0	110.0	130349	-173.11275	4.557888	-162.53493	-192.38132	-173.1125	4.5559263	-162.99998	-192.5808	-0.017539095	0.9068154	3.9860444	-8.8307295	173.07697	0.3854478	1409.6629300117493
80	-180.99355	9.665901	-160.56746	-200.1255	-156.13654	11.47442	-147.31935	-188.22021	110.0	110.0	131999	-172.97934	4.4504623	-162.50114	-191.91959	-172.97939	4.4500623	-162.42288	-192.41316	-0.012542199	0.91030747	3.2710624	-12.377071	172.94527	0.38686383	1429.6604313850403
81	-181.20522	9.234128	-165.90604	-201.48045	-151.8866	13.567544	-131.38309	-174.6757	110.0	110.0	133649	-172.54715	4.407047	-161.89503	-191.8721	-172.54736	4.405635	-162.16371	-191.50206	-0.007656371	0.9096928	3.9426444	-11.550282	172.51332	0.38579142	1448.669996023178
82	-181.67848	7.3809433	-170.34178	-193.87831	-151.78807	8.231334	-142.3336	-166.43376	110.0	110.0	135299	-172.42609	4.4128404	-161.54916	-192.7405	-172.42587	4.4118533	-161.52513	-193.30702	-0.016970435	0.9124719	3.713072	-9.759974	172.38898	0.3791064	1467.4967489242554
83	-181.5755	7.3766375	-160.73865	-192.1504	-145.26842	19.63638	-93.46385	-168.5186	110.0	110.0	136949	-172.51364	4.3391066	-162.4386	-191.37561	-172.51364	4.338957	-162.22214	-191.22997	-0.0076197954	0.9010657	3.4707336	-9.195133	172.48743	0.37891003	1488.0183029174805
84	-181.70709	7.5176053	-163.15134	-196.30374	-151.8153	11.15696	-132.66002	-167.54686	110.0	110.0	138599	-172.22835	4.3848777	-161.06906	-191.60742	-172.22864	4.382237	-161.45996	-191.34341	-0.00912957	0.9061372	3.7359042	-9.815296	172.19943	0.38224283	1507.647961139679
85	-179.92476	6.184713	-169.98457	-191.3808	-148.51068	16.897339	-123.93537	-170.56247	110.0	110.0	140249	-171.68637	4.35257	-160.46361	-190.76863	-171.68619	4.351241	-160.52135	-191.14908	-0.0016792433	0.90629977	3.8377523	-9.922361	171.64409	0.36581492	1526.5434029102325
86	-182.86424	5.946223	-175.17064	-196.23495	-141.73366	15.212757	-103.635925	-161.70572	110.0	110.0	141899	-171.57123	4.318887	-160.75833	-190.49493	-171.57112	4.318492	-160.5648	-191.66396	-0.0013481827	0.9097096	3.6248765	-10.0070095	171.54633	0.38743016	1546.2780220508575
87	-178.5247	8.681712	-165.82706	-195.73265	-150.28003	11.859971	-127.8583	-170.01677	110.0	110.0	143549	-171.33867	4.3261113	-160.2776	-190.39238	-171.33884	4.3247404	-160.3011	-191.21213	-0.005812547	0.908373	3.2835522	-11.920133	171.30565	0.36743015	1565.2445878982544
88	-181.2047	8.70183	-165.51666	-195.48222	-145.4582	15.800432	-120.62392	-168.86565	110.0	110.0	145199	-171.23068	4.3199844	-160.67618	-190.35284	-171.23087	4.319095	-160.67758	-190.7202	0.00788991	0.90494156	4.529628	-9.465083	171.20287	0.37543064	1584.2613945007324
89	-180.83185	7.082549	-169.9336	-195.60086	-155.59299	13.817647	-132.45137	-178.47153	110.0	110.0	146849	-171.3416	4.3246236	-161.09076	-190.34602	-171.34145	4.3238907	-161.00076	-190.51498	0.0018734857	0.90195614	5.1185017	-8.991814	171.3165	0.38222882	1603.5118284225464
90	-180.29207	6.477641	-171.62665	-192.66449	-157.79489	14.095327	-131.3884	-172.39311	110.0	110.0	148499	-171.05077	4.270975	-160.21895	-190.00627	-171.05072	4.2702928	-160.65285	-190.09114	0.005331265	0.9073532	3.4777412	-9.276564	171.0286	0.37701213	1624.190339565277
91	-178.97496	7.957085	-161.82436	-192.08453	-157.62514	14.497852	-122.69045	-178.16656	110.0	110.0	150149	-170.78114	4.1860623	-161.06181	-190.72322	-170.78122	4.185033	-160.9783	-190.12888	-0.0014311105	0.9023138	3.857129	-13.132642	170.75435	0.36528113	1644.6497201919556
92	-176.06699	6.731358	-167.03145	-185.25598	-154.25803	13.808357	-129.24992	-171.87387	110.0	110.0	151799	-170.86539	4.1428614	-161.04628	-190.04568	-170.86552	4.1434865	-160.93195	-189.7921	-0.0035229644	0.91007316	3.5820193	-9.372784	170.83809	0.37078616	1664.3123724460602
93	-178.06537	8.515419	-166.6172	-193.0246	-158.25272	14.1141	-134.96336	-179.16801	110.0	110.0	153449	-170.74896	4.1812305	-160.73618	-190.31534	-170.74867	4.180898	-160.7829	-190.18462	0.004834381	0.9088569	3.5051508	-10.743229	170.73279	0.38678452	1684.9537570476532
94	-175.69022	5.9179378	-162.87038	-184.13614	-154.4715	7.9230504	-142.74799	-168.37326	110.0	110.0	155099	-170.8328	4.236369	-160.36842	-192.06807	-170.83293	4.2363048	-160.26768	-192.707	0.0115708355	0.91062826	3.4584002	-9.743057	170.82167	0.38428974	1705.6128430366516
95	-179.02734	7.394419	-160.97804	-190.41722	-146.2305	10.419961	-131.74263	-159.51176	110.0	110.0	156749	-170.53531	4.259034	-159.65218	-189.61864	-170.53513	4.2576346	-159.39348	-189.84805	0.0010368739	0.9068874	4.1296844	-8.405474	170.51712	0.3870974	1726.1620790958405
96	-176.0772	6.3371363	-160.73076	-183.5201	-139.85321	7.7697353	-130.49155	-158.07083	110.0	110.0	158399	-170.5354	4.220672	-159.38623	-190.09883	-170.53537	4.2211833	-159.6135	-190.81514	0.0059367055	0.9074899	3.8809423	-10.2220335	170.52246	0.3868233	1746.3546946048737
97	-177.84381	4.8534074	-169.47047	-187.25714	-149.4505	12.936609	-124.06696	-170.51578	110.0	110.0	160049	-170.36017	4.26261	-159.33093	-189.97456	-170.36038	4.26125	-159.09338	-189.44644	0.00897366	0.90217054	4.333377	-9.627558	170.33951	0.38269228	1765.4581871032715
98	-177.0815	9.978152	-151.08879	-196.9891	-150.4902	7.966973	-133.29163	-160.37265	110.0	110.0	161699	-169.91278	4.256615	-158.72258	-189.63297	-169.91261	4.2559094	-158.70361	-189.13702	0.018333899	0.90378517	4.007089	-10.064601	169.89493	0.38669682	1786.2323560714722
99	-178.83829	7.5710373	-168.24155	-200.32875	-154.69951	19.230074	-124.05453	-188.267	110.0	110.0	163349	-169.80646	4.190524	-159.13403	-188.64073	-169.80635	4.191491	-159.02243	-188.95145	0.024333837	0.91216123	4.0823045	-9.495468	169.79665	0.39531317	1805.1511743068695
100	-179.96968	9.627909	-166.14499	-199.11649	-155.082	14.684905	-130.47691	-174.25243	110.0	110.0	164999	-169.83545	4.312674	-158.94102	-189.87186	-169.83542	4.313834	-159.06058	-189.15022	0.02229263	0.91000277	3.6113205	-9.408788	169.82303	0.392441	1825.6302926540375
101	-179.9095	6.0596733	-168.82103	-188.44432	-142.4916	15.846615	-111.32388	-170.6306	110.0	110.0	166649	-169.82114	4.3188767	-158.79164	-190.08391	-169.82126	4.3176126	-158.70975	-189.3365	0.019277327	0.9138793	4.342352	-8.64798	169.81273	0.40382007	1846.2875423431396
102	-176.68594	5.901656	-160.24034	-184.73091	-144.35971	12.237459	-126.87512	-161.96681	110.0	110.0	168299	-169.78839	4.2895637	-158.73547	-188.77899	-169.78845	4.289733	-158.6273	-190.5269	0.012669821	0.90533185	3.349147	-8.59527	169.77887	0.4001768	1866.97496509552
103	-180.76108	11.731393	-157.1517	-205.47261	-150.75551	17.06672	-127.2799	-179.62482	110.0	110.0	169949	-169.54356	4.2674584	-158.58662	-189.50401	-169.54353	4.2673965	-158.74997	-190.44646	0.019667717	0.90584546	3.8318095	-12.530428	169.53355	0.4055716	1886.735793352127
104	-180.80446	6.496309	-166.92606	-193.73755	-151.892	12.779986	-133.44003	-178.34213	110.0	110.0	171599	-169.52814	4.271909	-158.23528	-191.02673	-169.52826	4.271779	-158.16763	-190.4441	0.023821687	0.9171837	3.8335936	-11.474499	169.52696	0.40312207	1907.2126047611237
105	-177.07358	5.5836616	-167.8211	-186.10992	-141.70665	13.193898	-123.66147	-169.89252	110.0	110.0	173249	-169.31653	4.2841516	-158.6075	-189.89542	-169.31636	4.285569	-158.62318	-190.04897	0.02634013	0.9095242	4.8998227	-8.640834	169.3117	0.40522546	1926.6415503025055
106	-177.79834	10.187623	-161.97183	-193.53445	-144.01505	11.953366	-128.71074	-162.11038	110.0	110.0	174899	-169.10768	4.30962	-158.85559	-189.36215	-169.1077	4.3120604	-159.0052	-189.89078	0.021728517	0.90817827	4.310491	-10.010733	169.10579	0.39492586	1945.5924088954926
107	-175.30202	7.119584	-161.7399	-184.69608	-156.01637	18.938768	-117.30178	-186.8923	110.0	110.0	176549	-168.99182	4.4038424	-158.34196	-190.67198	-168.99173	4.404009	-158.32555	-191.41113	0.023186078	0.911178	3.3829417	-10.0504875	168.97983	0.3905411	1966.5161938667297
108	-178.18683	10.924181	-153.02965	-192.1567	-145.5057	23.097063	-101.09846	-180.98148	110.0	110.0	178199	-168.75037	4.471282	-157.59163	-191.05235	-168.75063	4.4716134	-157.69531	-191.06976	0.03614493	0.9069681	4.06159	-9.977454	168.74385	0.3951655	1985.4707417488098
109	-177.721	8.014461	-165.25801	-192.15085	-147.12227	10.0547495	-133.78526	-169.84428	110.0	110.0	179849	-168.3292	4.4495482	-157.55779	-190.30338	-168.32893	4.452209	-157.612	-191.42018	0.026476974	0.91577935	3.6646054	-10.957981	168.31644	0.39737833	2004.668309211731
110	-176.10638	7.264389	-160.51808	-184.19736	-149.84393	15.373418	-121.849075	-169.56488	110.0	110.0	181499	-168.07971	4.364534	-156.99799	-190.1613	-168.07968	4.36372	-156.94235	-189.1794	0.035852425	0.91068363	3.708173	-10.781797	168.06761	0.39615503	2024.239854335785
111	-177.48888	7.465292	-161.5305	-187.59898	-140.88715	14.411705	-123.52655	-167.05869	110.0	110.0	183149	-167.74774	4.4175053	-156.39172	-189.41978	-167.74768	4.4180803	-156.47318	-188.94516	0.036272485	0.9139926	3.3241377	-10.606038	167.73428	0.3846252	2044.903651714325
112	-176.25443	5.850747	-164.86058	-188.85805	-127.58329	28.742435	-50.22518	-152.27911	110.0	110.0	184799	-167.55927	4.5079703	-155.99867	-188.08195	-167.55928	4.5089793	-156.00163	-189.4563	0.04419686	0.90805423	3.788934	-10.710058	167.54391	0.37689552	2064.316239595413
113	-175.46634	6.373621	-164.19472	-188.83682	-150.00937	12.745611	-131.55367	-167.88597	110.0	110.0	186449	-167.37375	4.39545	-155.27132	-188.9338	-167.3738	4.394781	-156.0157	-188.31752	0.043154955	0.90829635	3.3680272	-10.008779	167.36276	0.38359052	2084.7303965091705
114	-177.38916	8.251643	-162.56601	-196.6893	-143.11526	16.826971	-119.33318	-178.46866	110.0	110.0	188099	-167.56252	4.3322616	-156.53694	-189.39346	-167.56253	4.3332396	-156.54195	-189.1231	0.039843474	0.9095036	3.7784472	-9.274155	167.55254	0.37365013	2104.125252008438
115	-175.48367	4.22847	-167.87546	-183.50838	-150.3074	11.820587	-129.22615	-168.6066	110.0	110.0	189749	-167.5255	4.312115	-156.46661	-188.55159	-167.52533	4.3122354	-156.54764	-188.27937	0.039600484	0.9125807	3.8047316	-8.7985525	167.5149	0.3720337	2124.6385655403137
116	-176.05782	8.59471	-158.60466	-191.44757	-140.11894	17.114388	-118.855934	-166.35184	110.0	110.0	191399	-167.37688	4.2351165	-156.21962	-190.13818	-167.37706	4.2351875	-156.25308	-190.0759	0.036121428	0.9142464	3.7509375	-9.890274	167.36996	0.373464	2144.9304711818695
117	-172.03702	8.554033	-148.95526	-187.20229	-148.74509	9.168423	-135.09418	-157.86879	110.0	110.0	193049	-167.25417	4.27808	-155.6355	-189.13918	-167.25406	4.2789125	-155.67436	-188.30086	0.047085755	0.9105113	3.6349473	-8.766376	167.24837	0.37950352	2164.4259672164917
118	-178.87505	7.076444	-161.44556	-191.1649	-151.89702	18.985207	-133.55281	-188.00172	110.0	110.0	194699	-167.21095	4.2834363	-155.02094	-187.5381	-167.211	4.2836795	-155.65417	-187.84573	0.051151652	0.9070839	4.2578225	-10.67162	167.21344	0.38178304	2183.483387708664
119	-173.64137	10.408389	-151.67496	-187.28615	-133.7423	5.188693	-125.762054	-142.36632	110.0	110.0	196349	-167.12418	4.2061796	-155.0911	-188.5507	-167.12418	4.2057996	-155.08362	-188.94856	0.045280732	0.9088075	3.518323	-9.30477	167.12408	0.38062596	2202.493916988373
120	-176.8909	7.1668124	-164.79938	-191.08714	-141.38516	9.575755	-125.711845	-155.65714	110.0	110.0	197999	-167.06104	4.1354895	-155.27458	-187.77106	-167.06108	4.1350374	-155.76424	-186.19353	0.043203253	0.91145194	3.6085103	-10.445713	167.06721	0.37529275	2222.259275197983
121	-173.39224	7.1622944	-157.09174	-185.22028	-146.00345	15.310341	-126.01663	-171.61699	110.0	110.0	199649	-166.86646	4.166012	-155.05351	-190.0934	-166.86633	4.1655703	-155.16779	-189.11908	0.04999542	0.90428567	3.4256144	-9.8641815	166.86873	0.37788555	2242.8051059246063
122	-174.40274	11.828024	-140.24768	-194.04977	-138.13335	8.699875	-121.59095	-151.26552	110.0	110.0	201299	-166.9794	4.1569843	-155.73305	-188.50626	-166.97952	4.157724	-155.82368	-186.83458	0.050106227	0.90681756	3.8336112	-8.833969	166.97984	0.3603152	2263.996085166931
123	-177.6311	9.24396	-158.41139	-187.15529	-151.75017	9.964551	-134.6414	-164.56378	110.0	110.0	202949	-166.86627	4.1680408	-154.78473	-186.87132	-166.86609	4.168167	-155.0144	-187.80754	0.04876255	0.91154903	3.5401495	-11.232478	166.87273	0.3761078	2284.316091299057
124	-171.94023	12.951921	-147.15208	-197.38446	-139.2269	9.836843	-116.483765	-151.78285	110.0	110.0	204599	-166.71503	4.1810994	-154.74698	-189.35764	-166.7153	4.1821246	-154.92986	-187.72966	0.052132547	0.9114246	4.133011	-8.807205	166.72054	0.3726712	2305.0143778324127
125	-174.57431	4.2184434	-167.20872	-182.28615	-146.66832	7.763899	-137.08635	-160.81947	110.0	110.0	206249	-166.53394	4.2451663	-154.3058	-190.67067	-166.53395	4.2451763	-154.07599	-188.79407	0.055707853	0.9102154	3.9285815	-8.994039	166.53508	0.38119426	2325.8858954906464
126	-173.91478	8.20741	-159.43312	-188.03702	-149.65373	23.885498	-111.47675	-174.88219	110.0	110.0	207899	-166.28491	4.225413	-153.83568	-187.67804	-166.28493	4.22592	-153.96523	-187.76291	0.0643134	0.9081777	3.5749235	-9.755632	166.281	0.3681387	2346.7240133285522
127	-172.06784	9.456595	-154.81995	-187.89273	-138.37137	15.165118	-110.656265	-161.5949	110.0	110.0	209549	-166.00505	4.2592807	-153.74744	-186.43045	-166.00496	4.259351	-153.78865	-185.57762	0.06194897	0.90860015	3.7920237	-9.056276	166.00621	0.3758286	2367.441148519516
128	-174.15796	9.933187	-151.49107	-194.65828	-145.41446	26.046026	-98.24626	-187.68513	110.0	110.0	211199	-165.98958	4.3914027	-153.55846	-187.98578	-165.98958	4.3923807	-153.27682	-187.8603	0.06762153	0.9110096	3.7171533	-8.59935	165.9959	0.38625503	2387.3048095703125
129	-166.20172	14.174535	-139.6215	-189.04515	-143.42676	9.755957	-128.9458	-161.40605	110.0	110.0	212849	-166.01418	4.2658644	-153.57881	-188.39456	-166.01422	4.265114	-153.47757	-187.32634	0.06449182	0.91224074	3.9164274	-10.76612	166.02046	0.38203794	2408.0801525115967
130	-170.93925	7.372139	-154.26114	-182.88219	-140.22305	21.705538	-86.31177	-163.84908	110.0	110.0	214499	-165.96484	4.3305993	-152.44002	-189.29477	-165.96475	4.330234	-152.34734	-188.61794	0.06399744	0.90837455	4.0039444	-9.474633	165.96797	0.38316026	2427.901516675949
131	-172.22964	7.5241957	-158.50327	-184.88885	-144.4343	11.435408	-121.32389	-159.57602	110.0	110.0	216149	-165.81961	4.41102	-152.23882	-187.80269	-165.8198	4.411989	-151.9121	-186.80731	0.072055504	0.9143255	4.501519	-9.534489	165.82718	0.388984	2447.7022325992584
132	-171.00493	12.101171	-136.46512	-186.84541	-134.93692	13.407378	-108.85355	-158.44098	110.0	110.0	217799	-165.53354	4.493521	-151.57196	-187.14453	-165.53351	4.492679	-151.1816	-186.23027	0.06837234	0.912697	3.8488934	-10.147207	165.53853	0.39073604	2467.366998910904
133	-170.48521	10.835945	-142.5091	-184.63988	-149.80179	10.348765	-124.29061	-164.7983	110.0	110.0	219449	-165.48557	4.5596123	-150.73477	-191.13672	-165.48543	4.5591407	-150.73412	-191.09958	0.080481865	0.91293186	4.815962	-8.763273	165.50038	0.41083816	2487.64119553566
134	-168.7722	12.851004	-138.06105	-183.83994	-129.24144	22.653349	-83.15085	-165.63045	110.0	110.0	221099	-165.40742	4.642153	-150.53569	-190.35338	-165.40746	4.6422443	-150.3111	-189.76407	0.07005319	0.9207502	3.5955577	-11.846763	165.40987	0.40058064	2507.9047656059265
135	-169.00223	10.397899	-138.08945	-180.8118	-144.13887	12.093686	-125.593864	-163.97131	110.0	110.0	222749	-165.05519	4.685739	-149.81218	-187.1058	-165.05515	4.68633	-149.8419	-186.51466	0.08316131	0.91153574	3.598266	-10.146435	165.06393	0.4097992	2527.615973711014
136	-165.62946	11.90074	-146.38058	-187.56224	-142.33963	15.291951	-119.215385	-173.57967	110.0	110.0	224399	-165.12888	4.737435	-148.83461	-189.56337	-165.12883	4.7355404	-149.32448	-190.00955	0.07477708	0.91832215	4.343395	-10.727523	165.14125	0.4179792	2547.965398788452
137	-173.05157	10.705106	-150.26855	-189.79048	-143.45375	15.594631	-104.467125	-170.09055	110.0	110.0	226049	-164.954	4.927963	-148.22444	-188.59505	-164.9539	4.9272723	-147.99458	-187.00755	0.08443049	0.90683955	4.466123	-8.634718	164.96387	0.42571175	2567.176105737686
138	-172.2763	7.726319	-157.56284	-185.19736	-136.69174	20.471369	-84.10569	-165.82994	110.0	110.0	227699	-165.07614	5.0147843	-147.66597	-187.86098	-165.07628	5.0156684	-148.12903	-187.41576	0.08657247	0.9189319	4.302993	-9.95138	165.09598	0.43690175	2586.2931759357452
139	-168.58368	14.307029	-132.5997	-185.0805	-143.76646	11.860298	-125.46413	-160.4626	110.0	110.0	229349	-164.93976	5.003683	-148.07346	-188.78018	-164.93979	5.004551	-147.70818	-188.98288	0.089728355	0.91523665	4.149001	-10.433732	164.95488	0.4189879	2605.4282031059265
140	-168.5814	10.494782	-142.72292	-183.04266	-143.27979	16.173346	-125.55533	-177.16823	110.0	110.0	230999	-164.79526	4.9153423	-148.22415	-188.82224	-164.79514	4.914102	-148.20467	-189.10727	0.088214114	0.9107918	4.309135	-8.6724205	164.80685	0.4154916	2624.9026522636414
141	-168.20653	9.293769	-144.7969	-183.06505	-143.17476	19.758167	-107.23615	-173.92142	110.0	110.0	232649	-164.9702	4.9210734	-148.37189	-189.398	-164.97023	4.9209714	-148.5144	-189.158	0.08282293	0.91947865	4.3079677	-11.215129	164.97867	0.4104703	2645.8095405101776
142	-169.19211	10.411631	-144.91962	-193.89487	-135.51633	12.641666	-115.713234	-157.27612	110.0	110.0	234299	-164.76381	4.9974356	-148.04193	-190.10434	-164.76375	4.997723	-148.40279	-190.8084	0.08354905	0.91617304	3.9296958	-10.9035	164.78268	0.42318404	2666.669552564621
143	-170.47145	10.72848	-145.9558	-181.53804	-138.27812	17.69827	-92.48597	-155.49086	110.0	110.0	235949	-164.72243	4.945981	-148.66812	-188.90472	-164.7225	4.945201	-148.65631	-188.41678	0.09383905	0.91812956	4.7554216	-9.313069	164.73792	0.42465207	2687.081344127655
144	-169.95796	7.724786	-147.05782	-179.10612	-142.06558	8.599247	-129.50972	-158.82063	110.0	110.0	237599	-164.39261	4.9270372	-148.45529	-189.47107	-164.39256	4.927239	-148.37138	-189.18132	0.08876991	0.919517	3.921348	-10.327864	164.40402	0.40956676	2706.4814710617065
145	-171.05263	9.299326	-152.63893	-184.94046	-141.21138	11.326766	-122.729546	-158.63005	110.0	110.0	239249	-164.3688	4.989341	-148.2204	-190.74628	-164.36873	4.988957	-147.76186	-190.42921	0.10319882	0.92327905	3.7662745	-11.635571	164.39128	0.42765987	2725.746646165848
146	-173.64688	8.815865	-152.98347	-189.20363	-142.43149	19.357458	-108.92709	-176.11053	110.0	110.0	240899	-164.21089	5.0211086	-148.0416	-188.33954	-164.21103	5.0214953	-148.1534	-188.86359	0.10037415	0.9173415	3.884819	-9.833374	164.22253	0.41954142	2745.27818775177
147	-167.1013	8.6849575	-146.34048	-180.48985	-145.44186	14.68038	-122.055504	-166.60239	110.0	110.0	242549	-164.02724	5.0081453	-148.25737	-187.85786	-164.02713	5.0079527	-148.33882	-188.4411	0.1051619	0.91497266	4.138848	-10.584096	164.0432	0.41550115	2766.1702382564545
148	-168.07819	11.008409	-151.2052	-186.8257	-138.9023	11.253084	-123.40503	-153.77632	110.0	110.0	244199	-163.97954	5.1389914	-147.22133	-189.30363	-163.97968	5.1380954	-146.64735	-189.49373	0.096361175	0.9159891	4.598218	-10.204192	163.99887	0.42423093	2786.413969039917
149	-165.26115	14.75186	-128.39223	-189.04442	-146.76094	17.224506	-120.67102	-177.04465	110.0	110.0	245849	-163.7609	5.3703365	-146.03055	-189.66376	-163.76094	5.3701043	-146.02303	-189.16826	0.10387199	0.9245487	4.184558	-9.78142	163.77638	0.4280265	2806.941164970398
150	-171.8954	8.769142	-151.56458	-186.23384	-142.06778	19.721867	-107.3943	-172.67204	110.0	110.0	247499	-163.52077	5.4964814	-144.30392	-191.29031	-163.52083	5.495662	-144.84209	-192.6318	0.103747256	0.92103916	4.673911	-10.819605	163.54564	0.44604415	2827.89381814003
151	-165.15283	12.294891	-142.23546	-181.76419	-139.82375	15.803671	-105.20483	-154.48663	110.0	110.0	249149	-163.21297	5.4437833	-144.65308	-187.9632	-163.21289	5.44379	-144.32516	-188.09053	0.10388614	0.9256695	3.9456081	-10.33569	163.22809	0.42160714	2848.8948810100555
152	-162.98964	14.313008	-140.50137	-185.55508	-134.33438	13.488434	-109.68601	-158.01279	110.0	110.0	250799	-163.10666	5.5227942	-144.08932	-187.8604	-163.10672	5.5223746	-143.87183	-188.53458	0.1131295	0.91984445	5.185729	-11.241682	163.1181	0.4278761	2869.3811078071594
153	-164.66273	12.121854	-141.0341	-180.73529	-138.61914	10.495237	-125.84602	-158.15416	110.0	110.0	252449	-163.09236	5.5830746	-143.96706	-191.22612	-163.09235	5.5820827	-143.9867	-191.99617	0.106029145	0.9234632	3.6507864	-10.095194	163.11462	0.43573272	2888.7419662475586
154	-170.21571	7.8721466	-155.67825	-183.50844	-134.58609	13.3230715	-114.71943	-149.61545	110.0	110.0	254099	-162.85858	5.7447624	-143.21991	-190.29639	-162.85858	5.7451444	-143.05444	-189.85544	0.100526646	0.91595393	4.62977	-9.484352	162.87314	0.42649436	2908.2657272815704
155	-173.32632	10.290968	-143.70302	-190.00288	-141.49467	23.172283	-95.24018	-177.73616	110.0	110.0	255749	-162.66783	5.7696238	-142.53978	-190.30573	-162.6679	5.769129	-142.49973	-189.70377	0.115584955	0.9270292	5.376678	-8.570139	162.68289	0.44538385	2930.1351618766785
156	-171.83305	9.10596	-156.0079	-184.72656	-145.20352	19.000563	-104.224266	-171.86069	110.0	110.0	257399	-162.63039	5.771095	-142.04665	-189.5446	-162.63037	5.77045	-142.51817	-189.36624	0.107237615	0.9190433	4.22157	-11.928101	162.64587	0.43012992	2953.836536169052
157	-168.52567	9.806667	-155.00385	-190.81587	-147.108	13.1956625	-131.25789	-179.5233	110.0	110.0	259049	-162.57394	5.774878	-142.47087	-191.07639	-162.57387	5.775174	-142.48686	-191.57031	0.1149391	0.9223985	5.145999	-11.03524	162.59436	0.43712556	2973.8842420578003
158	-168.91518	10.389768	-138.1956	-183.9137	-155.70016	14.50021	-131.7107	-176.50786	110.0	110.0	260699	-162.2818	5.7911477	-141.72684	-188.51584	-162.2818	5.7906094	-140.99612	-189.6861	0.11102345	0.9218695	4.1894655	-10.30935	162.30096	0.43564823	2994.2169213294983
159	-165.47794	10.459443	-144.84236	-180.6138	-134.03024	10.648515	-117.73019	-148.1439	110.0	110.0	262349	-162.3736	5.7875037	-142.00105	-187.17621	-162.37358	5.7862453	-142.03644	-187.38672	0.11395225	0.9211806	4.637184	-10.104318	162.39178	0.4394025	3015.1814103126526
160	-170.96909	12.276564	-139.87546	-196.30945	-144.04358	16.613745	-114.94281	-170.79558	110.0	110.0	263999	-162.15866	5.8481326	-141.95152	-189.01938	-162.1588	5.8469515	-141.896	-190.1994	0.12270239	0.9230912	4.3986235	-11.362155	162.17503	0.440294	3036.123542547226
161	-170.40947	11.681656	-146.92966	-184.53722	-137.66362	14.9605875	-108.6561	-161.19928	110.0	110.0	265649	-162.16028	5.7175283	-142.111	-188.8525	-162.16031	5.716993	-142.19508	-188.74179	0.11393456	0.92363536	4.26842	-9.433885	162.17778	0.43398616	3056.038550376892
162	-164.75226	13.524999	-137.0351	-180.5651	-131.473	22.081629	-89.214874	-167.81035	110.0	110.0	267299	-162.1016	5.789873	-141.49167	-188.17776	-162.10172	5.7882752	-141.3102	-187.73997	0.108753234	0.9202705	4.7093596	-10.722004	162.12222	0.43157345	3076.8217356204987
163	-168.90862	11.09435	-145.57466	-183.81883	-132.09172	16.782646	-90.63417	-146.28807	110.0	110.0	268949	-162.10219	5.762298	-141.43835	-191.27185	-162.10208	5.761762	-141.28441	-189.74754	0.117272586	0.92300457	4.5057592	-11.521419	162.12662	0.44285563	3096.694572687149
164	-166.66762	11.527977	-133.09407	-182.94122	-131.83513	19.990555	-91.35102	-160.88707	110.0	110.0	270599	-162.27989	5.6705904	-141.95216	-189.06935	-162.2798	5.6705427	-141.84917	-190.61848	0.119909935	0.92307484	4.070922	-10.226425	162.30527	0.42585582	3117.6075212955475
165	-170.33057	8.469905	-156.81592	-186.67686	-140.64047	10.501704	-123.502365	-154.62611	110.0	110.0	272249	-162.35335	5.6377115	-141.6561	-189.24721	-162.35338	5.6375237	-141.94492	-189.29297	0.11564354	0.9177067	4.6990685	-11.720692	162.37909	0.44329154	3138.6345233917236
166	-169.20457	11.951537	-137.86261	-191.38705	-144.83356	9.897424	-127.84734	-165.4289	110.0	110.0	273899	-162.18463	5.617899	-142.07004	-190.74342	-162.18477	5.6177435	-141.94579	-190.88568	0.12197658	0.92330056	4.1992407	-9.326469	162.20781	0.43355647	3158.8242835998535
167	-163.73013	12.651677	-142.0884	-189.45354	-136.18661	20.127653	-111.14789	-170.67471	110.0	110.0	275549	-161.96362	5.6577916	-141.83955	-189.96573	-161.9635	5.6578712	-142.00223	-190.38225	0.12403992	0.9194189	4.4344816	-10.163507	161.98782	0.43713933	3179.8545837402344
168	-162.92079	10.919294	-141.0351	-180.1507	-133.69858	13.33017	-107.43496	-158.14027	110.0	110.0	277199	-161.9026	5.7220306	-141.29659	-189.05951	-161.90253	5.7225027	-141.24307	-189.62706	0.12410483	0.9183828	4.1781316	-9.540266	161.92711	0.4498197	3200.289708137512
169	-162.49403	13.19074	-131.55963	-181.63013	-141.23703	12.642618	-111.71255	-160.30821	110.0	110.0	278849	-161.92668	5.8878403	-140.46416	-189.34615	-161.92659	5.8886714	-140.58986	-189.69577	0.13001025	0.9178707	3.7838457	-10.539824	161.95557	0.45630342	3221.232729434967
170	-168.4426	9.762298	-155.4186	-190.5333	-139.3229	20.389591	-97.60289	-169.37416	110.0	110.0	280499	-161.8146	5.968603	-139.57335	-190.2286	-161.81471	5.9694953	-139.316	-189.02785	0.12256607	0.9234503	4.9554167	-9.097239	161.84085	0.45849964	3241.37179851532
171	-168.51886	9.23736	-149.32349	-180.99817	-121.92549	19.698145	-92.42549	-160.58546	110.0	110.0	282149	-161.49063	6.021689	-139.89825	-190.09586	-161.49054	6.0216293	-139.95476	-191.05626	0.1257268	0.9216353	4.2596736	-10.3328085	161.51436	0.4483989	3260.6868925094604
172	-167.54538	6.9529896	-155.69012	-184.51738	-144.36469	17.52415	-100.40909	-160.05176	110.0	110.0	283799	-161.43645	5.950703	-140.7206	-186.81154	-161.43642	5.951348	-140.68243	-186.03363	0.122669056	0.92715216	4.0567856	-9.90576	161.46294	0.45536953	3280.6565136909485
173	-167.08131	11.881745	-137.28708	-181.53114	-142.30048	23.692059	-89.81344	-177.15305	110.0	110.0	285449	-161.30107	6.0819454	-140.7565	-187.80841	-161.3011	6.0810566	-140.67221	-189.32645	0.13293019	0.920496	3.9805837	-9.346248	161.32803	0.459728	3301.5603115558624
174	-164.03885	13.31157	-140.13057	-184.79588	-135.17554	13.43111	-116.75473	-157.28516	110.0	110.0	287099	-161.25188	6.1203074	-140.46902	-190.66937	-161.25174	6.1208715	-140.11795	-191.23431	0.12748432	0.921564	5.1601696	-9.555378	161.27792	0.47055852	3322.4992039203644
175	-164.05577	15.556155	-122.065765	-189.32547	-135.9752	16.303885	-91.1293	-159.08008	110.0	110.0	288749	-161.03928	6.1823835	-138.89473	-191.1922	-161.03922	6.183022	-138.71259	-190.806	0.13205495	0.93313473	4.025701	-8.913803	161.07462	0.49265537	3343.623432636261
176	-163.752	10.302002	-144.62772	-178.53308	-126.60484	19.027172	-86.07503	-155.2866	110.0	110.0	290399	-160.82298	6.3440676	-138.38011	-187.90544	-160.82294	6.3446617	-138.39973	-188.00546	0.1322343	0.92985374	4.9569836	-10.910791	160.85121	0.48060015	3364.6615397930145
177	-162.68355	8.693619	-151.23254	-177.68211	-129.44388	9.520931	-116.2673	-147.14752	110.0	110.0	292049	-160.64914	6.349002	-137.59592	-188.029	-160.64917	6.3496776	-137.85944	-187.50952	0.13400169	0.92244345	6.9511437	-9.726126	160.68066	0.489271	3385.475743293762
178	-164.42604	9.206986	-151.84102	-180.65504	-139.06863	23.829605	-92.151146	-168.77931	110.0	110.0	293699	-160.36163	6.6097326	-137.93129	-195.65909	-160.3618	6.609032	-138.08414	-194.42691	0.137143	0.9312968	4.6323853	-11.470465	160.3842	0.49777448	3406.4097666740417
179	-161.46529	11.707155	-128.24416	-179.70285	-133.62051	19.03822	-94.4517	-168.44812	110.0	110.0	295349	-160.16125	6.6345763	-138.56639	-193.38889	-160.1609	6.6345387	-138.50035	-192.20055	0.14776963	0.9250474	4.5466714	-10.038789	160.18295	0.50058496	3427.42302274704
180	-165.25938	10.325412	-137.66646	-179.49223	-137.4815	18.203657	-109.70933	-167.9998	110.0	110.0	296999	-159.94672	6.702174	-137.89757	-193.51749	-159.94685	6.702286	-138.02286	-193.00302	0.14169687	0.92835	4.2485323	-9.963206	159.97304	0.5146892	3447.348148584366
181	-157.60014	11.22323	-133.86249	-176.62723	-143.37125	20.12935	-98.35039	-164.64627	110.0	110.0	298649	-159.91074	6.633497	-137.24513	-188.20535	-159.91084	6.634001	-137.81137	-188.87843	0.1528384	0.9338288	5.5834975	-13.048824	159.93799	0.5342854	3468.1109941005707
182	-166.43858	14.665461	-135.8995	-186.83371	-127.59975	24.926014	-97.03723	-180.13327	110.0	110.0	300299	-159.68391	6.801088	-137.62006	-188.34651	-159.68372	6.8015137	-137.59644	-189.65732	0.14865805	0.92856675	4.1128345	-10.890905	159.70755	0.532679	3487.557168483734
183	-166.65611	11.674173	-130.27492	-176.39502	-133.64873	19.89103	-101.74845	-158.51402	110.0	110.0	301949	-159.53651	6.976318	-137.27003	-187.92215	-159.53664	6.976572	-137.17993	-188.05087	0.15532579	0.9350376	4.4197707	-11.712967	159.55826	0.51760936	3508.513109922409
184	-164.82852	12.201362	-132.76549	-185.46819	-132.44705	13.752924	-103.228615	-148.88536	110.0	110.0	303599	-159.47678	7.143712	-136.58604	-189.21986	-159.47668	7.143765	-136.72618	-189.35492	0.1536062	0.93165034	5.176483	-9.578461	159.4973	0.51484406	3529.5212042331696
185	-161.37003	12.3268795	-133.18301	-177.61452	-125.31948	26.091442	-69.533226	-149.87665	110.0	110.0	305249	-159.1885	7.2306056	-136.42812	-187.71175	-159.18854	7.23141	-136.38817	-187.9137	0.15610167	0.9367966	5.413324	-9.180711	159.20258	0.5391014	3549.601800441742
186	-162.54443	11.950779	-140.69778	-183.51227	-136.5649	24.43401	-87.04366	-176.52242	110.0	110.0	306899	-158.96925	7.295116	-136.8987	-192.3205	-158.9692	7.295173	-136.99294	-193.79846	0.16636935	0.9379749	4.999097	-12.142648	158.99065	0.5363766	3570.347589969635
187	-164.80922	12.141839	-141.83118	-188.00679	-126.12071	7.2516575	-114.11573	-139.15897	110.0	110.0	308549	-158.76228	7.472958	-136.62405	-187.54398	-158.7624	7.472303	-136.66063	-187.99022	0.16601744	0.94234896	5.2923074	-12.477934	158.78104	0.5380427	3590.193572998047
188	-156.12227	12.899733	-134.6284	-189.2446	-150.61237	17.809542	-115.27229	-170.38628	110.0	110.0	310199	-158.329	7.5566125	-135.97011	-190.297	-158.32909	7.5564737	-136.24214	-189.11794	0.16790357	0.9357006	4.3559084	-9.042131	158.34866	0.53239167	3611.0796160697937
189	-160.53369	14.991282	-126.11981	-179.65074	-136.56784	20.668615	-101.83508	-171.5852	110.0	110.0	311849	-158.16907	7.518613	-136.11443	-188.4328	-158.16898	7.5179825	-136.22961	-190.36255	0.18078761	0.9399595	5.440469	-9.887699	158.18529	0.54647815	3632.0529403686523
190	-160.80956	10.849774	-144.00609	-177.75287	-143.05785	20.248993	-111.02626	-178.61613	110.0	110.0	313499	-157.74913	7.6294093	-134.81303	-185.95361	-157.74924	7.629459	-134.70909	-187.26338	0.17452492	0.9405442	4.6846724	-10.998477	157.76309	0.5353862	3652.9723291397095
191	-162.61006	10.256499	-144.99883	-175.60408	-119.667435	19.11481	-92.45994	-150.67279	110.0	110.0	315149	-157.32802	7.7458816	-134.44731	-187.07672	-157.32806	7.74643	-134.452	-187.62479	0.17011693	0.941017	4.74174	-9.924086	157.33992	0.5376829	3672.3386635780334
192	-159.40611	10.844625	-142.15182	-180.03484	-127.27157	17.124054	-93.519226	-151.40546	110.0	110.0	316799	-157.31941	7.7533484	-134.5746	-188.3829	-157.31934	7.7526855	-134.9759	-188.06268	0.17245011	0.93907636	4.9464054	-9.469512	157.3321	0.54576176	3691.68976020813
193	-159.99611	9.480896	-143.32912	-178.27629	-131.70187	15.2567425	-105.144554	-155.12573	110.0	110.0	318449	-157.21007	7.587785	-135.56145	-189.51599	-157.21022	7.587584	-135.35703	-188.30746	0.16026609	0.93571854	4.995802	-9.676597	157.2231	0.5273559	3711.539403438568
194	-158.55464	10.019078	-135.5473	-180.82967	-130.23582	28.572903	-79.49813	-176.2281	110.0	110.0	320099	-157.43695	7.595278	-135.21443	-187.99442	-157.43669	7.594647	-135.42372	-187.82504	0.16981345	0.9369346	6.059702	-10.486436	157.45576	0.5507468	3732.5180208683014
195	-165.1232	13.86724	-129.2544	-186.33052	-118.38619	20.190096	-81.69997	-146.99016	110.0	110.0	321749	-157.54025	7.644958	-134.94548	-187.10808	-157.54047	7.6435013	-135.48242	-187.84589	0.16400757	0.93810713	4.2505145	-11.573074	157.56053	0.53576946	3753.6861186027527
196	-158.56291	12.545073	-127.802315	-181.26654	-126.757065	18.99666	-80.51141	-151.31505	110.0	110.0	323399	-157.29823	7.639349	-134.63663	-186.86406	-157.29831	7.638689	-134.85593	-187.41505	0.16499852	0.93902254	4.3209705	-11.814689	157.3133	0.5354657	3774.739260673523
197	-163.59927	13.733239	-131.70586	-184.67342	-127.04496	25.94417	-56.77434	-158.17818	110.0	110.0	325049	-156.82576	7.659291	-133.41489	-186.39981	-156.82565	7.6582255	-133.24405	-186.93607	0.17137285	0.93846726	5.808921	-9.833047	156.84792	0.5653942	3794.4459550380707
198	-165.85805	14.1502075	-134.5868	-182.03516	-119.545654	18.892439	-94.50106	-152.39113	110.0	110.0	326699	-156.79533	7.784906	-132.85696	-187.73087	-156.79541	7.783248	-133.30249	-187.74498	0.18167275	0.94778347	4.2298594	-9.654022	156.81302	0.5622813	3813.823686361313
199	-164.13666	11.500742	-146.8633	-183.65355	-137.47511	24.663925	-89.2972	-181.4878	110.0	110.0	328349	-156.42755	7.9718256	-132.63547	-186.04665	-156.4277	7.970334	-132.9136	-186.89995	0.17332603	0.94624704	5.0259914	-10.50082	156.44144	0.55358917	3835.0166335105896
200	-159.67505	11.946989	-140.17947	-187.07416	-122.559814	19.936747	-85.686226	-164.4754	110.0	110.0	329999	-156.8065	8.040049	-133.10522	-190.06026	-156.80656	8.039379	-132.85826	-190.70268	0.1735108	0.9422381	6.0259457	-14.286305	156.8222	0.56971043	3855.954535007477
201	-163.63731	11.046434	-144.68253	-183.81017	-140.51613	13.894465	-110.38692	-156.42386	110.0	110.0	331649	-156.98874	7.753777	-134.36893	-186.5865	-156.98872	7.7534285	-133.97903	-188.5003	0.17250212	0.9388213	5.032798	-9.566495	157.00717	0.5595909	3875.3780841827393
202	-162.55838	10.849675	-148.02533	-183.03586	-131.68588	22.543207	-96.32778	-165.9332	110.0	110.0	333299	-156.81436	7.707936	-133.94337	-186.74585	-156.8144	7.7064867	-133.9548	-185.24722	0.1781857	0.9411914	4.730757	-10.499557	156.83493	0.560775	3896.3777322769165
203	-157.5146	15.841051	-125.896164	-179.50343	-118.67594	19.696745	-80.93553	-147.51129	110.0	110.0	334949	-157.00952	7.6315684	-134.25911	-186.1132	-157.0094	7.630799	-134.46164	-186.9959	0.17074183	0.941198	4.767845	-11.440271	157.02861	0.5491536	3917.4110226631165
204	-152.64703	12.80697	-134.58151	-179.6725	-141.86874	22.236485	-110.858864	-174.9161	110.0	110.0	336599	-156.49402	7.8464503	-132.90973	-188.14343	-156.49406	7.8459992	-132.92398	-187.80211	0.1663736	0.93860924	4.2260733	-10.46775	156.52068	0.5579102	3938.344533443451
205	-158.06633	13.34881	-125.72936	-175.73721	-117.91268	17.07836	-99.71039	-150.44456	110.0	110.0	338249	-155.96373	8.030898	-131.13383	-185.78452	-155.96385	8.030751	-131.29391	-186.77042	0.19409649	0.94227153	5.0113645	-10.04396	155.97505	0.56232774	3959.4514243602753
206	-165.2751	10.608044	-146.03946	-180.58305	-139.0607	22.766174	-103.79102	-174.71889	110.0	110.0	339899	-155.85953	7.952725	-131.95068	-185.4952	-155.85931	7.9521236	-131.9202	-186.10417	0.18799074	0.9434075	4.3116674	-13.321062	155.87753	0.55668163	3980.518199443817
207	-159.80518	12.069888	-139.25742	-177.2961	-138.92313	27.442379	-70.90544	-168.25528	110.0	110.0	341549	-155.90619	7.7635336	-133.57779	-185.59305	-155.90636	7.7629023	-133.50584	-184.94574	0.18737413	0.94240916	6.7368574	-9.878861	155.92174	0.54502213	4001.50808095932
208	-156.50053	14.40421	-129.12076	-185.09688	-134.32135	18.004799	-101.11656	-151.922	110.0	110.0	343199	-155.69327	7.9797106	-132.52992	-187.90451	-155.69337	7.978588	-132.5822	-186.74442	0.18538934	0.94511086	4.2505884	-10.243015	155.71135	0.55260545	4020.8841712474823
209	-158.62279	13.558422	-128.27025	-181.16852	-119.9942	15.65714	-88.37433	-146.99097	110.0	110.0	344849	-155.40636	8.307001	-131.51143	-186.3601	-155.40646	8.306126	-131.21564	-186.41032	0.18668999	0.9478941	4.685709	-9.963793	155.42075	0.5575895	4040.5681912899017
210	-155.3343	13.181557	-125.89956	-176.69736	-127.923904	19.427504	-83.91529	-154.139	110.0	110.0	346499	-155.18358	8.292365	-131.5889	-184.86963	-155.18336	8.291567	-132.32819	-185.83865	0.19572224	0.94242555	5.6646137	-9.791311	155.19754	0.55276364	4062.034878730774
211	-156.69807	13.500496	-131.73766	-176.46805	-121.51089	18.69928	-88.58248	-153.50624	110.0	110.0	348149	-154.8789	8.340675	-132.15468	-186.22984	-154.87901	8.339374	-131.86234	-187.11192	0.18989068	0.9507907	6.182902	-10.900595	154.89125	0.54952794	4084.0109186172485
212	-157.0557	13.879634	-127.63244	-179.66306	-113.871666	23.247982	-77.99477	-153.89539	110.0	110.0	349799	-154.76099	8.1660795	-132.13332	-184.85585	-154.76128	8.164723	-132.3255	-185.9926	0.18906711	0.94240475	4.7828407	-12.067423	154.77177	0.5480187	4103.362686157227
213	-160.84854	14.237971	-122.73347	-180.90086	-136.485	8.307644	-119.12373	-147.5168	110.0	110.0	351449	-154.78055	7.9945946	-133.43117	-188.73114	-154.7806	7.9913635	-133.38362	-188.05347	0.1925667	0.94249696	5.160471	-9.735141	154.78949	0.5586637	4123.361012458801
214	-162.02507	10.199522	-136.38547	-179.99426	-137.8822	14.963804	-112.927086	-157.87566	110.0	110.0	353099	-154.4093	8.09599	-132.23312	-186.06052	-154.4093	8.093379	-132.26265	-184.12056	0.18837546	0.9452498	4.937062	-8.457394	154.41417	0.55768716	4144.40336728096
215	-160.51935	14.355902	-136.60654	-181.87724	-125.72402	24.394701	-81.604515	-160.07585	110.0	110.0	354749	-154.49954	8.050273	-131.88263	-184.64032	-154.49959	8.048523	-131.80775	-186.26126	0.19835967	0.9430652	5.325857	-10.009082	154.51172	0.5647049	4164.416081666946
216	-155.64226	9.691968	-136.98468	-171.77434	-122.89555	22.57475	-86.116585	-164.35393	110.0	110.0	356399	-154.26805	8.020187	-131.5884	-183.57556	-154.26816	8.018266	-131.9533	-183.68095	0.19823566	0.9532701	5.8821135	-10.331678	154.27847	0.57056105	4184.79864859581
217	-160.24355	19.823822	-104.85903	-186.69168	-107.825584	23.805143	-68.73387	-149.01234	110.0	110.0	358049	-154.09479	8.119133	-131.32497	-181.11552	-154.095	8.117054	-131.56267	-182.40329	0.20786634	0.94779456	5.1202297	-9.791681	154.10445	0.56762165	4204.49910402298
218	-164.2071	9.007724	-142.68814	-176.67334	-127.66319	25.604738	-93.86471	-181.23875	110.0	110.0	359699	-153.67697	8.238719	-130.91623	-183.61133	-153.67696	8.236499	-130.90431	-183.98468	0.20213649	0.9498384	8.009819	-10.498134	153.68227	0.57079244	4225.6111850738525
219	-153.67282	9.827908	-139.27643	-170.65993	-117.74502	24.090393	-70.84421	-155.71329	110.0	110.0	361349	-153.6254	8.231895	-130.18823	-183.84247	-153.62558	8.229776	-130.62997	-184.79396	0.21364006	0.95819783	6.601613	-9.874234	153.63036	0.5811094	4246.298424243927
220	-154.78922	11.621927	-138.3913	-179.4569	-127.561424	21.547411	-90.28904	-158.04356	110.0	110.0	362999	-153.31396	8.087861	-129.56784	-185.31155	-153.31404	8.086248	-129.8308	-184.17784	0.2105641	0.95005924	5.1932526	-9.123783	153.31657	0.5617824	4267.340395689011
221	-156.02724	10.145374	-131.4053	-167.79314	-122.53027	23.787195	-86.372475	-159.4736	110.0	110.0	364649	-153.73288	8.122712	-129.84348	-185.3541	-153.73264	8.121975	-129.98369	-185.40233	0.2053943	0.94166845	6.826296	-10.148439	153.7466	0.5837021	4286.764803409576
222	-155.02538	12.180095	-128.86038	-169.92293	-127.31433	19.855291	-88.50912	-149.32796	110.0	110.0	366299	-153.64789	8.252983	-129.33633	-186.58722	-153.64787	8.251997	-129.3197	-185.05925	0.20335789	0.9478291	6.2872066	-10.337753	153.66277	0.577756	4309.9236896038055
223	-159.48251	7.5049963	-144.38477	-174.45863	-107.91862	26.557947	-71.75897	-159.13673	110.0	110.0	367949	-153.27014	8.400104	-128.86748	-185.97397	-153.27042	8.398982	-129.41653	-185.45325	0.20764685	0.95228577	6.2019353	-9.801446	153.27933	0.5855144	4330.03425526619
224	-156.65903	12.106904	-136.67436	-175.92384	-137.77853	18.730745	-102.01961	-173.94623	110.0	110.0	369599	-152.85422	8.397864	-128.01907	-184.665	-152.85408	8.397468	-128.20111	-184.69765	0.20677753	0.9504632	4.9795814	-9.1769285	152.86328	0.59502554	4349.879003763199
225	-152.02254	14.288666	-116.97286	-169.06679	-119.390274	16.233234	-89.23664	-139.91193	110.0	110.0	371249	-152.5534	8.364542	-127.91815	-185.68944	-152.55354	8.363095	-127.91478	-185.81673	0.21111439	0.95420754	4.627331	-11.671139	152.55481	0.5730456	4370.941885232925
226	-156.37335	11.695367	-131.74213	-181.3173	-121.05989	21.480871	-74.26888	-147.44135	110.0	110.0	372899	-152.6114	8.383349	-127.591805	-186.4904	-152.6114	8.38157	-127.621315	-186.58357	0.21656525	0.9461083	5.211519	-10.917595	152.61948	0.5964907	4392.034312725067
227	-160.25148	13.014196	-131.10022	-176.07161	-105.04464	26.32255	-63.92441	-136.9579	110.0	110.0	374549	-152.22162	8.597739	-126.073944	-185.84897	-152.2219	8.596072	-126.7244	-184.7725	0.21365073	0.95299083	5.4767547	-13.494514	152.22298	0.5823549	4411.526353120804
228	-156.94797	12.942282	-128.2091	-183.54576	-123.44063	17.55142	-81.96191	-144.27197	110.0	110.0	376199	-152.2913	8.663895	-126.77471	-183.82587	-152.29092	8.663566	-126.76895	-184.31915	0.22566605	0.9488816	4.8431306	-9.522435	152.29811	0.5969211	4431.283722877502
229	-160.41351	15.40372	-127.87582	-182.10727	-116.76121	33.91315	-34.909058	-165.92137	110.0	110.0	377849	-152.18689	8.687425	-126.14622	-183.11646	-152.1872	8.685819	-126.480194	-183.41359	0.22350769	0.9532676	5.028058	-8.896303	152.1978	0.6078035	4452.341709136963
230	-154.80238	15.460559	-127.50139	-177.81036	-131.53342	19.72142	-96.46189	-156.84071	110.0	110.0	379499	-152.16714	8.769587	-126.093094	-182.96533	-152.16727	8.767766	-125.99583	-181.98184	0.22788014	0.95784247	5.0844946	-11.867249	152.17558	0.60138977	4471.880573511124
231	-149.7786	13.650058	-118.2066	-167.10316	-119.360825	22.826399	-75.36247	-153.1464	110.0	110.0	381149	-152.03386	8.8854	-125.930855	-181.74702	-152.034	8.884928	-125.93067	-183.11667	0.22653213	0.9514416	5.0996947	-8.898662	152.04808	0.6223182	4492.199113845825
232	-152.1285	12.675947	-121.62544	-174.20876	-128.24292	19.0911	-101.74987	-158.40494	110.0	110.0	382799	-151.7436	8.753569	-125.71528	-187.72377	-151.74345	8.752864	-125.51673	-186.30081	0.23832138	0.95844245	4.554453	-10.778302	151.74867	0.61487985	4512.16001868248
233	-153.4272	15.304937	-120.706085	-181.98134	-127.563034	17.31731	-99.752266	-152.99901	110.0	110.0	384449	-151.71861	8.458563	-126.68809	-182.86667	-151.71873	8.457846	-126.38463	-182.594	0.22754508	0.9498577	5.0921545	-11.261309	151.72346	0.62290496	4531.4900987148285
234	-153.62105	16.952013	-109.574135	-180.99323	-121.79453	15.651625	-100.99864	-147.42155	110.0	110.0	386099	-151.66727	8.421657	-126.58097	-187.96106	-151.66725	8.420877	-126.51842	-187.11894	0.2424785	0.9570605	5.210595	-9.710783	151.67838	0.6202352	4551.163322687149
235	-159.21468	11.903989	-139.60066	-177.60768	-122.62954	22.661072	-80.1586	-151.09203	110.0	110.0	387749	-151.22957	8.519168	-126.62815	-182.4455	-151.22978	8.517435	-126.816765	-183.04855	0.24583387	0.9657382	5.4413867	-9.478697	151.23524	0.61982435	4571.731641054153
236	-157.6395	11.227205	-140.41643	-181.98553	-128.2208	18.837849	-92.00887	-152.36992	110.0	110.0	389399	-151.2145	8.288225	-126.59061	-187.38826	-151.21425	8.287538	-126.89123	-188.153	0.23111893	0.9652326	9.888677	-8.589858	151.22206	0.61632645	4592.733101844788
237	-155.02296	17.555016	-128.14761	-181.18501	-118.53072	24.927362	-67.84262	-152.614	110.0	110.0	391049	-151.12318	8.26168	-126.532	-185.05646	-151.12363	8.260929	-126.54672	-185.3144	0.24862114	0.9564738	6.5652857	-9.604501	151.12491	0.62192285	4613.8038511276245
238	-147.06235	9.034339	-129.68326	-164.35808	-118.84187	22.142834	-84.99483	-146.29826	110.0	110.0	392699	-150.8586	8.325045	-126.08147	-185.05452	-150.85838	8.324867	-126.323425	-185.57703	0.24829318	0.96302825	5.2012873	-10.048182	150.85759	0.6078434	4634.137632369995
239	-157.46762	12.026854	-138.69095	-180.4071	-118.63324	34.36435	-42.38179	-170.72505	110.0	110.0	394349	-150.82501	8.198926	-126.44287	-182.69664	-150.82513	8.198296	-126.77154	-183.64005	0.24139938	0.9581062	6.9364443	-9.650015	150.83333	0.6243007	4655.276286840439
240	-153.24956	13.07153	-135.23315	-173.50903	-113.18584	26.375273	-74.30634	-164.51659	110.0	110.0	395999	-150.74133	8.125778	-126.384895	-182.80972	-150.74146	8.125577	-126.80424	-183.16241	0.24737942	0.9632967	5.1819506	-12.177534	150.74707	0.62695754	4679.708572626114
241	-148.3276	14.306661	-120.75102	-171.88316	-117.99788	18.747541	-79.07921	-144.35263	110.0	110.0	397649	-150.61143	8.005062	-127.42012	-184.36743	-150.61143	8.005197	-127.54393	-184.83723	0.2558687	0.9563315	5.20861	-9.777186	150.6133	0.6210351	4700.779096603394
242	-149.7488	12.375933	-130.3424	-165.1865	-116.36731	18.886211	-75.63361	-142.75745	110.0	110.0	399299	-150.18776	8.0013485	-126.01346	-180.86443	-150.18774	8.000215	-125.92609	-181.96103	0.24828736	0.96222484	5.289206	-9.784784	150.19075	0.6041747	4720.899871110916
243	-150.4055	15.150636	-128.69434	-182.24995	-122.67415	13.311953	-91.39262	-143.60909	110.0	110.0	400949	-149.98418	8.148918	-125.2173	-181.22955	-149.98412	8.148833	-125.60892	-183.16191	0.2514917	0.95935607	4.625432	-9.5283785	149.99133	0.61325395	4740.2766218185425
244	-153.86642	13.984252	-119.45722	-177.2907	-118.986305	12.051708	-99.314575	-140.84996	110.0	110.0	402599	-149.97635	8.263882	-124.835884	-183.2528	-149.97653	8.2649	-125.07329	-185.42267	0.2548689	0.96444046	5.2422094	-10.557825	149.98018	0.62738025	4759.6221623420715
245	-150.16283	16.787708	-109.0763	-179.42564	-126.9081	21.177502	-93.68417	-156.2722	110.0	110.0	404249	-149.51367	8.348782	-124.91564	-179.28937	-149.5137	8.348691	-124.68499	-180.32025	0.25419238	0.9631131	4.8798237	-9.644261	149.5209	0.62028927	4780.253893136978
246	-156.45467	11.087137	-128.80653	-170.2158	-125.11896	14.900012	-96.72253	-146.29674	110.0	110.0	405899	-149.62209	8.289945	-125.100174	-181.43478	-149.62209	8.28955	-125.117226	-182.44453	0.26122123	0.96619624	5.630144	-9.437279	149.61913	0.60677856	4800.361956834793
247	-149.69576	10.612871	-132.54916	-165.0646	-91.054306	34.19816	-44.536633	-142.44148	110.0	110.0	407549	-148.9621	8.421925	-124.021965	-180.81537	-148.96207	8.420653	-123.96031	-180.87871	0.2555702	0.9669277	5.9792314	-9.953029	148.95673	0.6164408	4820.634880065918
248	-149.12695	14.1802845	-125.298004	-171.4077	-116.45332	22.544672	-87.73124	-155.81987	110.0	110.0	409199	-148.6983	8.326158	-123.330055	-178.45694	-148.69862	8.325459	-123.39302	-179.67468	0.25386393	0.97304076	5.7070837	-11.452664	148.6946	0.62359154	4841.781852722168
249	-150.33939	14.220916	-129.69717	-178.6665	-125.832664	21.137684	-92.72268	-161.35352	110.0	110.0	410849	-148.32726	8.505834	-121.7067	-180.5433	-148.32707	8.505702	-121.89457	-181.15094	0.270883	0.97161716	5.926632	-9.227047	148.31372	0.61716944	4861.3355717659
250	-151.69608	12.936273	-129.24855	-174.4024	-120.61284	21.31521	-79.250465	-152.58105	110.0	110.0	412499	-148.10873	8.722225	-121.87173	-181.08122	-148.10901	8.722344	-121.8874	-181.8243	0.26707965	0.9693095	4.727421	-13.728466	148.09856	0.6296766	4880.750930309296
251	-153.68765	13.352608	-132.72853	-179.835	-122.38181	16.167545	-95.364586	-144.82571	110.0	110.0	414149	-148.12268	8.998048	-121.457664	-180.69316	-148.12262	8.996928	-121.44163	-181.85292	0.27102715	0.9744889	5.392881	-11.5839615	148.12035	0.6343279	4901.000453948975
252	-151.11546	12.826066	-117.46265	-171.46504	-121.389206	22.100441	-78.929085	-145.29	110.0	110.0	415799	-148.05202	9.040321	-119.93339	-182.2462	-148.05211	9.039922	-120.201904	-183.87463	0.2758168	0.97085303	5.435173	-10.44967	148.04831	0.6420649	4922.085510253906
253	-150.47948	11.151765	-127.47769	-164.33025	-110.08036	21.980213	-61.961456	-148.6084	110.0	110.0	417449	-148.10722	8.884738	-121.68502	-180.46553	-148.10738	8.884792	-121.65888	-180.15393	0.27731436	0.9716103	5.238037	-11.952389	148.10771	0.64909625	4942.198431968689
254	-153.35489	14.106675	-131.96034	-182.84511	-108.63145	16.816587	-74.936455	-143.00893	110.0	110.0	419099	-148.20847	8.982052	-121.39737	-184.35774	-148.20836	8.981549	-121.53765	-186.72525	0.2752471	0.97032696	6.8235	-8.685957	148.2064	0.62887865	4963.04388833046
255	-145.06772	15.270225	-123.66881	-167.18254	-114.0602	21.473536	-78.87024	-151.9995	110.0	110.0	420749	-148.00314	8.7845	-121.45572	-183.71298	-148.00333	8.783048	-120.97992	-185.40778	0.27432048	0.9748751	6.008115	-11.438592	147.99704	0.63769525	4983.1662220954895
256	-149.1381	13.357408	-124.006805	-177.74547	-126.48724	26.268053	-90.45145	-171.77678	110.0	110.0	422399	-147.74869	8.53457	-121.29202	-181.89676	-147.74875	8.535431	-121.70349	-182.59251	0.28904393	0.97352576	5.1516047	-10.409164	147.74213	0.62072223	5002.548224449158
257	-144.93814	12.155322	-119.73919	-165.65196	-118.97554	10.958001	-100.579765	-132.13231	110.0	110.0	424049	-147.16673	8.614824	-121.344086	-179.8643	-147.16667	8.614656	-121.299774	-181.15738	0.29675856	0.986618	6.502834	-12.056189	147.15277	0.6271565	5023.891636133194
258	-144.33664	17.53655	-100.283806	-166.33968	-115.98226	19.574871	-96.12255	-164.56111	110.0	110.0	425699	-147.195	8.533239	-122.1952	-178.71638	-147.19511	8.533002	-122.190796	-179.96497	0.30155677	0.97406	9.595638	-9.102268	147.19301	0.6381274	5044.812852144241
259	-143.09505	12.585626	-122.74626	-161.39308	-110.580284	18.763618	-78.73875	-142.23665	110.0	110.0	427349	-147.06592	8.575509	-121.705086	-180.88985	-147.06586	8.575051	-122.12948	-182.47284	0.2853659	0.9772572	5.772291	-10.1108885	147.05702	0.62683314	5065.93847322464
260	-143.61252	13.358875	-119.40041	-161.71739	-106.56633	20.519281	-78.13613	-142.65923	110.0	110.0	428999	-146.5893	8.67607	-121.138535	-180.82338	-146.58932	8.675142	-121.03207	-181.56573	0.2955905	0.9881602	6.2710867	-8.427564	146.57178	0.6294535	5086.022479057312
261	-139.71739	9.119674	-125.44877	-161.73541	-105.2151	35.259544	-38.68713	-156.99553	110.0	110.0	430649	-146.18283	8.788585	-118.92926	-181.30203	-146.18297	8.787659	-119.408936	-177.51155	0.29891452	0.98908883	5.54147	-10.375803	146.17252	0.6545021	5107.06530714035
262	-153.88068	8.87379	-138.46829	-166.58275	-96.49221	29.92188	-38.213573	-129.43193	110.0	110.0	432299	-146.48282	8.7757435	-119.30315	-180.1878	-146.48286	8.7753105	-119.66105	-180.90778	0.2975362	0.9825771	5.8545966	-9.436614	146.47523	0.6527838	5127.968068361282
263	-145.47862	9.416428	-126.88625	-162.88298	-97.90965	19.405405	-68.62127	-126.78201	110.0	110.0	433949	-146.36841	8.6911335	-120.33121	-179.1317	-146.36858	8.691456	-120.3124	-179.70003	0.3011147	0.9825272	5.5924997	-12.3538265	146.36174	0.6380618	5148.586194515228
264	-149.22037	15.941002	-127.349625	-174.3203	-115.78429	26.014303	-80.25541	-166.3072	110.0	110.0	435599	-146.096	8.862108	-119.78561	-178.84535	-146.0962	8.860471	-120.61938	-179.7019	0.2944981	0.9895472	6.166632	-9.536694	146.08644	0.64734805	5167.985902547836
265	-150.3857	12.810381	-130.89293	-176.85771	-109.58799	30.893562	-59.26664	-155.89803	110.0	110.0	437249	-146.05731	9.012071	-119.816986	-179.55864	-146.05766	9.011236	-120.53253	-179.37299	0.29437414	0.9879994	6.415253	-9.517113	146.05792	0.6277218	5189.0221972465515
266	-142.29413	10.337155	-120.93278	-162.9755	-131.65549	26.802849	-71.13076	-172.23036	110.0	110.0	438899	-145.9132	9.050058	-120.39949	-179.59181	-145.91298	9.048582	-120.3787	-181.7005	0.30859616	0.9956096	6.6959763	-9.956222	145.90096	0.6327357	5209.633595705032
267	-146.60023	13.466934	-116.96095	-169.78471	-110.73633	29.632536	-54.774475	-142.06326	110.0	110.0	440549	-145.79785	9.139494	-121.0213	-179.70178	-145.7979	9.139569	-121.29592	-178.97006	0.312375	0.98788613	5.6298475	-9.278573	145.79247	0.64098775	5230.896128177643
268	-140.43686	12.605662	-116.954765	-165.57571	-104.1861	25.310404	-51.260338	-136.58646	110.0	110.0	442199	-145.666	9.006379	-121.16632	-179.49567	-145.66606	9.007343	-120.93096	-179.15895	0.31094733	0.9893574	5.7554274	-9.049963	145.65187	0.6338695	5251.352284908295
269	-149.20523	14.549041	-123.564606	-179.06982	-109.78404	20.520002	-64.582504	-140.86053	110.0	110.0	443849	-145.80298	9.038992	-122.06836	-182.31271	-145.80309	9.0386715	-121.68637	-182.97197	0.31676954	0.9867315	8.101601	-9.249339	145.8001	0.6559632	5271.228928565979
270	-143.94765	12.586287	-119.720604	-168.01833	-122.89247	12.984657	-102.80649	-145.80635	110.0	110.0	445499	-145.74867	8.997772	-122.66152	-182.60904	-145.74889	8.998294	-123.145515	-182.39182	0.31309548	0.9907023	6.217662	-9.512315	145.745	0.6694327	5290.704550981522
271	-147.20583	12.491963	-115.68329	-163.17947	-125.33146	21.824186	-85.443054	-156.71066	110.0	110.0	447149	-145.68365	8.9186125	-123.08818	-179.41617	-145.68346	8.919675	-123.30347	-181.1073	0.30764937	0.99024576	6.4714413	-10.743762	145.68462	0.6703789	5310.143618106842
272	-138.54814	13.390882	-115.25821	-167.31436	-123.075424	21.373295	-96.17734	-158.4381	110.0	110.0	448799	-145.8521	8.914327	-122.81286	-179.40274	-145.8522	8.91559	-123.253136	-180.8358	0.3136057	0.99684876	6.1035113	-9.028431	145.85358	0.67497146	5329.98255610466
273	-141.02327	18.743395	-113.38633	-180.60359	-110.92407	26.359999	-67.9407	-160.06401	110.0	110.0	450449	-145.69473	9.075441	-123.36015	-184.51575	-145.6949	9.077099	-123.3549	-185.12787	0.32464015	0.99283713	5.836092	-10.560153	145.69472	0.6633912	5349.694552898407
274	-149.40047	15.023739	-121.735535	-172.49634	-111.44161	27.619728	-70.99566	-152.1891	110.0	110.0	452099	-145.43262	9.054127	-123.19079	-186.02054	-145.43248	9.054527	-123.43654	-185.79224	0.33713675	0.990497	6.7281203	-10.070067	145.42683	0.66021645	5369.817791461945
275	-135.02321	8.360712	-120.75386	-149.03522	-126.63881	32.568165	-64.318665	-181.49103	110.0	110.0	453749	-144.96004	8.694753	-122.80278	-180.491	-144.96025	8.695881	-122.91919	-180.05013	0.32445472	0.9988205	6.365575	-11.564586	144.94733	0.6515021	5391.077138900757
276	-144.4372	12.740766	-125.50551	-166.53584	-122.468094	17.370882	-89.844604	-152.22841	110.0	110.0	455399	-145.14229	8.756444	-122.96598	-187.46165	-145.14236	8.756201	-123.294586	-187.5492	0.32390556	0.99550635	7.260049	-10.432538	145.13997	0.65487385	5411.6371285915375
277	-144.33975	12.239875	-120.15191	-161.0647	-115.37848	22.886858	-79.81291	-155.51137	110.0	110.0	457049	-145.01453	8.59431	-123.69895	-183.46043	-145.01453	8.595308	-123.60715	-182.75665	0.32588515	0.991985	6.125886	-10.102248	145.00755	0.63761705	5431.992485046387
278	-143.65715	12.748318	-123.159744	-175.99844	-101.4839	23.835115	-62.53139	-137.65749	110.0	110.0	458699	-144.4423	8.394793	-122.893616	-183.51385	-144.44252	8.393646	-123.19722	-184.53104	0.3360504	0.9994455	7.3165765	-10.863477	144.42685	0.63878113	5453.031268596649
279	-143.94972	16.365803	-119.75462	-182.00935	-134.25325	18.910866	-111.041695	-179.54054	110.0	110.0	460349	-143.77542	8.4287	-122.39024	-184.0288	-143.77531	8.427332	-122.56734	-182.8387	0.34880534	0.9965071	7.4089513	-9.516293	143.76077	0.6378503	5474.145792722702
280	-145.36018	12.141846	-128.56107	-173.3012	-100.4102	19.405394	-74.812965	-128.08517	110.0	110.0	461999	-143.62643	8.047321	-123.087364	-179.5416	-143.62662	8.046745	-123.244774	-179.02	0.3375021	0.99922484	6.152603	-11.089417	143.61127	0.61307216	5494.545582294464
281	-145.59343	8.596036	-127.70538	-156.5547	-118.70164	11.539413	-93.35129	-129.67198	110.0	110.0	463649	-143.78728	7.838613	-124.80587	-178.44661	-143.78725	7.8385525	-125.12655	-180.72906	0.33224908	0.9915029	7.8790846	-11.366709	143.77821	0.6140043	5514.964161872864
282	-140.53702	12.230443	-122.03112	-164.32892	-129.27554	22.073067	-92.96331	-163.00705	110.0	110.0	465299	-143.80264	7.791705	-125.479355	-181.52625	-143.80284	7.792128	-125.26742	-181.54488	0.32508728	0.99814796	5.5745006	-9.508033	143.78574	0.62704206	5536.228947401047
283	-141.60509	14.280809	-118.62465	-170.54155	-117.19944	20.020044	-91.6515	-149.33215	110.0	110.0	466949	-143.49715	7.588139	-125.57057	-181.30168	-143.49715	7.587548	-125.72281	-180.55138	0.3301244	1.0011271	6.5896907	-9.653396	143.48141	0.6069645	5556.564711332321
284	-141.95425	11.392368	-127.86755	-164.98067	-118.55827	31.0695	-55.13133	-162.75917	110.0	110.0	468599	-142.982	7.4912934	-125.652	-179.11728	-142.98209	7.491151	-125.92847	-178.74251	0.33966464	1.0000219	6.727111	-9.826464	142.95819	0.5992483	5577.303843736649
285	-148.99208	12.488231	-126.14434	-174.68567	-101.386314	34.60184	-30.113707	-144.40776	110.0	110.0	470249	-143.17882	7.3195496	-125.856064	-178.53741	-143.17892	7.3201375	-125.93681	-179.5846	0.34064418	0.9906573	5.2598467	-10.409204	143.1638	0.5984365	5596.846180200577
286	-138.87465	11.846481	-117.191315	-169.79024	-121.5016	16.748894	-101.37284	-156.14285	110.0	110.0	471899	-143.2766	7.272446	-126.47893	-179.07916	-143.27654	7.2715507	-126.23393	-179.64812	0.33752206	0.9927543	7.4723015	-10.02075	143.26581	0.6139798	5617.94229722023
287	-141.77005	9.585772	-127.47282	-163.46858	-109.528885	14.24981	-76.18018	-123.78955	110.0	110.0	473549	-142.92169	7.247079	-126.209885	-179.97807	-142.9218	7.248286	-125.954666	-180.76431	0.3474242	0.9980974	5.506821	-10.767178	142.89957	0.6064263	5637.874407052994
288	-137.67749	14.616697	-109.3162	-163.79588	-108.35005	16.228168	-85.0397	-126.42198	110.0	110.0	475199	-142.45535	7.0908804	-126.017166	-178.79436	-142.45555	7.091068	-125.91714	-177.53024	0.34860384	1.0026616	5.818946	-10.856174	142.43315	0.5928768	5657.532631397247
289	-146.6982	11.149722	-124.114655	-166.27959	-108.65354	13.740227	-73.35662	-121.7556	110.0	110.0	476849	-142.38339	7.190785	-125.562904	-176.98936	-142.38332	7.190677	-125.58668	-178.97919	0.34399575	1.0009767	7.7371674	-12.068991	142.36256	0.5893318	5677.243852853775
290	-143.41188	13.301257	-115.02471	-164.19489	-113.01843	15.158423	-89.1511	-142.7931	110.0	110.0	478499	-142.15926	7.2335777	-125.87814	-176.4124	-142.15955	7.2339945	-125.35673	-177.54208	0.3415407	1.0001129	6.739372	-9.858674	142.1381	0.5905959	5696.745511293411
291	-140.50351	10.254356	-126.33504	-162.30173	-97.88234	17.51082	-72.92477	-124.159386	110.0	110.0	480149	-142.13504	7.3042674	-126.11022	-178.91774	-142.13469	7.3055434	-126.08398	-180.14285	0.343237	0.995304	5.448457	-9.253302	142.1185	0.5922821	5717.928092479706
292	-135.84454	11.195227	-118.37306	-158.2657	-124.5109	23.236212	-79.220535	-165.51862	110.0	110.0	481799	-142.23499	7.4633226	-124.79005	-175.6058	-142.23517	7.46414	-125.045364	-177.89131	0.35532948	1.0002306	8.030802	-11.427902	142.21568	0.5800237	5738.998193740845
293	-145.59618	10.231556	-126.42598	-168.87798	-122.77439	19.31397	-98.7652	-157.37877	110.0	110.0	483449	-141.64935	7.354268	-124.26842	-176.07614	-141.64949	7.3557487	-124.136185	-176.01115	0.3517934	1.0046719	7.7045293	-10.198678	141.62814	0.5833231	5759.769155263901
294	-140.24928	15.483994	-115.55134	-169.09575	-112.21486	23.666462	-78.38263	-148.18674	110.0	110.0	485099	-141.49637	7.43033	-124.306175	-177.24461	-141.49625	7.431061	-124.22429	-178.257	0.33773017	1.0036426	6.6289277	-8.610714	141.4793	0.58161986	5780.870313405991
295	-142.4079	15.753602	-101.89454	-161.19809	-104.31155	43.42331	-38.487232	-174.34735	110.0	110.0	486749	-141.2881	7.593537	-123.725975	-178.96562	-141.28824	7.594487	-123.85322	-177.06155	0.35506672	0.9988637	6.406608	-9.129908	141.26987	0.59540635	5800.492805480957
296	-140.51018	10.456295	-125.41451	-158.69832	-113.53931	18.515125	-79.781296	-137.92871	110.0	110.0	488399	-141.13303	7.4161177	-124.02489	-174.07033	-141.13307	7.4169626	-123.7307	-174.84178	0.3542397	1.0050508	6.4650497	-9.270327	141.11304	0.5838522	5821.4440903663635
297	-137.73965	11.181733	-123.69099	-168.60118	-107.55089	17.168997	-78.89757	-129.96263	110.0	110.0	490049	-141.1016	7.3550577	-124.21927	-176.3365	-141.10153	7.3562484	-124.02747	-177.51918	0.36360466	1.007597	7.561087	-9.103447	141.07835	0.5757556	5841.109612703323
298	-146.35342	9.045817	-123.266045	-160.98804	-105.83624	21.465275	-71.62459	-134.47592	110.0	110.0	491699	-140.89534	7.5728407	-123.3418	-176.84836	-140.89528	7.574968	-123.14161	-177.78429	0.35894722	1.0068536	8.598398	-9.740328	140.8798	0.57623637	5862.364071846008
299	-143.72081	11.582793	-130.55688	-174.38577	-94.38841	14.960857	-72.64381	-115.995575	110.0	110.0	493349	-140.8124	7.5072293	-122.98968	-177.87364	-140.81224	7.5076385	-123.5625	-178.24568	0.36583936	1.0011332	6.8501897	-10.119733	140.79248	0.5910477	5883.607542514801
300	-139.19211	13.452942	-121.025505	-171.20795	-94.53844	20.605219	-56.544308	-120.219124	110.0	110.0	494999	-140.69498	7.568254	-122.87123	-175.64178	-140.69508	7.5700693	-122.91002	-176.11447	0.36702892	1.0144637	6.0549097	-8.670589	140.67299	0.5742774	5903.850793361664
