Epoch	AverageEpRet	StdEpRet	MaxEpRet	MinEpRet	AverageTestEpRet	StdTestEpRet	MaxTestEpRet	MinTestEpRet	EpLen	TestEpLen	TotalEnvInteracts	AverageQ1Vals	StdQ1Vals	MaxQ1Vals	MinQ1Vals	AverageQ2Vals	StdQ2Vals	MaxQ2Vals	MinQ2Vals	AverageLogPi	StdLogPi	MaxLogPi	MinLogPi	LossPi	LossQ	Time
1	-583.86835	158.18869	-365.56577	-860.0921	-227.78152	45.07193	-185.30293	-326.1308	110.0	110.0	1649	-10.747027	4.9774613	0.28809717	-30.7947	-10.753867	4.9557223	0.3774061	-30.3775	-0.21277122	1.1499838	4.508081	-11.785093	9.8881	8.844523	6.971204519271851
2	-522.74744	105.29943	-396.7824	-790.511	-187.46324	17.05771	-149.65437	-204.46503	110.0	110.0	3299	-26.944742	9.178007	-8.719795	-67.45542	-26.945118	9.17182	-8.697503	-67.248314	1.2813041	1.7167811	8.909422	-9.932909	24.428541	3.0106604	19.738022565841675
3	-521.3284	112.8762	-382.2259	-757.591	-188.7324	19.021166	-137.57895	-203.36177	110.0	110.0	4949	-39.856213	10.126036	-19.711237	-82.82284	-39.85618	10.125511	-19.510834	-83.164116	1.7765642	1.8194724	8.716379	-11.499999	36.367046	3.1899817	32.82736349105835
4	-496.92902	118.26587	-371.6844	-834.74927	-173.16838	29.661207	-116.1951	-203.19357	110.0	110.0	6599	-48.494926	9.887232	-25.122646	-90.10369	-48.494625	9.887191	-24.792044	-90.70986	1.7310201	1.7893419	7.875504	-10.851273	45.03839	2.9545662	48.098961353302
5	-503.26743	104.921745	-354.72394	-746.92596	-178.44078	16.103182	-154.97803	-204.41324	110.0	110.0	8249	-57.548763	9.5861225	-34.405136	-97.86195	-57.54863	9.585876	-34.358192	-97.97036	1.6916466	1.7781544	7.4472804	-10.41209	54.227234	2.800001	63.51382851600647
6	-578.1097	116.6944	-444.00418	-908.83997	-169.64369	26.188322	-117.3578	-205.62814	110.0	110.0	9899	-67.160095	9.6725445	-41.992424	-107.70204	-67.15974	9.673123	-41.59416	-108.61541	1.6600591	1.7731217	7.417554	-9.791993	63.913597	2.7834742	79.17537093162537
7	-504.41122	65.431595	-393.81546	-652.4288	-191.04544	12.840439	-164.3028	-208.29102	110.0	110.0	11549	-77.462814	10.413098	-49.118973	-121.19546	-77.46264	10.414879	-48.77975	-120.96795	1.6479135	1.7680634	7.3823566	-9.920578	74.22998	2.7767828	94.10834693908691
8	-579.14386	113.621155	-443.68057	-796.19104	-167.8851	26.807632	-135.80438	-223.99297	110.0	110.0	13199	-87.445724	11.230807	-57.208603	-134.45378	-87.445496	11.232312	-57.035355	-134.27391	1.6185102	1.7611799	7.478728	-10.816051	84.26531	2.766271	109.52962708473206
9	-575.67456	138.33076	-387.70227	-842.5362	-173.04428	22.980698	-134.0925	-213.87907	110.0	110.0	14849	-97.192055	11.975732	-65.29398	-145.40242	-97.19178	11.976607	-65.54216	-144.58601	1.6411188	1.7703395	7.469663	-11.161083	93.969315	2.8016868	125.21380281448364
10	-532.9002	103.20634	-403.81827	-816.3582	-180.43102	23.583076	-123.03489	-200.64798	110.0	110.0	16499	-106.29816	12.875409	-72.638336	-155.99516	-106.29852	12.872336	-72.36853	-155.32529	1.630504	1.7672957	7.448688	-10.687762	103.0696	2.8789713	141.9280650615692
11	-517.11273	109.37969	-336.74924	-832.3747	-166.12239	26.740774	-107.74554	-208.01613	110.0	110.0	18149	-115.74397	13.612757	-79.39923	-166.20888	-115.74424	13.610234	-78.920555	-165.51562	1.6031133	1.7591496	7.276557	-12.264812	112.56691	2.9209807	157.76749324798584
12	-595.3408	160.77164	-397.5569	-861.7691	-169.33154	37.052998	-111.33386	-207.00615	110.0	110.0	19799	-124.95858	14.381811	-85.58357	-186.48882	-124.95909	14.377898	-85.25879	-186.13995	1.5799485	1.7648221	7.3974104	-12.0175085	121.828896	2.9481866	175.23897552490234
13	-253.70467	168.87825	-163.90529	-722.9747	-162.75826	28.79166	-122.915	-205.06631	110.0	110.0	21449	-134.1388	15.205416	-94.2974	-199.71306	-134.13934	15.202268	-94.37998	-199.99936	1.5546445	1.7883477	7.37029	-10.433794	131.0501	2.9299455	193.1438341140747
14	-192.78224	22.766771	-145.33192	-227.07147	-158.60501	20.181446	-125.21841	-188.58331	110.0	110.0	23099	-141.79802	16.046118	-101.082726	-211.55013	-141.79832	16.044298	-100.835434	-212.36806	1.4243035	1.817255	7.9422812	-12.223195	138.93951	2.7305002	211.0453131198883
15	-181.60992	20.058226	-148.47876	-225.10103	-159.42996	27.79879	-104.64053	-198.74452	110.0	110.0	24749	-149.04713	16.933416	-102.93905	-222.46397	-149.04745	16.931894	-103.1412	-222.52931	1.3024443	1.8275522	7.3063006	-9.852494	146.3962	2.567228	229.19381070137024
16	-185.44955	26.04621	-114.47087	-212.7042	-178.62305	24.548897	-132.16245	-209.8397	110.0	110.0	26399	-156.19925	17.668852	-107.87314	-233.0976	-156.19928	17.66845	-107.876335	-233.01198	1.2094254	1.8283092	7.1371255	-9.75971	153.72702	2.416175	246.33157205581665
17	-187.5111	19.461523	-158.80212	-218.35812	-171.92639	16.900806	-139.89369	-190.31844	110.0	110.0	28049	-163.01826	18.07621	-114.54131	-239.9783	-163.0184	18.07506	-114.93235	-239.88821	1.1212939	1.8201623	7.413978	-10.420912	160.68379	2.3382242	263.6691222190857
18	-183.73393	19.620684	-150.35118	-217.67676	-172.21371	18.569654	-147.09303	-206.26106	110.0	110.0	29699	-169.96826	18.288345	-121.182236	-248.28204	-169.96825	18.287739	-121.53191	-248.77965	1.04418	1.8173149	7.265625	-13.524176	167.78049	2.2588534	279.5758008956909
19	-187.63666	14.831985	-151.47173	-210.95964	-173.78983	23.893255	-131.88516	-215.81955	110.0	110.0	31349	-176.80637	18.85341	-127.39288	-256.01468	-176.80638	18.853333	-127.80207	-256.26947	0.99234754	1.8100196	7.6276217	-11.496092	174.72324	2.178804	296.9611258506775
20	-177.61661	20.906384	-125.276924	-204.92291	-161.91232	30.737392	-106.51262	-208.91946	110.0	110.0	32999	-183.01501	18.925877	-133.5002	-261.11584	-183.01483	18.925686	-133.78352	-261.76038	0.9337935	1.7985158	7.7139544	-10.092446	181.05113	2.1478672	313.9824523925781
21	-184.17274	19.467579	-148.14879	-214.00204	-168.68819	14.819785	-147.868	-193.24657	110.0	110.0	34649	-189.04327	19.126274	-139.51038	-267.27313	-189.0433	19.126703	-139.34729	-267.11218	0.8921805	1.7817988	7.4927716	-10.440846	187.17784	2.1240783	331.52499437332153
22	-175.69824	20.39348	-122.08107	-207.2208	-155.21347	25.511478	-90.97504	-192.53014	110.0	110.0	36299	-194.15358	19.573883	-144.73172	-272.7237	-194.15347	19.574297	-144.87662	-272.6394	0.85493535	1.775857	7.6728373	-10.257921	192.37204	2.052001	348.19488644599915
23	-176.22531	22.170631	-132.85793	-217.15031	-157.79233	18.690392	-125.2863	-185.02576	110.0	110.0	37949	-199.3736	19.679363	-150.23064	-279.36963	-199.37355	19.679384	-149.97525	-278.8846	0.81637406	1.7578709	7.2650137	-9.518862	197.66595	2.0965915	364.4030587673187
24	-170.87936	29.385035	-109.37679	-209.53955	-170.98398	22.533953	-116.82613	-202.73904	110.0	110.0	39599	-204.77486	19.726013	-154.93716	-282.5287	-204.77478	19.725521	-154.6112	-283.485	0.7875037	1.7538135	7.371908	-8.9378605	203.1377	2.0447135	381.66497135162354
25	-168.79196	31.93807	-94.59792	-208.49603	-168.5072	20.919895	-129.65541	-197.23344	110.0	110.0	41249	-209.12366	19.877644	-159.21704	-289.67252	-209.12369	19.878101	-158.91684	-288.97684	0.75195104	1.7470181	7.644185	-10.209454	207.54936	2.0962155	400.084148645401
26	-179.09903	22.31309	-137.53448	-210.8684	-177.56218	18.513966	-145.57474	-199.74002	110.0	110.0	42899	-213.76123	20.067308	-163.88895	-293.23053	-213.76094	20.066704	-163.9254	-292.42834	0.7200017	1.7356049	7.6109867	-8.77738	212.23656	2.1337237	417.0501697063446
27	-166.83398	25.968616	-105.85179	-206.01173	-160.11992	17.397993	-138.36891	-191.901	110.0	110.0	44549	-218.05315	20.158684	-168.75293	-296.44537	-218.05292	20.157747	-168.31038	-296.85474	0.68505025	1.7297276	7.65152	-10.939068	216.58815	2.1320074	434.45665431022644
28	-167.72496	27.131598	-100.94186	-201.3259	-154.2561	17.222246	-114.750854	-176.02495	110.0	110.0	46199	-221.75923	20.396423	-172.254	-299.57367	-221.75917	20.395164	-172.64777	-299.2782	0.6537969	1.7195095	7.8339295	-11.077066	220.35162	2.1601484	451.09664511680603
29	-154.23233	28.18591	-101.66023	-205.4035	-153.16504	28.529318	-117.36932	-204.97238	110.0	110.0	47849	-225.39804	20.481752	-175.06865	-303.93668	-225.39816	20.480219	-175.38416	-304.43982	0.6424762	1.7197987	8.320629	-10.458293	224.03296	2.2124784	467.5453026294708
30	-175.64258	19.41738	-121.77295	-201.49696	-148.03387	25.053766	-101.63919	-190.15451	110.0	110.0	49499	-228.72017	20.494099	-178.51357	-307.57074	-228.71997	20.49373	-178.73088	-308.4877	0.6229611	1.7049829	7.861779	-11.204746	227.39699	2.2615237	485.30082178115845
31	-175.49323	24.139198	-131.6891	-224.48949	-157.55878	35.13864	-73.65229	-200.8695	110.0	110.0	51149	-231.92094	20.571014	-181.52203	-310.55695	-231.92062	20.57127	-181.7658	-310.61285	0.6108428	1.7003648	8.223225	-9.747671	230.63145	2.226321	503.8268141746521
32	-161.27422	24.19232	-123.005035	-210.45523	-156.75764	18.522112	-122.965225	-180.59393	110.0	110.0	52799	-234.65968	20.593307	-185.03162	-314.08392	-234.65955	20.59416	-185.1316	-315.35538	0.5950269	1.6955612	8.106552	-10.822022	233.39659	2.2807705	522.5259916782379
33	-171.90704	20.023191	-135.29451	-203.03445	-147.51051	40.791084	-57.96961	-194.33786	110.0	110.0	54449	-237.377	20.618483	-187.70409	-318.56125	-237.3768	20.620049	-188.19652	-318.48672	0.5747745	1.6841282	7.870654	-10.352376	236.15735	2.3310618	539.4702422618866
34	-165.90976	30.056252	-102.32254	-206.2855	-147.86656	24.653849	-97.20637	-176.43561	110.0	110.0	56099	-239.79942	20.491253	-191.03029	-321.57187	-239.7992	20.49134	-191.11386	-321.41208	0.5742641	1.685219	7.8624644	-11.109082	238.59708	2.308009	558.0051877498627
35	-160.29385	23.530891	-123.26779	-193.662	-144.42813	27.709751	-93.23302	-186.38776	110.0	110.0	57749	-241.79808	20.630882	-194.00777	-324.76736	-241.79813	20.631733	-194.26479	-323.7553	0.569803	1.6776398	7.930526	-10.007378	240.61723	2.3685772	574.6733214855194
36	-169.1633	19.340633	-122.32735	-204.213	-139.1029	14.732631	-115.07863	-163.47896	110.0	110.0	59399	-243.6566	20.48377	-196.3256	-325.2484	-243.65659	20.483503	-196.52971	-325.1596	0.5639949	1.676212	8.231623	-8.961599	242.49857	2.3678498	592.2241430282593
37	-167.33464	28.349752	-116.71191	-204.21489	-154.82306	19.641758	-114.92012	-185.52112	110.0	110.0	61049	-245.51253	20.306267	-199.13083	-326.3612	-245.51236	20.306646	-199.30609	-325.27164	0.5615058	1.6683688	7.924673	-11.36672	244.3683	2.326882	610.5070023536682
38	-175.77711	28.302029	-111.14971	-225.98056	-152.43343	25.101374	-113.48388	-200.97572	110.0	110.0	62699	-247.08844	20.138466	-201.24133	-328.16275	-247.08829	20.13789	-201.60497	-327.2643	0.53880966	1.6551455	8.255589	-10.684029	245.9807	2.2807436	629.0067729949951
39	-157.56181	27.240782	-105.75301	-209.51021	-151.75644	17.463663	-120.972855	-187.84337	110.0	110.0	64349	-248.55847	19.944717	-203.40732	-329.2479	-248.55847	19.944757	-203.53113	-328.71304	0.5290126	1.6533173	8.264806	-10.533075	247.47325	2.2400427	647.6860980987549
40	-163.3325	25.23564	-121.664734	-213.37808	-152.09518	19.24078	-112.412254	-179.12323	110.0	110.0	65999	-250.09735	19.818674	-204.89954	-328.4614	-250.097	19.819202	-205.35292	-328.82178	0.5041299	1.6329288	8.017662	-13.297137	249.04382	2.2264664	666.7278819084167
41	-155.45044	30.884783	-104.37295	-214.34023	-134.17566	12.49031	-109.68287	-147.29877	110.0	110.0	67649	-251.45578	19.702614	-206.5498	-329.854	-251.45576	19.703365	-206.74345	-329.9144	0.49985266	1.6368729	8.046625	-11.998083	250.43129	2.1752257	686.9932470321655
42	-143.91942	21.963543	-110.42419	-175.9752	-145.82834	26.58521	-96.550995	-181.96921	110.0	110.0	69299	-252.69426	19.61923	-208.36014	-330.58942	-252.6941	19.62037	-208.04813	-332.63483	0.4828599	1.6260014	8.450354	-8.963264	251.6976	2.1484854	705.0115342140198
43	-159.70013	22.985987	-105.549965	-191.80324	-146.17303	34.96782	-71.26404	-186.03271	110.0	110.0	70949	-253.84894	19.528425	-209.45396	-329.68512	-253.84889	19.529716	-209.11766	-329.6182	0.47027737	1.6166266	8.466781	-11.867203	252.8809	2.1409445	723.8700423240662
44	-148.51831	21.716137	-102.79056	-184.17485	-129.24876	43.076202	-61.652412	-196.44481	110.0	110.0	72599	-254.67241	19.433132	-210.76602	-330.83554	-254.67227	19.434973	-210.75368	-331.38644	0.46358436	1.6163108	7.9595184	-9.790331	253.715	2.122804	740.3578317165375
45	-153.45102	23.208124	-98.902466	-191.6249	-137.98906	23.82486	-95.41353	-164.6402	110.0	110.0	74249	-255.40567	19.451101	-211.34297	-331.6642	-255.40558	19.453014	-211.1788	-333.72345	0.45312235	1.6032796	8.295013	-9.8437605	254.47318	2.169355	759.4129123687744
46	-146.27322	25.431297	-96.321556	-196.40097	-155.03027	16.76904	-121.72402	-180.58412	110.0	110.0	75899	-255.92473	19.386507	-211.84837	-333.2476	-255.92451	19.388014	-212.37102	-334.2212	0.45559323	1.5882908	7.969615	-9.368774	254.99617	2.0888512	777.8128869533539
47	-151.10529	25.29869	-105.58414	-184.96132	-139.45076	20.866772	-112.59989	-176.35806	110.0	110.0	77549	-256.61765	19.34836	-212.96657	-335.36417	-256.61728	19.350008	-213.77153	-336.43536	0.4356906	1.5835357	8.307542	-8.621134	255.71484	2.130183	796.2788956165314
48	-141.67543	22.738104	-98.44116	-194.79272	-144.70752	24.85245	-100.8802	-184.84549	110.0	110.0	79199	-257.12106	19.362175	-213.8967	-335.99597	-257.1208	19.36406	-214.39368	-336.07025	0.44019705	1.5800263	7.889642	-10.910318	256.23065	2.1225774	816.2629561424255
49	-153.31047	25.854841	-95.74665	-190.044	-149.3176	27.890816	-106.68512	-198.16788	110.0	110.0	80849	-257.6099	19.316568	-214.58899	-334.42947	-257.60992	19.318539	-215.05508	-334.96567	0.4181833	1.5716051	8.10724	-9.527517	256.7385	2.0889509	835.9520134925842
50	-151.11252	23.394484	-117.29508	-182.7212	-142.41159	21.528206	-107.13562	-176.66586	110.0	110.0	82499	-257.9836	19.305387	-215.41782	-336.0084	-257.98346	19.306568	-215.67642	-337.22968	0.41358453	1.5644952	7.975336	-8.705694	257.11734	2.1175556	854.2188575267792
51	-163.44427	25.950071	-89.85956	-204.8954	-140.14313	31.591938	-91.56057	-184.01303	110.0	110.0	84149	-258.3417	19.271446	-215.78355	-334.8612	-258.34155	19.273716	-215.70457	-336.12692	0.40822703	1.5635027	8.942206	-9.461651	257.48587	2.1027374	873.2286605834961
52	-130.67635	17.090893	-100.35928	-168.72137	-141.65619	24.182669	-96.18923	-185.18188	110.0	110.0	85799	-258.58142	19.21509	-216.1059	-335.17606	-258.5813	19.215733	-216.07846	-335.81372	0.39109516	1.5576845	8.340563	-8.942277	257.74417	2.0769844	893.3484721183777
53	-147.66896	27.462437	-105.37086	-199.85101	-135.74995	18.562004	-90.53515	-162.60632	110.0	110.0	87449	-258.80182	19.3843	-216.25563	-336.6419	-258.80182	19.38602	-216.29579	-337.52756	0.3931563	1.5574137	8.315666	-9.42791	257.97086	2.14178	910.7179410457611
54	-135.08948	20.371086	-99.91485	-165.89366	-131.3453	29.857811	-93.13624	-182.86278	110.0	110.0	89099	-258.81967	19.323475	-216.17618	-335.86386	-258.81943	19.323668	-216.16652	-336.9574	0.39044	1.5585574	8.243666	-11.122295	257.99118	2.145696	927.3414056301117
55	-150.50726	31.117798	-88.58281	-199.24829	-126.78424	20.387566	-96.61664	-153.27106	110.0	110.0	90749	-258.80917	19.497004	-216.2159	-339.01926	-258.8093	19.497717	-215.9937	-340.09695	0.37912712	1.5541707	8.083212	-12.438086	257.9932	2.1908638	945.3240447044373
56	-139.4297	19.341578	-105.21899	-177.07645	-129.32457	26.805483	-99.34609	-174.90062	110.0	110.0	92399	-258.80518	19.479681	-216.36649	-339.46472	-258.805	19.480827	-216.1825	-339.9038	0.37850708	1.5435799	7.805343	-11.001357	258.00217	2.1654086	962.2515316009521
57	-149.08485	32.89484	-98.497795	-207.27579	-123.80121	34.831768	-66.21204	-171.1607	110.0	110.0	94049	-258.66605	19.554625	-216.23466	-339.10538	-258.66586	19.555687	-216.29147	-339.7734	0.3648068	1.5329003	8.74021	-11.484649	257.87122	2.1135225	984.1602602005005
58	-139.38078	21.351435	-105.763435	-190.52513	-135.8231	24.560694	-99.01339	-178.60193	110.0	110.0	95699	-258.64218	19.58391	-215.89879	-339.22656	-258.64206	19.586065	-215.63896	-339.559	0.36446282	1.5410976	8.190153	-10.175286	257.86	2.196577	1001.9931228160858
59	-137.68242	23.257544	-101.85014	-173.8163	-131.45035	20.864187	-94.09412	-170.57024	110.0	110.0	97349	-258.28644	19.692755	-215.8766	-340.4244	-258.28632	19.693811	-215.7825	-341.5371	0.36655948	1.53459	8.645407	-9.428206	257.4993	2.1925426	1018.9484677314758
60	-139.63213	30.657167	-99.07188	-193.73642	-140.39044	26.623299	-85.872894	-184.30174	110.0	110.0	98999	-257.9864	19.723372	-215.45944	-344.7441	-257.98627	19.72433	-214.87115	-345.1669	0.34578887	1.524862	8.018305	-9.976224	257.22388	2.171942	1035.7118654251099
61	-140.21986	25.27406	-75.88904	-168.83693	-131.86868	20.56446	-95.93706	-170.6633	110.0	110.0	100649	-257.48108	19.820137	-214.31651	-342.8491	-257.481	19.821419	-214.12337	-342.58228	0.35613286	1.5189501	8.35887	-10.0189	256.72287	2.21671	1052.8909106254578
62	-138.9301	27.213903	-94.95513	-187.1756	-124.02041	32.258842	-46.239895	-158.19562	110.0	110.0	102299	-257.09665	19.971087	-214.24275	-344.07483	-257.09653	19.972902	-213.76543	-344.1991	0.34942463	1.5219578	8.198001	-9.628379	256.34653	2.2151136	1069.3237388134003
63	-139.07866	26.096495	-95.37978	-207.23836	-129.04996	35.553776	-67.07456	-194.82188	110.0	110.0	103949	-256.56635	20.027376	-213.05452	-343.03268	-256.56613	20.029589	-212.57372	-342.73645	0.35060245	1.5147182	8.536833	-10.111653	255.82462	2.2148814	1085.5504219532013
64	-134.97662	21.255781	-98.917854	-177.62283	-128.15276	22.517681	-97.25144	-168.56992	110.0	110.0	105599	-256.1525	20.108875	-212.05675	-343.34683	-256.15234	20.110342	-212.14133	-343.46213	0.3520834	1.5162861	8.34776	-11.344418	255.41382	2.2569404	1101.9390811920166
65	-148.62566	21.744574	-102.90706	-189.47934	-141.39777	21.84624	-108.70436	-174.56168	110.0	110.0	107249	-255.42242	20.205713	-210.8945	-343.87122	-255.42235	20.206947	-210.93192	-343.72983	0.33716685	1.5127798	8.751582	-10.458074	254.7084	2.2485387	1118.489667892456
66	-130.81989	27.011168	-83.90075	-180.05055	-109.22591	32.998566	-63.48125	-176.65898	110.0	110.0	108899	-254.76315	20.326273	-210.0972	-344.42822	-254.76308	20.32875	-210.15395	-345.12033	0.3488245	1.5147588	8.174896	-8.961684	254.04686	2.216817	1134.3483777046204
67	-134.99924	30.382143	-79.42153	-180.2537	-124.99408	28.513737	-56.04397	-160.92087	110.0	110.0	110549	-253.96112	20.495958	-208.3599	-344.48175	-253.96083	20.49779	-208.90033	-345.58997	0.33246583	1.5111251	7.910931	-9.834349	253.257	2.2776902	1150.5015258789062
68	-127.81629	25.577559	-85.34614	-174.51805	-127.536705	16.9157	-103.07278	-152.16537	110.0	110.0	112199	-253.34947	20.623095	-207.58804	-342.59888	-253.34947	20.624771	-207.13577	-343.1822	0.3353868	1.5000875	8.158104	-11.351584	252.6451	2.2750173	1166.6359961032867
69	-138.50291	29.177504	-101.25944	-200.67775	-136.24069	20.712345	-102.38726	-171.54865	110.0	110.0	113849	-252.68875	20.78997	-206.60483	-342.14795	-252.68849	20.791716	-206.74359	-342.14285	0.33635274	1.499383	8.532268	-9.357618	251.9872	2.2708364	1182.285499572754
70	-126.88679	20.592257	-87.34649	-170.3161	-125.19208	32.386436	-70.735245	-182.36797	110.0	110.0	115499	-251.68616	20.891365	-205.2875	-345.38104	-251.68575	20.89392	-205.16028	-346.14383	0.32786912	1.4897594	8.371785	-10.539071	251.01036	2.2759666	1198.459234237671
71	-138.14027	23.87787	-84.045654	-174.34442	-133.4788	25.868872	-92.724045	-183.41258	110.0	110.0	117149	-250.85403	21.126257	-204.37865	-342.62567	-250.85365	21.128162	-204.517	-343.43488	0.3366503	1.4830612	8.850235	-10.393244	250.16588	2.2787035	1214.338805437088
72	-129.13353	29.65024	-82.63874	-193.2721	-129.07419	26.443361	-79.13203	-163.80685	110.0	110.0	118799	-250.10413	21.28181	-203.48357	-345.83832	-250.10396	21.283777	-203.43402	-347.0618	0.3336757	1.4966719	9.861727	-9.424391	249.4257	2.30334	1230.3251221179962
73	-127.04035	30.886086	-78.94253	-176.16089	-113.5813	24.326694	-68.02106	-144.05391	110.0	110.0	120449	-249.09886	21.463362	-202.16531	-343.81998	-249.09889	21.464737	-202.41505	-346.15973	0.34483013	1.495634	8.406378	-9.476093	248.41148	2.3464217	1244.2290065288544
74	-120.69899	27.022192	-77.339424	-164.99245	-128.84991	22.96649	-85.32304	-166.86574	110.0	110.0	122099	-247.94846	21.61708	-200.56992	-341.38275	-247.94812	21.61758	-200.95921	-341.83792	0.32918668	1.4926008	8.27383	-11.666073	247.2766	2.3899024	1257.603730916977
75	-125.69677	30.722979	-70.85962	-186.84877	-117.94004	21.426432	-89.072044	-148.93867	110.0	110.0	123749	-246.87346	21.839928	-199.6034	-344.4224	-246.8731	21.84044	-199.93129	-346.73438	0.33833405	1.4830682	8.879516	-8.923969	246.2126	2.392782	1270.7677624225616
76	-110.13939	25.381443	-62.95405	-143.559	-120.4713	32.330284	-73.41976	-178.34372	110.0	110.0	125399	-245.75063	21.866854	-198.28532	-343.48782	-245.75038	21.868284	-198.07886	-345.44095	0.34197652	1.4826247	8.791697	-8.974223	245.083	2.3695953	1285.9828860759735
77	-124.49499	28.020971	-73.51175	-167.53561	-110.23537	28.491573	-59.262222	-147.517	110.0	110.0	127049	-244.60439	21.90382	-197.52039	-342.95694	-244.60405	21.905174	-197.59497	-344.6231	0.33256155	1.4868888	8.08513	-8.956324	243.93254	2.396055	1301.984053850174
78	-138.1041	22.390945	-102.93522	-189.99983	-117.19049	38.89564	-55.435562	-200.36696	110.0	110.0	128699	-243.50017	22.05126	-196.28705	-345.13098	-243.49988	22.053322	-196.46179	-346.4861	0.33558708	1.4789908	9.554741	-8.828275	242.83855	2.351766	1318.323386669159
79	-129.56989	25.070549	-89.32259	-183.33986	-122.12826	30.480928	-62.312214	-171.8945	110.0	110.0	130349	-242.50568	22.281631	-194.8672	-345.5993	-242.5056	22.283855	-195.216	-346.6189	0.34725732	1.4850948	9.606379	-8.885659	241.85503	2.360096	1334.8339066505432
80	-128.01445	24.744251	-91.47004	-171.87273	-128.12318	37.80089	-80.71769	-202.29727	110.0	110.0	131999	-241.3752	22.312717	-194.385	-344.72214	-241.37494	22.31462	-194.2142	-345.4764	0.33471027	1.4865539	8.995453	-9.408262	240.7236	2.3505733	1349.3501420021057
81	-112.82956	24.873869	-79.97027	-173.3274	-107.990845	30.374344	-44.727783	-165.79451	110.0	110.0	133649	-240.16672	22.373936	-193.29248	-343.3243	-240.1664	22.376223	-193.09966	-344.70428	0.34091908	1.4761684	8.186725	-10.497538	239.52325	2.415615	1362.478886604309
82	-136.07039	23.255426	-96.83477	-187.62886	-107.21631	28.371351	-60.48555	-147.97977	110.0	110.0	135299	-238.94981	22.43896	-192.52274	-343.0712	-238.94977	22.440311	-192.28523	-343.2777	0.34101218	1.482444	8.98739	-10.405767	238.30624	2.4167676	1375.487556695938
83	-117.10962	24.89109	-82.059715	-174.18112	-120.96831	25.675823	-86.11956	-167.85095	110.0	110.0	136949	-237.86633	22.630997	-191.59367	-341.22583	-237.86586	22.632156	-191.3041	-342.89908	0.33945674	1.4715309	8.744477	-9.516185	237.22739	2.3378947	1389.2901675701141
84	-123.65925	31.577118	-82.320885	-193.25044	-127.62335	28.725813	-67.59364	-161.81523	110.0	110.0	138599	-236.5994	22.666464	-190.38968	-340.20767	-236.59924	22.668562	-190.7095	-341.58643	0.34061453	1.4768975	8.301979	-10.523502	235.96175	2.3780386	1402.953051328659
85	-130.85503	24.980782	-81.5906	-172.0123	-114.61511	27.405878	-66.2054	-146.9542	110.0	110.0	140249	-235.48291	22.78815	-189.69354	-340.97473	-235.48276	22.789242	-189.63548	-341.73926	0.33917254	1.4758581	8.856285	-8.74009	234.85547	2.4157696	1417.9030380249023
86	-134.42776	25.773567	-91.32253	-189.2117	-123.373535	32.45568	-75.274025	-185.21924	110.0	110.0	141899	-234.2366	22.726934	-188.31581	-338.0494	-234.23622	22.727922	-188.33583	-339.39453	0.32574323	1.4582114	8.834712	-9.232783	233.61221	2.3515935	1434.5904049873352
87	-131.66328	36.67861	-59.441833	-192.7522	-121.40015	22.848114	-67.1097	-143.64893	110.0	110.0	143549	-233.15594	22.789726	-186.94092	-338.45755	-233.1558	22.789486	-187.32684	-339.45862	0.33606768	1.4648718	9.066675	-11.715263	232.54102	2.348726	1451.047662973404
88	-131.92659	26.848085	-95.4219	-187.76309	-107.94206	28.76148	-57.700317	-161.63922	110.0	110.0	145199	-232.05205	22.88426	-185.39522	-337.9187	-232.05179	22.885244	-185.99008	-339.79492	0.3268558	1.4634966	8.514741	-10.771297	231.43826	2.3747656	1469.37255859375
89	-133.38641	25.17463	-93.07138	-167.96562	-110.87101	27.217344	-70.14904	-149.70656	110.0	110.0	146849	-231.12938	23.038094	-184.93437	-336.7925	-231.12904	23.038876	-185.07172	-339.18405	0.3351524	1.4749814	8.405624	-9.919488	230.51114	2.3789263	1487.5836083889008
90	-127.998665	24.052122	-91.10494	-168.07649	-101.523636	21.447653	-53.186207	-129.86023	110.0	110.0	148499	-229.93008	23.15632	-183.41351	-337.325	-229.93	23.15681	-183.7617	-338.13727	0.3405064	1.4703549	8.6785145	-10.649904	229.32501	2.4107575	1505.0097832679749
91	-119.19333	22.921312	-77.57282	-157.16927	-107.80985	29.174137	-49.125084	-142.62257	110.0	110.0	150149	-228.8327	23.112247	-182.57976	-334.713	-228.83226	23.113369	-182.72937	-336.84238	0.3232878	1.4641757	8.386904	-9.319379	228.23973	2.3744323	1521.580731868744
92	-119.895134	25.982033	-73.43817	-163.292	-107.99779	18.046282	-81.20196	-142.06671	110.0	110.0	151799	-227.8147	23.14382	-181.55586	-333.8122	-227.81482	23.145176	-181.69257	-337.18814	0.3118068	1.4584337	9.085297	-11.404963	227.22728	2.376553	1539.4187428951263
93	-134.98907	21.720419	-103.16991	-176.40057	-104.072876	24.610855	-54.365967	-140.39331	110.0	110.0	153449	-226.87335	23.182404	-180.15346	-334.55377	-226.87305	23.183582	-180.15614	-336.25064	0.317294	1.4641758	9.319752	-12.292811	226.2878	2.366835	1557.9622094631195
94	-124.31016	29.136152	-68.8783	-178.51198	-102.597084	24.95548	-51.29828	-144.59824	110.0	110.0	155099	-225.96619	23.238962	-179.27216	-334.68674	-225.96582	23.241064	-179.45331	-336.1535	0.31241605	1.4606699	8.703124	-10.137031	225.38586	2.3410904	1576.3009328842163
95	-131.78899	31.343933	-81.29277	-209.83528	-117.24422	22.45492	-86.51108	-157.19188	110.0	110.0	156749	-225.1304	23.272858	-178.39545	-334.0509	-225.13007	23.27459	-178.2888	-334.86526	0.303668	1.4502611	9.144527	-9.62509	224.55582	2.3454335	1594.1384925842285
96	-114.04314	19.73772	-80.39472	-144.97447	-122.21619	22.375359	-78.91035	-157.46303	110.0	110.0	158399	-224.15314	23.303637	-177.54091	-333.9674	-224.15297	23.306293	-177.16977	-334.61923	0.30637947	1.4582796	8.644574	-11.083305	223.5833	2.3423178	1611.07368350029
97	-112.57244	21.76387	-77.26819	-152.7865	-115.39286	34.27935	-40.581562	-149.7128	110.0	110.0	160049	-223.08728	23.327202	-176.30502	-331.31152	-223.087	23.328613	-176.2923	-332.35806	0.30634552	1.4475986	8.932944	-10.17396	222.5116	2.308977	1629.8280017375946
98	-128.22672	27.468264	-79.3948	-168.56073	-113.69092	23.832016	-63.611534	-142.1846	110.0	110.0	161699	-222.09529	23.37794	-175.14862	-330.08395	-222.09515	23.379168	-174.8645	-332.08737	0.31371602	1.4615223	8.888091	-10.771943	221.51642	2.3728163	1647.3915300369263
99	-127.05483	23.70248	-93.73697	-175.48114	-112.951675	28.111782	-76.894875	-169.61632	110.0	110.0	163349	-220.93944	23.38015	-173.90317	-332.3039	-220.93935	23.381224	-173.98885	-331.7856	0.29976192	1.4488082	8.859435	-9.03712	220.38455	2.3268871	1664.5147426128387
100	-123.06037	35.10673	-69.80013	-177.51863	-103.60919	23.377747	-60.273647	-150.02255	110.0	110.0	164999	-219.9405	23.343174	-173.1001	-329.98764	-219.94	23.344027	-173.18437	-331.98102	0.30953607	1.4556834	10.33108	-9.803663	219.39667	2.358638	1681.3640322685242
101	-109.139404	22.97082	-72.63426	-157.28093	-136.4692	20.090204	-100.70421	-173.56107	110.0	110.0	166649	-218.99869	23.40817	-171.95834	-329.1424	-218.9988	23.409462	-171.64374	-330.34833	0.29483053	1.450661	8.567972	-10.81427	218.45192	2.3273907	1697.6026124954224
102	-125.06172	24.65936	-87.5869	-168.013	-111.041405	25.82019	-76.67962	-154.30615	110.0	110.0	168299	-218.08235	23.500122	-170.92975	-326.3397	-218.08214	23.50148	-170.63406	-325.69806	0.29887643	1.4467574	8.799065	-10.084281	217.52872	2.3909657	1718.293098449707
103	-109.50274	18.994476	-69.40504	-158.61856	-112.832375	32.727036	-64.729515	-154.8419	110.0	110.0	169949	-217.12971	23.56284	-169.41177	-328.23047	-217.1296	23.56129	-169.4053	-328.13373	0.3042937	1.4490937	8.6634655	-10.344961	216.58409	2.3369708	1736.557154417038
104	-128.28886	25.989372	-88.64993	-180.07962	-108.74093	24.29623	-83.30595	-158.70079	110.0	110.0	171599	-216.23694	23.635418	-168.69905	-325.19394	-216.23671	23.635084	-168.05049	-325.80508	0.29000786	1.4442699	8.688685	-9.899154	215.69954	2.320523	1755.020432472229
105	-122.08646	18.30622	-96.43927	-155.17056	-102.65951	21.654747	-59.17428	-130.57811	110.0	110.0	173249	-215.21454	23.679756	-167.59557	-326.22433	-215.2146	23.680777	-167.08353	-326.98016	0.2968116	1.4420319	8.745777	-11.24941	214.66875	2.4171705	1779.0449566841125
106	-120.379555	19.885326	-80.76962	-152.89777	-112.449974	27.163654	-73.17733	-156.08282	110.0	110.0	174899	-214.26768	23.63597	-166.58223	-325.34042	-214.26718	23.637444	-165.96747	-325.6593	0.30184892	1.4470704	9.605249	-10.317099	213.72914	2.371105	1799.6713330745697
107	-115.04119	25.07183	-69.927124	-169.287	-94.06454	27.670086	-51.9028	-142.21707	110.0	110.0	176549	-213.27905	23.71542	-165.01881	-324.04843	-213.27892	23.716099	-164.84985	-324.93436	0.2925289	1.4330806	8.448791	-9.571825	212.75143	2.369433	1823.5324697494507
108	-121.03377	19.206585	-91.80715	-160.17209	-105.52915	30.188412	-71.5948	-185.1074	110.0	110.0	178199	-212.48172	23.853886	-163.84363	-323.34113	-212.48164	23.855106	-164.13597	-322.2078	0.2998158	1.4358358	9.458039	-8.970835	211.95784	2.3248074	1848.4558815956116
109	-119.35936	13.401142	-93.32355	-140.94987	-88.88659	27.191494	-41.80927	-119.876236	110.0	110.0	179849	-211.53899	23.770197	-163.1953	-322.67828	-211.53871	23.76996	-163.09021	-321.9295	0.296095	1.4312326	8.901103	-9.584651	211.01752	2.3251338	1875.0229923725128
110	-117.96408	25.292494	-75.61982	-162.91028	-107.416885	30.870125	-60.215813	-167.71977	110.0	110.0	181499	-210.83072	23.793472	-162.38226	-322.00565	-210.83049	23.794132	-162.41516	-321.427	0.28686535	1.4340359	8.997041	-12.887498	210.31781	2.3663142	1903.0222082138062
111	-116.80222	39.85815	-62.08789	-200.20325	-119.86615	22.11064	-93.15757	-161.62917	110.0	110.0	183149	-210.01042	23.810377	-161.54182	-322.3494	-210.01028	23.810564	-161.4882	-322.6376	0.300888	1.4363246	9.069901	-10.523507	209.49524	2.3258328	1926.8889315128326
112	-105.78814	20.785658	-77.032524	-151.1819	-98.92468	30.210835	-52.29346	-154.68698	110.0	110.0	184799	-209.13406	23.702398	-160.50519	-319.22614	-209.13377	23.70399	-160.51157	-318.77853	0.29315534	1.4336437	10.142479	-9.216027	208.62656	2.4014843	1950.4062705039978
113	-122.9438	28.799488	-72.98593	-176.5064	-116.60475	23.307308	-77.99944	-146.35617	110.0	110.0	186449	-208.29857	23.62304	-159.85422	-318.5546	-208.29832	23.623669	-159.88342	-318.8969	0.3095498	1.4331511	9.684326	-11.226704	207.78206	2.357651	1971.931082725525
114	-112.56361	31.41419	-75.94379	-203.65775	-108.47722	23.006527	-87.54085	-169.29166	110.0	110.0	188099	-207.63219	23.726236	-158.93161	-315.59512	-207.63202	23.72722	-159.20483	-315.43457	0.29683802	1.4222674	8.934567	-9.285233	207.11992	2.3390884	1992.2228860855103
115	-120.4084	22.097145	-88.47741	-174.30563	-110.863625	21.279104	-85.283714	-158.6529	110.0	110.0	189749	-206.69214	23.66591	-157.90587	-317.28568	-206.69193	23.666458	-157.99414	-316.57425	0.3082144	1.4282695	8.948703	-10.148296	206.18124	2.3452985	2011.1877918243408
116	-115.6042	15.63295	-77.37242	-141.2482	-97.273094	31.591572	-50.37253	-168.47238	110.0	110.0	191399	-205.71703	23.627794	-156.54974	-316.30435	-205.7167	23.628292	-157.32164	-316.22675	0.29522026	1.4271361	8.582041	-8.3076725	205.21068	2.356343	2028.8569173812866
117	-112.7488	24.318203	-67.30465	-159.94173	-99.08966	21.635994	-65.94027	-135.99062	110.0	110.0	193049	-204.84904	23.70527	-155.92043	-314.33926	-204.849	23.706367	-156.30415	-314.6027	0.2933837	1.4268541	10.164539	-10.193761	204.35371	2.3685098	2047.1975452899933
118	-112.585594	29.91348	-60.276516	-175.41357	-109.18434	25.574343	-71.49368	-157.8698	110.0	110.0	194699	-204.08125	23.60461	-155.22456	-314.324	-204.08115	23.604406	-155.42609	-314.5871	0.295937	1.4368283	9.0021925	-11.754307	203.5878	2.3784704	2065.509423494339
119	-111.00149	29.569069	-66.21296	-167.72583	-101.52926	31.101109	-43.533314	-158.56706	110.0	110.0	196349	-203.22566	23.64051	-154.05905	-313.5473	-203.2255	23.641336	-154.8507	-313.85107	0.28756097	1.4174782	9.17958	-10.395641	202.74411	2.3598683	2082.3243889808655
120	-124.226944	24.726467	-78.80556	-181.2889	-103.843346	20.755165	-67.42514	-143.21124	110.0	110.0	197999	-202.4465	23.591417	-153.80968	-314.12247	-202.4466	23.591421	-153.89716	-313.89844	0.30127493	1.4214464	9.363112	-10.529501	201.95432	2.3862798	2100.659245491028
121	-115.837364	22.247683	-83.96995	-170.00388	-81.54578	19.326502	-55.70779	-108.03472	110.0	110.0	199649	-201.7844	23.570171	-152.89151	-314.723	-201.7843	23.56998	-153.34964	-313.62317	0.29398713	1.4196229	8.778146	-8.634134	201.30258	2.3815684	2118.693147420883
122	-116.08301	25.05694	-67.21671	-168.38252	-104.390686	19.84809	-72.55815	-143.65768	110.0	110.0	201299	-201.06535	23.617455	-151.68759	-311.55258	-201.06544	23.616297	-151.95268	-311.63348	0.29208386	1.4210773	8.396414	-10.40345	200.59138	2.3446693	2135.950331926346
123	-115.42982	22.413996	-83.98732	-171.89441	-102.41246	19.279123	-64.9149	-129.1305	110.0	110.0	202949	-200.39293	23.69134	-150.92155	-310.38116	-200.39287	23.691189	-151.19543	-309.63113	0.29164132	1.4227077	10.170893	-10.688883	199.91551	2.3702304	2153.4550218582153
124	-109.3749	23.888182	-62.153362	-147.87636	-107.954056	27.285234	-61.035168	-140.99837	110.0	110.0	204599	-199.80568	23.739016	-149.9232	-311.07935	-199.8055	23.738659	-150.2335	-311.3913	0.28513306	1.415969	8.736816	-9.992506	199.33907	2.3757608	2170.0469455718994
125	-116.764244	32.571243	-85.90951	-194.17834	-111.66705	22.142319	-72.37511	-134.91498	110.0	110.0	206249	-199.07843	23.68493	-149.7781	-309.45496	-199.07855	23.682653	-149.7605	-309.20847	0.28469014	1.4164202	9.41603	-10.53209	198.6201	2.2849588	2187.5805294513702
126	-117.30192	27.096882	-81.71173	-172.53578	-130.90327	38.076782	-57.521446	-196.34128	110.0	110.0	207899	-198.45497	23.759674	-149.01529	-308.53137	-198.45488	23.759628	-149.23271	-307.45377	0.2847357	1.4158746	9.190883	-9.777929	198.00276	2.3499522	2206.0682468414307
127	-114.55599	31.299644	-59.96632	-178.2661	-97.02108	14.939121	-66.92445	-116.29481	110.0	110.0	209549	-197.8075	23.788218	-148.03456	-307.26477	-197.80745	23.787113	-147.77771	-306.73105	0.28692856	1.4124657	8.653097	-10.282295	197.35435	2.3609796	2226.826336622238
128	-97.922104	21.493391	-66.955795	-138.33682	-92.2142	36.490677	-39.697975	-167.8052	110.0	110.0	211199	-197.0176	23.8452	-146.89857	-301.02887	-197.01756	23.844194	-146.8707	-302.37195	0.28358227	1.411887	10.477659	-9.881932	196.55695	2.3822865	2245.04168510437
129	-117.16624	21.116331	-90.28084	-157.81514	-99.41588	22.37137	-68.820274	-157.41223	110.0	110.0	212849	-196.34631	23.864283	-146.37587	-308.0081	-196.34634	23.862091	-146.27594	-306.95584	0.27994272	1.4061451	8.462166	-9.390995	195.89563	2.3484848	2261.3628375530243
130	-118.98899	21.093742	-84.58256	-154.96822	-91.648994	30.306358	-44.34539	-168.15324	110.0	110.0	214499	-195.6944	23.833714	-145.64127	-302.4203	-195.69438	23.832752	-145.2895	-303.86493	0.28950578	1.4067173	9.121482	-9.449846	195.24974	2.3681722	2278.551424264908
131	-114.12495	30.319653	-73.098595	-168.09683	-114.49214	26.507223	-73.0174	-161.76799	110.0	110.0	216149	-195.08551	23.934454	-144.9009	-307.04596	-195.08553	23.93381	-144.52156	-308.43573	0.2845841	1.4102056	9.240003	-9.55819	194.64078	2.3917904	2295.6302576065063
132	-116.369545	23.634274	-84.47543	-166.439	-101.54645	28.365685	-46.33425	-146.34789	110.0	110.0	217799	-194.36357	23.973589	-144.3158	-306.8758	-194.36345	23.972956	-143.87328	-306.8268	0.28470725	1.4091169	9.406138	-12.601814	193.91962	2.3385732	2314.2726752758026
133	-103.435036	23.481031	-63.832226	-162.91713	-84.777725	23.667477	-40.97256	-120.78715	110.0	110.0	219449	-193.8368	24.036072	-143.76602	-307.06226	-193.83694	24.034727	-143.28058	-304.82684	0.29408124	1.4093677	10.1051445	-9.877343	193.38557	2.3488839	2332.2077944278717
134	-113.3702	31.865036	-62.24806	-190.84058	-96.73106	15.766731	-68.46979	-123.65275	110.0	110.0	221099	-193.123	24.077383	-143.1137	-304.04193	-193.12288	24.075478	-142.42653	-304.9966	0.29114535	1.40112	9.188446	-10.353474	192.68452	2.336871	2349.219792366028
135	-110.67422	22.083668	-76.80535	-145.34164	-97.539314	34.94068	-54.46484	-162.29434	110.0	110.0	222749	-192.34999	23.98757	-142.29373	-299.46832	-192.35005	23.985743	-142.1583	-299.78253	0.27611825	1.4026413	9.107553	-10.123293	191.92319	2.3388107	2368.0254921913147
136	-114.65794	20.350931	-77.50923	-151.18387	-102.16701	19.872456	-69.71371	-129.09369	110.0	110.0	224399	-191.85974	23.967627	-141.87111	-305.30774	-191.85985	23.964659	-141.35077	-302.17297	0.28719392	1.4014041	9.113704	-10.478687	191.42226	2.3044431	2387.6539578437805
137	-110.813576	33.294106	-63.346943	-169.9407	-97.79859	25.390179	-63.6828	-138.17197	110.0	110.0	226049	-191.0576	24.020172	-141.67987	-301.03088	-191.05779	24.018383	-140.71492	-303.3521	0.28777814	1.3965489	11.223347	-9.434029	190.62566	2.351445	2405.2947738170624
138	-101.46072	23.978346	-64.81206	-145.38293	-93.21708	42.82491	-27.392788	-187.0711	110.0	110.0	227699	-190.3973	24.102613	-140.61519	-297.79083	-190.3973	24.099384	-139.89362	-298.35693	0.2922271	1.4034331	9.2173	-8.441717	189.95668	2.3122182	2421.429629087448
139	-106.94142	20.740526	-72.491135	-141.50386	-108.87412	29.704554	-57.74613	-155.44028	110.0	110.0	229349	-189.78847	24.045143	-140.41719	-302.33554	-189.78853	24.043148	-139.81717	-303.46265	0.28770697	1.4064094	9.960375	-10.855354	189.35803	2.3539228	2437.7134943008423
140	-114.39662	27.361116	-79.055336	-167.93459	-118.39437	34.641846	-39.35618	-156.85999	110.0	110.0	230999	-189.13142	24.033688	-139.76453	-304.28546	-189.13148	24.031084	-139.3855	-300.96686	0.2806883	1.3962259	9.219877	-8.737527	188.70589	2.332372	2455.8252539634705
141	-124.48037	25.946579	-85.82503	-184.83496	-125.86642	18.443157	-93.07447	-155.01523	110.0	110.0	232649	-188.55774	24.064556	-139.17117	-302.59378	-188.5578	24.063103	-138.66406	-301.73346	0.28873783	1.392272	9.117062	-10.2032385	188.13771	2.3237443	2474.843561887741
142	-113.15581	27.48998	-57.97118	-168.19	-116.18931	22.224707	-69.362625	-148.3381	110.0	110.0	234299	-187.97977	24.004938	-139.16243	-299.7466	-187.97969	24.003263	-138.86705	-301.0819	0.286531	1.3963435	9.7764	-9.978342	187.55667	2.3733056	2492.1704597473145
143	-120.044075	19.43115	-76.79052	-160.48712	-105.61196	39.25308	-26.917501	-153.62982	110.0	110.0	235949	-187.46967	24.074991	-138.96857	-302.0453	-187.46983	24.072308	-138.40302	-302.6137	0.29522288	1.3963127	9.006786	-10.4690075	187.04617	2.3668623	2510.3617277145386
144	-109.01561	35.26401	-57.507763	-184.73062	-94.64751	30.328278	-65.7839	-164.51384	110.0	110.0	237599	-186.81178	24.080656	-139.22842	-300.7481	-186.81194	24.077991	-138.6614	-298.3123	0.29269597	1.3910412	10.020307	-11.131807	186.40076	2.3169465	2529.373274564743
145	-122.4097	30.300154	-81.53826	-182.83887	-90.80525	28.458254	-39.989727	-126.29119	110.0	110.0	239249	-186.47964	24.224651	-138.34618	-300.78638	-186.47969	24.221619	-138.14694	-298.17715	0.2758752	1.3926065	9.419273	-10.681506	186.08401	2.331906	2546.074650287628
146	-107.83908	37.63382	-52.051422	-199.21024	-90.4802	28.152134	-49.783154	-148.347	110.0	110.0	240899	-185.96439	24.266724	-137.93431	-299.1188	-185.96455	24.261942	-137.81201	-300.7293	0.2811352	1.3943102	8.754272	-10.387101	185.55267	2.3650064	2563.8834357261658
147	-100.77707	26.642952	-58.344383	-151.42918	-96.54564	24.081429	-53.23284	-149.0235	110.0	110.0	242549	-185.2928	24.245676	-138.1698	-294.66464	-185.29295	24.24249	-137.3886	-294.21793	0.2748628	1.3939539	10.16587	-10.21178	184.89398	2.3278916	2583.1285316944122
148	-116.6223	22.215902	-80.27696	-149.30705	-89.95183	23.43382	-45.629284	-123.58531	110.0	110.0	244199	-184.8604	24.317585	-136.95024	-298.04398	-184.86061	24.313475	-136.8136	-298.92593	0.2859856	1.3966788	10.463507	-13.61184	184.45045	2.331039	2602.567092180252
149	-110.11037	14.971749	-76.96149	-139.42616	-106.52958	31.732477	-58.477917	-158.15251	110.0	110.0	245849	-184.37373	24.381105	-137.07755	-299.48022	-184.37376	24.378056	-136.31747	-300.2099	0.28108126	1.3804542	9.7073555	-11.542415	183.9853	2.316193	2620.9302656650543
150	-115.52956	24.818813	-80.85511	-162.79457	-100.04905	22.22826	-60.518494	-143.43492	110.0	110.0	247499	-183.85141	24.333939	-136.52194	-294.96268	-183.8514	24.331806	-136.07915	-292.99222	0.28302598	1.3853021	9.818411	-9.005615	183.4524	2.3330946	2640.0101602077484
151	-111.34726	17.306221	-83.06512	-146.35255	-92.10881	26.666115	-54.051483	-139.75507	110.0	110.0	249149	-183.52426	24.399046	-136.06499	-289.95264	-183.52426	24.396559	-135.89246	-291.47144	0.2813683	1.3848914	8.976285	-11.309101	183.13008	2.318437	2658.3937990665436
152	-109.79163	28.496895	-60.356594	-156.42546	-110.55215	25.846615	-71.573975	-147.88419	110.0	110.0	250799	-182.90549	24.38934	-135.56017	-298.47916	-182.90547	24.38632	-135.02838	-299.63232	0.28364205	1.3930393	9.476502	-11.179713	182.5127	2.3356342	2675.7572877407074
153	-103.33742	21.027416	-62.59432	-149.03252	-92.878845	36.892128	-32.426464	-169.8232	110.0	110.0	252449	-182.42093	24.511368	-135.24283	-289.9438	-182.4211	24.507671	-135.06236	-289.61624	0.2823593	1.3909552	10.425595	-8.6269455	182.02136	2.34826	2696.5032575130463
154	-106.08257	23.28332	-45.142002	-136.54788	-83.03448	26.658617	-40.764236	-138.34666	110.0	110.0	254099	-182.02095	24.702776	-134.75188	-296.97034	-182.02112	24.698528	-134.91174	-297.96313	0.2763808	1.3809134	8.874676	-9.897762	181.63853	2.2791376	2713.242252111435
155	-116.141945	22.298855	-83.967545	-167.08145	-84.16945	18.179163	-64.529724	-124.01119	110.0	110.0	255749	-181.32666	24.592901	-133.98799	-298.28644	-181.32677	24.587914	-134.39442	-299.58994	0.28015974	1.3870322	9.221118	-9.966633	180.94595	2.3458292	2731.0084607601166
156	-101.01986	24.084053	-55.71148	-161.95952	-104.80286	26.46177	-66.39119	-149.55229	110.0	110.0	257399	-181.11734	24.772736	-133.50214	-296.11133	-181.11763	24.770142	-133.96355	-296.81995	0.28781778	1.389037	8.994049	-9.881607	180.73344	2.395457	2749.064034461975
157	-112.23808	30.887884	-57.336617	-178.1494	-99.36369	26.011658	-51.654808	-146.20535	110.0	110.0	259049	-180.50577	24.811369	-132.7905	-292.72482	-180.50594	24.806751	-133.10861	-290.46503	0.279579	1.3862065	9.718876	-10.049968	180.13063	2.2853773	2769.491492509842
158	-115.10897	23.635489	-88.91959	-190.92067	-93.47602	22.211031	-63.747017	-141.911	110.0	110.0	260699	-180.02927	24.822979	-132.74052	-301.10715	-180.02945	24.818882	-132.4004	-301.16653	0.28500456	1.3791533	9.983431	-9.86695	179.65045	2.3081958	2789.1217670440674
159	-111.99704	22.365906	-61.272747	-144.67447	-96.30409	21.013079	-65.44601	-141.37076	110.0	110.0	262349	-179.69795	24.92705	-131.06912	-301.85474	-179.69823	24.921843	-131.90022	-301.62265	0.27977633	1.3854609	9.42651	-10.067069	179.31197	2.3485312	2805.3647544384003
160	-104.80191	19.07234	-66.7071	-132.32759	-99.60977	35.625336	-30.7109	-155.77052	110.0	110.0	263999	-179.08711	24.898912	-131.15091	-296.34213	-179.08694	24.895166	-131.00821	-296.90344	0.2786091	1.3776093	9.619156	-11.582295	178.70927	2.296891	2824.3938744068146
161	-111.286125	26.922743	-81.55048	-188.00594	-89.27337	27.630692	-53.223488	-131.19244	110.0	110.0	265649	-178.54767	25.030176	-130.62369	-301.55865	-178.54807	25.02536	-130.51735	-301.46118	0.28150856	1.3793551	9.020872	-12.249238	178.17296	2.3514347	2843.621917963028
162	-106.30249	23.291277	-54.66227	-143.83745	-97.64296	21.703793	-52.78817	-131.24278	110.0	110.0	267299	-178.09393	24.991306	-129.2631	-292.54382	-178.09395	24.988436	-129.51715	-293.4781	0.27182376	1.3748528	8.846093	-10.446163	177.72289	2.3139558	2860.241639852524
163	-111.06182	24.43307	-67.55523	-154.92877	-88.06459	25.13651	-60.0325	-135.93962	110.0	110.0	268949	-177.79341	25.114695	-129.57863	-300.28604	-177.79355	25.111172	-129.41263	-301.18616	0.26784167	1.3754113	9.128548	-10.772578	177.42651	2.3554192	2876.753295660019
164	-100.35926	18.627312	-67.93477	-130.63448	-95.5336	24.650454	-58.511654	-146.59436	110.0	110.0	270599	-177.30865	25.28606	-128.89671	-296.2772	-177.3087	25.283007	-129.12485	-296.7065	0.2724405	1.3689939	9.249355	-10.706415	176.94788	2.2984128	2894.1991748809814
165	-101.74859	30.958721	-51.06395	-174.96645	-95.214386	31.391249	-38.961483	-141.72624	110.0	110.0	272249	-176.75966	25.349098	-128.46147	-288.0391	-176.75977	25.34703	-128.69275	-287.42578	0.26811564	1.3723333	8.959734	-9.17985	176.39328	2.364775	2912.8898916244507
166	-105.80132	23.755392	-47.61002	-146.75446	-105.14323	28.623383	-65.644295	-172.61855	110.0	110.0	273899	-176.3392	25.380112	-127.67615	-295.71646	-176.33925	25.376982	-128.145	-296.8272	0.27511147	1.3821353	8.871705	-9.997999	175.96666	2.380493	2931.1090035438538
167	-106.043	26.745365	-67.601715	-164.31844	-101.4221	26.346483	-52.196304	-147.00346	110.0	110.0	275549	-175.98532	25.342937	-126.711395	-293.18582	-175.98521	25.340416	-127.49855	-293.62842	0.27762467	1.378111	9.440363	-9.287604	175.6122	2.3975754	2947.623438835144
168	-113.12654	23.17542	-70.81123	-152.69214	-112.90603	30.797186	-47.150337	-151.88109	110.0	110.0	277199	-175.52072	25.410496	-126.5927	-296.33212	-175.52081	25.406496	-127.26426	-296.62698	0.27731913	1.3824878	10.853027	-9.984964	175.1505	2.3290746	2965.772584915161
169	-122.40882	20.403885	-88.39066	-171.00534	-103.239426	23.431883	-45.7549	-138.69382	110.0	110.0	278849	-175.1507	25.48289	-126.20688	-296.78845	-175.15074	25.479229	-126.802795	-297.92798	0.27399558	1.3746201	9.584744	-10.860064	174.78787	2.3155506	2986.3837225437164
170	-109.181404	28.090364	-58.600296	-173.40749	-99.468414	14.233099	-73.62634	-120.639175	110.0	110.0	280499	-174.76364	25.479467	-126.46558	-295.07205	-174.7636	25.477089	-126.8046	-295.8247	0.27764434	1.368564	10.726754	-13.200672	174.39958	2.2704144	3005.40233874321
171	-113.302536	29.657701	-75.59126	-160.95631	-82.41472	24.691137	-40.050842	-128.17525	110.0	110.0	282149	-174.35107	25.521055	-126.07412	-299.76663	-174.35129	25.51872	-126.72174	-297.8216	0.27781394	1.3727686	9.107264	-10.420128	173.98917	2.2739098	3022.9322743415833
172	-105.66441	28.256952	-62.868736	-176.13792	-101.35655	26.606321	-43.57583	-138.02135	110.0	110.0	283799	-173.96419	25.594696	-126.02625	-292.38297	-173.96407	25.593224	-125.8958	-293.04605	0.27620286	1.3719094	8.891302	-10.820667	173.60301	2.2892983	3039.58234500885
173	-110.33561	20.491177	-69.3339	-150.50345	-83.33083	31.681847	-44.001064	-147.9823	110.0	110.0	285449	-173.62813	25.676172	-125.542915	-289.94507	-173.628	25.673353	-125.75058	-289.0702	0.27190512	1.3750064	10.683685	-8.997438	173.26544	2.3355527	3056.9816324710846
174	-103.40548	18.170221	-72.80517	-135.18015	-83.7799	35.510464	-39.35055	-146.92984	110.0	110.0	287099	-173.06883	25.66537	-124.481125	-293.06458	-173.06906	25.662542	-124.738	-294.4529	0.27247033	1.3774775	9.439027	-10.815237	172.70604	2.3136768	3074.2298595905304
175	-117.845795	27.058813	-67.16939	-169.01549	-91.21144	18.175901	-55.048424	-113.721634	110.0	110.0	288749	-172.71437	25.78878	-124.17016	-291.57123	-172.71425	25.786444	-124.338425	-291.60904	0.2732028	1.3701918	9.874583	-9.926954	172.35693	2.3379407	3091.6726257801056
176	-130.94545	29.152216	-70.46786	-181.01639	-97.04742	23.666172	-65.18703	-131.85022	110.0	110.0	290399	-172.14465	25.772808	-123.853516	-294.09653	-172.1446	25.772926	-123.72782	-294.847	0.272699	1.3693221	9.435958	-14.128124	171.79588	2.291566	3108.4082448482513
177	-115.62046	32.998234	-70.11103	-214.29144	-101.57741	30.69054	-67.03336	-178.73143	110.0	110.0	292049	-172.01733	25.857082	-124.186935	-294.71982	-172.01714	25.85501	-124.065674	-295.7986	0.26646593	1.3660613	9.905947	-11.652738	171.66106	2.2781131	3127.533095598221
178	-116.67067	21.503098	-64.73842	-149.02065	-99.98043	30.460686	-52.180935	-165.00516	110.0	110.0	293699	-171.54694	25.859669	-123.47425	-293.50024	-171.54689	25.858448	-123.36288	-294.5369	0.27550477	1.3725423	9.773708	-11.178262	171.18916	2.3266366	3144.6951851844788
179	-112.43034	25.210032	-82.0836	-171.95837	-82.86937	20.643805	-48.78444	-104.43317	110.0	110.0	295349	-171.30656	25.972183	-123.224335	-297.75497	-171.30652	25.969955	-123.08574	-296.52936	0.26841608	1.3731883	9.184269	-9.853809	170.95247	2.299509	3161.908249616623
180	-107.25274	20.804289	-76.145035	-147.24571	-77.60866	19.937767	-57.18003	-124.88348	110.0	110.0	296999	-170.79918	26.067589	-122.05286	-289.49243	-170.7992	26.066864	-122.30795	-292.49854	0.2706727	1.370096	9.669443	-12.469555	170.44992	2.2876122	3181.930413246155
181	-113.22806	23.658915	-69.804436	-156.20468	-93.394585	33.303062	-61.616085	-165.00897	110.0	110.0	298649	-170.43793	26.04994	-122.48054	-293.31696	-170.43787	26.04815	-122.39238	-293.87064	0.27854374	1.3717601	9.534327	-8.935881	170.08269	2.28497	3201.082730293274
182	-102.81416	18.963913	-68.92297	-134.43657	-97.14571	22.177525	-36.03286	-123.51342	110.0	110.0	300299	-169.96725	26.0539	-121.9537	-298.6384	-169.96715	26.052294	-122.1633	-297.7554	0.26877233	1.3706114	9.486227	-10.499602	169.62312	2.3259778	3219.1125869750977
183	-100.08164	21.639235	-69.34349	-141.58887	-99.97264	29.002253	-67.10382	-162.69182	110.0	110.0	301949	-169.5257	26.239876	-121.65883	-290.95215	-169.52571	26.238523	-121.83425	-292.23276	0.27731767	1.3688968	10.798127	-10.216538	169.18576	2.333064	3238.048968553543
184	-108.24056	20.673388	-64.61012	-140.4963	-95.97435	26.51687	-53.670296	-143.5568	110.0	110.0	303599	-169.11688	26.17011	-121.553116	-290.2566	-169.11688	26.168201	-121.63805	-289.211	0.2747439	1.3617811	9.52784	-9.022246	168.77402	2.364415	3255.758232831955
185	-110.558624	21.519318	-79.3454	-154.24844	-106.91101	24.632362	-66.99001	-145.88278	110.0	110.0	305249	-168.76996	26.276405	-120.89255	-288.70917	-168.76991	26.275185	-121.07778	-288.8967	0.27499437	1.3648677	9.360181	-10.377378	168.42526	2.3499944	3274.038996696472
186	-109.62466	16.47591	-80.33152	-147.05775	-96.56618	29.28214	-42.15699	-142.89891	110.0	110.0	306899	-168.47461	26.183561	-120.22193	-299.1219	-168.47464	26.182335	-120.659065	-299.89508	0.24816127	1.3581482	9.204579	-10.324376	168.1498	2.2609057	3291.7106099128723
187	-111.250206	20.388216	-84.1029	-164.31871	-92.489204	29.986694	-42.73271	-133.95807	110.0	110.0	308549	-168.27567	26.264978	-119.51202	-290.0975	-168.27565	26.264105	-120.04058	-289.36386	0.26248294	1.3616337	10.210375	-12.172539	167.95004	2.3335435	3309.0862255096436
188	-106.73958	21.484144	-70.04191	-146.27281	-87.23613	21.174837	-53.286324	-130.31146	110.0	110.0	310199	-168.03929	26.389896	-118.670334	-295.3844	-168.0394	26.387993	-119.24858	-294.85922	0.27226827	1.3581744	9.689753	-11.633522	167.7069	2.3270102	3327.374158859253
189	-102.64969	25.1908	-57.646717	-144.05734	-91.767586	15.678004	-75.69344	-117.67049	110.0	110.0	311849	-167.54002	26.211079	-118.80181	-297.90457	-167.54001	26.21002	-118.91435	-299.0986	0.27834663	1.35708	9.564614	-10.154655	167.20973	2.3322654	3345.0317890644073
190	-109.45127	20.272058	-80.18434	-151.17549	-77.725204	29.123335	-31.323887	-135.44434	110.0	110.0	313499	-167.30138	26.218483	-118.33349	-291.07355	-167.30138	26.216694	-118.523186	-290.5492	0.2572391	1.3539057	9.854576	-10.251751	166.98743	2.2501783	3362.2814269065857
191	-108.07574	24.87977	-73.23958	-158.99794	-98.84907	28.072086	-52.10873	-137.04916	110.0	110.0	315149	-166.92976	26.174732	-118.3643	-295.0692	-166.9298	26.173136	-118.39606	-294.4074	0.26045212	1.3518713	9.936436	-9.596845	166.60849	2.263536	3380.9757690429688
192	-105.86772	21.07344	-72.731186	-136.7367	-111.77018	24.624868	-80.1366	-149.3536	110.0	110.0	316799	-166.89893	26.294025	-118.29268	-294.98935	-166.89882	26.292694	-118.39242	-294.29468	0.24968313	1.3544533	10.615462	-11.144924	166.58412	2.2593734	3399.1554205417633
193	-110.923485	22.116812	-72.42165	-147.62605	-91.54463	24.608824	-44.444244	-124.46488	110.0	110.0	318449	-166.60164	26.229252	-118.193016	-293.29678	-166.60172	26.227545	-118.297195	-293.56094	0.2622436	1.3576576	9.898425	-9.084384	166.28378	2.2793617	3417.4969069957733
194	-108.033356	24.034868	-77.43265	-152.01677	-93.7414	32.852364	-49.038467	-156.12372	110.0	110.0	320099	-166.49599	26.28837	-118.131805	-295.79178	-166.49591	26.287867	-118.18217	-295.55893	0.25286862	1.3586252	10.038108	-10.051899	166.17784	2.2808201	3434.935733795166
195	-109.33004	21.327314	-73.063095	-158.40381	-111.26776	16.317516	-92.090004	-138.89621	110.0	110.0	321749	-166.30624	26.126116	-117.960175	-290.44556	-166.30609	26.124634	-118.30122	-291.65054	0.25539267	1.3549043	10.051527	-11.025545	165.98947	2.2572582	3453.573573589325
196	-100.239784	25.35204	-56.072315	-153.12082	-100.43886	21.87049	-66.83715	-132.18227	110.0	110.0	323399	-166.00793	26.161518	-117.87423	-291.9353	-166.00798	26.159994	-117.745865	-294.06015	0.25381473	1.3539093	10.134597	-11.906611	165.68932	2.231479	3470.765013694763
197	-111.30563	22.302004	-71.29043	-144.33784	-91.15392	23.37722	-54.4391	-132.08574	110.0	110.0	325049	-165.74095	26.11487	-117.46854	-291.71326	-165.74126	26.112982	-117.77428	-292.09946	0.24460638	1.3505368	9.706321	-9.852526	165.42627	2.2115486	3487.718243598938
198	-101.63941	21.496708	-61.545532	-137.09186	-97.53523	45.078403	-47.051086	-204.84747	110.0	110.0	326699	-165.48859	26.05975	-118.02298	-292.00247	-165.48836	26.058512	-118.026825	-291.39246	0.26486114	1.3535082	10.077492	-9.495374	165.16443	2.2200305	3506.358651638031
199	-116.41892	26.338602	-79.273415	-169.00058	-100.132675	17.174627	-64.75165	-124.00327	110.0	110.0	328349	-165.2114	25.992329	-117.892265	-291.49606	-165.21136	25.99122	-117.948524	-291.41043	0.24914758	1.345906	9.243286	-9.143364	164.90251	2.199097	3523.51952791214
200	-101.58139	28.456573	-56.340282	-171.63216	-109.80137	24.799864	-64.518936	-139.73521	110.0	110.0	329999	-165.13567	25.993843	-117.97405	-291.16336	-165.13593	25.99243	-117.78931	-293.81732	0.23784243	1.3501122	9.426007	-11.663894	164.82547	2.2484405	3540.3761734962463
