Epoch	AverageEpRet	StdEpRet	MaxEpRet	MinEpRet	AverageTestEpRet	StdTestEpRet	MaxTestEpRet	MinTestEpRet	EpLen	TestEpLen	TotalEnvInteracts	AverageQVals	StdQVals	MaxQVals	MinQVals	LossPi	LossQ	Time
1	-3290.3823	858.29114	-1949.8373	-4995.516	-2848.5896	710.9091	-1650.694	-4067.2542	110.0	110.0	1649	-54.40347	27.527262	0.26727548	-150.11563	52.929825	124.02866	4.5831217765808105
2	-3284.5938	612.0825	-1817.1174	-4150.148	-2855.3726	1026.4528	-908.9705	-4568.5107	110.0	110.0	3299	-186.11307	73.50089	-32.569992	-486.2919	182.48328	104.916725	12.05592656135559
3	-3010.9265	603.48895	-1829.595	-3754.0981	-3037.7974	985.5358	-1196.4514	-4388.0024	110.0	110.0	4949	-366.74316	93.71128	-99.01217	-722.86536	359.65326	209.01796	19.680635690689087
4	-3172.3591	538.41724	-2110.3623	-3915.8096	-2529.6821	1093.5356	-1126.1018	-4483.722	110.0	110.0	6599	-511.7961	116.72604	-171.71846	-951.49243	503.0112	289.71362	27.294143438339233
5	-3452.972	642.6625	-2424.5662	-4731.745	-1801.9358	475.89795	-771.56104	-2436.9302	110.0	110.0	8249	-648.5995	140.91293	-239.12102	-1182.2346	637.4136	350.0031	34.612547397613525
6	-3160.6484	545.29474	-1989.582	-4391.289	-2173.822	475.0341	-1201.915	-3103.2976	110.0	110.0	9899	-755.199	165.96349	-301.84293	-1391.6914	741.5505	397.05188	42.31953263282776
7	-2208.9304	777.01105	-860.5324	-3283.581	-1596.2805	723.08606	-230.02869	-2710.4412	110.0	110.0	11549	-835.66846	188.45862	-365.04907	-1550.2797	821.5469	380.3723	50.270214796066284
8	-2007.889	784.63074	-850.0743	-3800.5188	-1636.127	714.4093	-649.6971	-2849.974	110.0	110.0	13199	-907.6266	208.40016	-429.82184	-1704.3467	894.82666	329.415	58.24019145965576
9	-1778.7385	893.5102	-633.4633	-3293.84	-1767.9938	816.0467	-368.87204	-2820.431	110.0	110.0	14849	-970.0791	228.99097	-462.77716	-1833.8	958.1762	305.30524	66.82222628593445
10	-1677.93	675.67523	-658.463	-3015.1511	-1810.8279	327.37698	-1218.4502	-2413.5205	110.0	110.0	16499	-1031.8995	244.15843	-521.01056	-1956.4875	1020.9637	287.0807	75.9666109085083
11	-1586.5428	957.28455	-375.165	-3275.5928	-1981.0164	578.66846	-1289.4874	-2973.9211	110.0	110.0	18149	-1089.6125	256.9998	-563.8545	-2057.612	1079.6967	267.19864	85.47273373603821
12	-1530.7454	761.8081	-420.3589	-2965.443	-1510.3723	581.57666	-335.5655	-2539.0083	110.0	110.0	19799	-1147.7545	273.59958	-601.46924	-2248.3105	1138.4802	262.23306	95.04019951820374
13	-1911.8839	899.69775	-515.6423	-3790.3892	-1447.9047	593.83545	-354.69196	-2266.6516	110.0	110.0	21449	-1207.8362	294.44876	-623.7367	-2302.8093	1198.8407	263.2807	104.54197382926941
14	-1355.8212	395.79855	-860.6425	-2180.9592	-1600.8898	558.9629	-933.8595	-2775.516	110.0	110.0	23099	-1259.2357	306.96375	-633.80304	-2419.9795	1250.4324	268.53506	113.69934892654419
15	-1361.0682	556.78516	-513.1861	-2640.9827	-1598.474	565.5865	-1002.2223	-2575.2844	110.0	110.0	24749	-1294.4987	318.8809	-635.24524	-2489.4724	1285.4052	267.6102	123.22818922996521
16	-1419.7207	515.3744	-511.81726	-2267.1636	-1323.9995	425.0658	-852.8747	-2229.2341	110.0	110.0	26399	-1323.8752	327.0439	-646.8047	-2563.9722	1314.7305	270.62238	132.7550449371338
17	-1501.7253	533.9114	-679.11066	-2469.1626	-1499.3215	867.159	-215.14847	-2887.0598	110.0	110.0	28049	-1354.3008	334.41312	-655.1992	-2603.3374	1345.0848	276.18497	142.19460344314575
18	-1417.7782	699.38293	-231.82437	-2859.3298	-1270.4597	580.6844	-393.5138	-2234.602	110.0	110.0	29699	-1376.889	339.1571	-661.99756	-2634.4526	1367.7194	284.04865	151.90172576904297
19	-1210.1736	536.2912	-413.52875	-2514.8232	-1432.1182	553.3997	-840.8112	-2301.3887	110.0	110.0	31349	-1388.6731	348.59305	-671.35504	-2662.0405	1379.3003	284.70984	161.3582808971405
20	-1223.8022	508.49905	-554.8646	-2213.1187	-1636.9834	700.82135	-752.4175	-2685.4155	110.0	110.0	32999	-1389.2474	359.3744	-640.3313	-2672.074	1380.0781	272.94742	170.84606981277466
21	-1299.617	653.08154	-210.16248	-2413.1118	-1255.844	477.80432	-480.1356	-1897.2832	110.0	110.0	34649	-1396.4181	367.35162	-642.2556	-2694.4358	1387.4628	269.58255	180.28817129135132
22	-1336.0226	610.22687	-407.8207	-2616.7449	-1046.8928	459.23758	-370.05353	-1946.517	110.0	110.0	36299	-1402.1475	375.6105	-651.1082	-2725.2615	1393.2731	274.43994	187.74171209335327
23	-1355.5317	516.87195	-393.5873	-2167.5762	-1281.9597	564.9526	-211.9586	-2071.7864	110.0	110.0	37949	-1406.8452	385.78964	-636.29083	-2730.034	1397.8073	282.63455	195.49739480018616
24	-1239.1888	768.6354	-323.58514	-2803.611	-1712.2102	628.49097	-583.6062	-2729.0042	110.0	110.0	39599	-1407.344	396.67007	-627.7853	-3118.8823	1398.6672	284.70142	202.96913504600525
25	-1535.2617	769.70667	-443.11322	-2911.555	-1286.8184	723.6449	-584.32446	-2720.024	110.0	110.0	41249	-1408.8322	409.59985	-630.298	-3173.6619	1400.1932	285.87573	212.71668910980225
26	-1408.4878	652.3233	-466.87515	-2893.623	-1426.1018	527.71783	-428.9335	-2566.1738	110.0	110.0	42899	-1412.7382	421.04828	-627.5852	-3199.368	1404.2537	280.59814	223.05959129333496
27	-1251.1534	743.82214	-270.5718	-2934.961	-1080.7885	474.53592	-597.73846	-2136.6853	110.0	110.0	44549	-1411.288	433.07477	-626.7469	-3242.941	1403.152	283.35806	232.59414172172546
28	-944.778	356.27957	-456.85452	-1655.9028	-1351.2784	578.91565	-442.8886	-2162.7925	110.0	110.0	46199	-1407.6514	445.0737	-627.9044	-3292.5305	1399.6978	278.19006	241.54722809791565
29	-1181.2216	537.4954	-176.00175	-1978.5991	-970.2625	387.12665	-164.73521	-1549.578	110.0	110.0	47849	-1408.4482	455.23703	-621.4282	-3307.0938	1400.9728	274.31567	250.58941316604614
30	-1076.9808	442.70764	-238.64484	-1718.9037	-1342.427	985.5797	-208.98589	-3241.3665	110.0	110.0	49499	-1403.181	465.8555	-607.7508	-3343.8142	1395.8463	271.3449	259.8517806529999
31	-1815.4612	797.9513	-443.778	-3294.5435	-1714.9965	682.4319	-516.9366	-2675.246	110.0	110.0	51149	-1409.4176	475.28806	-602.9926	-3406.3164	1402.2075	274.10855	269.0918004512787
32	-1299.3601	640.933	-259.86148	-2509.538	-1907.0619	747.6094	-416.64856	-3192.0085	110.0	110.0	52799	-1415.3787	489.23175	-595.80597	-3412.5322	1408.194	277.02225	278.5763330459595
33	-1426.8353	571.5145	-535.13513	-2363.9211	-1505.0746	840.59326	-177.95134	-2764.5579	110.0	110.0	54449	-1416.4039	501.90796	-585.38043	-3452.571	1409.1847	273.7887	287.9402060508728
34	-1457.613	604.07513	-753.67957	-2661.098	-1125.4207	630.0922	-478.4997	-2648.3223	110.0	110.0	56099	-1415.8398	508.44144	-562.90295	-3483.2107	1408.7098	282.8203	296.956414937973
35	-1218.829	576.22437	-361.74335	-2761.609	-1452.7078	371.1485	-731.9369	-2046.3528	110.0	110.0	57749	-1413.9531	515.3294	-544.3693	-3486.4402	1406.8267	284.95334	306.0723965167999
36	-1593.0417	652.3554	-534.96936	-2658.7612	-1245.867	553.1869	-507.2502	-2283.9055	110.0	110.0	59399	-1416.6367	524.6748	-528.3684	-3512.0642	1409.5276	287.36636	315.52826023101807
37	-1447.1854	776.44257	-473.15903	-3323.37	-1229.0016	671.8524	-240.11343	-2706.1287	110.0	110.0	61049	-1417.3678	535.50574	-504.3684	-3533.3684	1410.0867	288.089	324.80872631073
38	-1060.9581	396.74774	-427.48193	-1946.6368	-1637.2682	507.72098	-833.215	-2228.9702	110.0	110.0	62699	-1413.7758	545.86127	-480.73834	-3572.0342	1406.2633	283.1376	334.12263774871826
39	-1200.826	483.46652	-554.6192	-2205.5483	-980.74316	447.2154	-322.6301	-1803.998	110.0	110.0	64349	-1405.4393	554.4809	-453.41583	-3613.255	1397.3945	280.4222	343.2208423614502
40	-965.33844	316.42706	-549.55707	-1814.1283	-1320.4021	508.39905	-525.26013	-2247.4736	110.0	110.0	65999	-1389.5928	560.19824	-441.63052	-3622.5325	1381.0052	281.10187	352.91922664642334
41	-1010.3136	460.73282	-582.1056	-2096.0303	-1005.6447	416.7333	-196.98424	-1521.3817	110.0	110.0	67649	-1370.4484	566.028	-427.70493	-3664.335	1361.8429	284.01776	363.0451979637146
42	-1050.7131	556.98785	-193.19325	-2569.1519	-1318.3298	790.3582	-301.9917	-2706.1125	110.0	110.0	69299	-1352.3538	568.08307	-410.39777	-3657.9734	1343.2284	287.7975	372.2661998271942
43	-1039.7976	528.6573	-320.66708	-2144.879	-1188.1936	799.1734	-316.6993	-3195.7473	110.0	110.0	70949	-1330.7803	569.9552	-391.0653	-3673.7424	1321.7085	283.85657	381.41861152648926
44	-1070.7758	542.0339	-543.36816	-2455.6106	-1231.5321	600.1823	-439.9209	-2152.14	110.0	110.0	72599	-1307.7794	570.643	-371.80246	-3665.76	1298.8197	285.46313	389.6445343494415
45	-883.18005	459.71167	-341.0704	-2114.6516	-1365.985	881.505	-261.4001	-2906.1821	110.0	110.0	74249	-1279.9352	573.35504	-355.14203	-3643.5486	1270.5957	278.55103	397.5483281612396
46	-1169.5103	662.6203	-302.10403	-2491.082	-1067.8317	532.1709	-459.416	-2519.268	110.0	110.0	75899	-1258.7577	576.0172	-329.8698	-3610.105	1249.3048	277.29617	405.1751608848572
47	-1005.1742	495.7038	-420.51508	-2182.7427	-848.0612	705.46655	-332.59442	-2708.0688	110.0	110.0	77549	-1233.1003	578.9661	-310.2474	-3575.5098	1223.5143	277.51205	412.9012231826782
48	-905.59454	563.9419	-389.89594	-2346.747	-874.7892	289.55475	-499.49277	-1610.1865	110.0	110.0	79199	-1203.2853	578.3134	-269.44632	-3537.8396	1193.4719	263.9308	420.7488293647766
49	-1039.3717	469.6406	-356.8473	-1856.9342	-967.13055	479.32996	-413.92212	-2213.6392	110.0	110.0	80849	-1172.1318	578.0624	-252.69054	-3521.253	1162.1665	264.36887	428.7085645198822
50	-1115.5469	458.08627	-545.8145	-2281.6145	-1004.9456	373.5849	-588.0628	-1731.6245	110.0	110.0	82499	-1148.4121	574.9909	-225.91829	-3495.3977	1138.2081	265.3686	437.16037940979004
51	-1037.4688	384.6777	-328.81836	-1653.6427	-921.4391	473.88785	-259.37735	-1940.6248	110.0	110.0	84149	-1123.7988	571.3763	-204.55234	-3472.5342	1113.6439	260.30576	446.80367946624756
52	-995.1951	541.3525	-308.39233	-2216.897	-1142.3596	687.32513	-436.55362	-2773.816	110.0	110.0	85799	-1092.869	564.7102	-189.05295	-3432.3787	1082.4977	256.75784	456.3385691642761
53	-793.1891	432.18427	-345.88934	-2209.0217	-1153.3966	506.97455	-647.81256	-2147.2944	110.0	110.0	87449	-1059.4895	560.7774	-172.95781	-3394.267	1049.1293	251.11517	466.0015776157379
54	-1074.2489	555.85535	-393.6942	-2737.2327	-907.0585	514.3767	-323.51614	-2033.4065	110.0	110.0	89099	-1027.154	555.9286	-163.00276	-3299.9602	1016.798	247.10728	475.2300229072571
55	-1038.057	355.90897	-409.38904	-1678.0469	-970.07654	477.13263	-116.00061	-1754.0239	110.0	110.0	90749	-1006.41797	550.32635	-151.95201	-3261.562	996.1238	238.50179	484.5723741054535
56	-649.7839	268.97858	-281.1059	-1259.7582	-943.79504	536.47736	-396.49124	-2390.6836	110.0	110.0	92399	-976.3136	547.43677	-110.90569	-3182.6575	966.5503	233.20927	493.7254157066345
57	-965.94617	478.47592	-417.7023	-1856.0889	-1073.2756	749.77136	-268.7816	-2644.6626	110.0	110.0	94049	-950.9311	543.3948	-79.31002	-3144.0444	941.0472	229.44543	503.34129762649536
58	-1170.446	527.47375	-318.31406	-2146.2664	-1037.0837	520.68475	-365.65402	-2094.3323	110.0	110.0	95699	-931.9699	544.44574	-44.85286	-3111.9907	922.32513	227.30356	513.0336208343506
59	-626.1052	238.34396	-313.99323	-1275.8209	-931.5866	281.75714	-403.7218	-1509.6185	110.0	110.0	97349	-908.6839	543.0756	-19.500168	-3071.802	899.232	217.02254	522.3217585086823
60	-973.8036	484.42163	-340.33826	-2063.8513	-1075.0227	506.61047	-161.45988	-2012.6058	110.0	110.0	98999	-894.9704	542.3922	-0.94372845	-2980.8728	885.8743	213.28046	532.2651135921478
61	-922.99084	413.25845	-373.97968	-1732.9574	-822.19336	355.32935	-353.17123	-1344.64	110.0	110.0	100649	-874.9671	536.957	19.967356	-2976.0242	865.694	218.55746	541.7908713817596
62	-834.8136	330.64566	-369.8495	-1425.4243	-724.02496	259.0556	-343.00232	-1288.4683	110.0	110.0	102299	-853.88074	533.76086	29.755302	-2921.9897	844.484	214.21056	551.231014251709
63	-968.52484	461.10794	-234.96922	-2104.0886	-1081.9213	648.0399	-403.13104	-2906.4053	110.0	110.0	103949	-835.4342	528.04297	35.33315	-2861.267	826.1815	207.39136	560.9620034694672
64	-832.88824	226.67563	-493.736	-1260.9316	-882.3496	307.11014	-228.46404	-1384.0311	110.0	110.0	105599	-814.45966	523.70026	42.85737	-2842.8345	805.2191	207.02322	570.0721387863159
65	-972.77155	449.87384	-463.20572	-2163.8	-935.40857	281.73907	-477.1966	-1255.5392	110.0	110.0	107249	-801.0568	518.95135	42.790806	-2794.6655	791.95654	207.03096	578.7277870178223
66	-761.21747	278.75385	-284.29108	-1265.6378	-716.5019	302.5965	-288.71085	-1101.0967	110.0	110.0	108899	-781.97986	513.67	48.00745	-2780.372	773.18427	203.73935	586.2787480354309
67	-963.3139	436.6384	-342.86475	-1822.0057	-745.7257	283.34286	-351.56415	-1332.1658	110.0	110.0	110549	-773.1332	511.12637	52.853226	-2714.4753	764.22046	202.11345	593.9682466983795
68	-888.4809	510.8502	-336.68842	-2481.49	-863.83826	374.23352	-175.04695	-1473.5549	110.0	110.0	112199	-758.5604	506.68896	49.13045	-2671.7202	749.68634	200.03862	601.7475888729095
69	-726.32776	301.2668	-212.77203	-1470.1072	-887.31085	571.5962	-192.08139	-2283.0461	110.0	110.0	113849	-745.22363	500.8969	47.0819	-2610.1453	736.2753	203.06213	609.2876641750336
70	-883.1738	519.45807	-358.65982	-2547.2107	-656.854	287.11188	-186.96703	-1243.7625	110.0	110.0	115499	-731.13336	492.34558	51.062714	-2570.3052	722.32983	196.3206	617.2893588542938
71	-798.0243	461.57425	-279.47632	-2375.4568	-774.28827	338.51895	-275.94714	-1475.2985	110.0	110.0	117149	-717.6837	484.39725	66.96312	-2567.3347	708.966	199.56773	625.191440820694
72	-822.20465	328.3967	-315.09644	-1395.1277	-909.54114	305.31848	-527.2569	-1445.9922	110.0	110.0	118799	-702.2377	474.23254	75.2699	-2538.2358	693.3885	199.98462	633.0521111488342
73	-775.2562	321.9342	-147.88097	-1509.6749	-1036.4426	511.15894	-288.87338	-1936.6647	110.0	110.0	120449	-685.34686	466.90643	87.03853	-2418.7004	676.3553	192.46819	640.9982764720917
74	-752.28906	216.23763	-424.37628	-1121.1292	-780.84937	376.82907	-245.17506	-1468.2552	110.0	110.0	122099	-670.84753	457.6866	91.16838	-2406.494	661.95654	194.65674	648.9498488903046
75	-934.8189	336.9015	-447.8279	-1654.8644	-740.1749	326.93704	-302.82095	-1373.2568	110.0	110.0	123749	-656.0343	449.59113	112.62994	-2371.4097	647.3173	190.33792	656.8504099845886
76	-859.67163	237.6735	-446.12506	-1292.1199	-889.08124	409.98883	-459.5866	-1998.5057	110.0	110.0	125399	-643.32434	439.14456	116.68759	-2318.214	634.5401	188.34239	664.9464619159698
77	-754.31067	307.53464	-179.95293	-1309.6228	-765.83417	158.89558	-510.4645	-1005.79663	110.0	110.0	127049	-632.11633	428.84253	113.3117	-2261.9026	623.4174	188.8066	674.5338001251221
78	-814.0265	365.23065	-299.8964	-1589.6406	-1001.4056	645.5406	-350.25522	-2388.057	110.0	110.0	128699	-620.3411	418.73	115.412186	-2283.7166	611.77936	184.12263	684.3028178215027
79	-894.76965	354.53235	-255.86375	-1507.4677	-881.05664	437.12158	-437.95227	-1908.5104	110.0	110.0	130349	-607.65326	409.3033	106.181946	-2247.3625	599.12146	176.539	693.8407781124115
80	-868.715	407.1698	-263.33734	-1575.4724	-653.65594	290.19543	-354.67725	-1394.3564	110.0	110.0	131999	-597.2154	403.5327	91.97795	-2224.256	588.5082	176.05833	703.4628112316132
81	-883.713	331.0636	-454.92557	-1732.17	-908.68616	658.8005	-311.6829	-2542.559	110.0	110.0	133649	-583.8453	394.62573	71.59282	-2164.4148	575.13525	176.8517	713.1745619773865
82	-898.4775	362.12354	-467.287	-1655.4019	-742.03235	279.84592	-210.74438	-1246.4263	110.0	110.0	135299	-571.1074	388.23123	75.41198	-2133.6199	562.44574	175.48648	722.9064719676971
83	-795.5323	368.55768	-297.24078	-1764.6733	-747.5818	227.50352	-326.01068	-1060.2437	110.0	110.0	136949	-560.07153	379.49203	69.808304	-2077.4954	551.2165	177.27098	730.8747670650482
84	-767.005	274.34534	-409.88303	-1444.543	-842.5243	347.17642	-278.20154	-1540.451	110.0	110.0	138599	-543.83185	371.56378	53.637283	-2084.4575	535.029	172.33466	738.8111526966095
85	-744.15234	310.36127	-307.50433	-1387.3302	-921.03015	481.06717	-419.45462	-2179.7593	110.0	110.0	140249	-528.8382	364.89215	43.602	-2052.3987	520.05164	177.06836	746.7734067440033
86	-755.1444	311.06122	-312.40872	-1463.5822	-990.2611	339.77682	-529.22974	-1486.6915	110.0	110.0	141899	-519.3078	362.28992	45.89278	-2002.7134	510.73712	174.59161	754.6701037883759
87	-838.38245	277.6633	-373.65256	-1522.5583	-998.19666	453.45297	-520.52625	-2078.0334	110.0	110.0	143549	-507.76892	357.7003	38.541878	-1989.6461	499.05804	174.63197	762.555869102478
88	-781.8213	418.07962	-148.3874	-1793.108	-593.7156	204.12454	-331.5175	-1023.47955	110.0	110.0	145199	-496.66525	355.96454	38.01775	-1963.4487	488.06552	176.61238	770.4853248596191
89	-806.3879	344.46536	-375.75494	-1720.5742	-733.33997	431.34082	-327.5257	-1867.2046	110.0	110.0	146849	-487.80087	355.5152	42.446346	-1955.1434	479.1414	176.17743	778.4427740573883
90	-805.5332	247.57608	-499.26242	-1341.8258	-752.1798	388.72336	-317.9047	-1603.2917	110.0	110.0	148499	-477.3374	354.22314	50.718704	-1914.271	468.72733	179.12077	786.4716830253601
91	-819.3375	467.28607	-256.793	-1846.0138	-1012.03796	510.33795	-181.0699	-2220.2651	110.0	110.0	150149	-465.23743	353.08838	90.224686	-1932.0133	456.56888	181.34941	794.5399763584137
92	-855.9982	289.98242	-423.45813	-1338.9473	-678.23083	303.13745	-320.19623	-1400.2325	110.0	110.0	151799	-453.99686	351.84845	102.22711	-1943.8501	445.23276	179.26883	803.6103506088257
93	-742.1596	336.21683	-286.7701	-1512.2975	-824.75256	493.51413	-394.751	-1829.39	110.0	110.0	153449	-438.79883	348.46863	115.50863	-1931.5819	430.1107	179.82727	813.2860081195831
94	-826.43445	310.02823	-332.63882	-1437.931	-973.84796	483.62943	-481.9128	-2066.825	110.0	110.0	155099	-428.21872	348.09268	134.02626	-1936.4358	419.4945	183.52632	822.9230282306671
95	-851.8722	559.9854	-303.71432	-2301.6313	-767.13916	379.46655	-317.89142	-1650.6807	110.0	110.0	156749	-416.36475	343.80835	144.4747	-1904.5519	407.69363	180.8834	832.6698706150055
96	-777.3075	272.95502	-200.50304	-1162.8519	-797.7936	355.1663	-317.63745	-1403.6377	110.0	110.0	158399	-406.37546	342.88928	152.52089	-1871.9669	397.71335	178.70265	842.188117980957
97	-684.6275	305.57346	-295.87326	-1374.7125	-740.6681	249.71445	-297.55405	-1128.6471	110.0	110.0	160049	-394.9437	342.35483	168.30203	-1882.161	386.1971	177.64787	851.7565143108368
98	-811.2706	257.6362	-355.51425	-1346.4263	-719.5187	185.34071	-505.02145	-1071.5508	110.0	110.0	161699	-384.63458	342.64273	184.93079	-1868.5753	376.0704	185.682	859.8367414474487
99	-700.0236	259.75522	-277.38126	-1295.3582	-597.0033	211.19817	-340.94217	-956.4669	110.0	110.0	163349	-375.42825	340.6393	196.85286	-1867.0826	367.06158	182.50102	867.7296419143677
100	-990.014	499.5306	-210.06897	-2337.5984	-860.6385	771.62836	-275.2953	-2899.2112	110.0	110.0	164999	-368.8466	337.75394	197.3786	-1842.9272	360.52454	185.09576	875.7211201190948
