Epoch	AverageEpRet	StdEpRet	MaxEpRet	MinEpRet	AverageTestEpRet	StdTestEpRet	MaxTestEpRet	MinTestEpRet	EpLen	TestEpLen	TotalEnvInteracts	AverageQVals	StdQVals	MaxQVals	MinQVals	LossPi	LossQ	Time
1	-181.38551	4.9100122	-170.95557	-189.11867	-180.96567	8.551951	-167.9864	-194.2713	110.0	110.0	1649	-3.9561102	1.7521361	1.8243853	-9.68161	3.6352508	0.18100607	5.378578186035156
2	-182.46767	4.510765	-174.7825	-188.6627	-176.09993	11.65686	-156.77676	-198.56897	110.0	110.0	3299	-10.867361	3.5086238	-1.7560604	-22.564672	10.546037	0.11181868	15.96111512184143
3	-181.17142	7.0946965	-160.26479	-190.65239	-179.90987	12.2108135	-148.97092	-197.55202	110.0	110.0	4949	-21.2667	4.7304206	-8.542355	-42.84774	20.995897	0.17021787	25.464820861816406
4	-177.80307	8.935298	-163.8541	-189.49869	-180.0433	9.8634405	-158.159	-190.77176	110.0	110.0	6599	-31.013554	5.8180776	-16.11755	-54.85215	30.71911	0.24571763	34.86079502105713
5	-179.87047	7.2552676	-165.77809	-192.39189	-176.69463	5.1664777	-166.59831	-181.80301	110.0	110.0	8249	-39.988216	6.828236	-23.047163	-65.67578	39.66799	0.28331152	44.716352462768555
6	-178.49893	6.5287776	-167.89838	-190.01404	-162.09953	16.831259	-135.35011	-187.45732	110.0	110.0	9899	-48.83046	7.4592686	-30.648773	-75.987785	48.47644	0.33188462	54.782466888427734
7	-171.92189	11.884157	-144.20288	-184.50735	-172.818	11.597814	-151.4216	-188.83069	110.0	110.0	11549	-56.578842	7.3658667	-38.828854	-83.34963	56.19695	0.34823918	64.8973126411438
8	-154.73647	19.945007	-123.12294	-193.80003	-177.1209	7.3283076	-164.12189	-189.52086	110.0	110.0	13199	-63.87294	7.413105	-46.52241	-89.59817	63.52966	0.3440162	74.0420172214508
9	-162.2352	26.046871	-86.5715	-193.60419	-155.83029	25.66943	-105.187675	-185.60857	110.0	110.0	14849	-71.00694	7.408258	-54.555138	-95.77185	70.66949	0.3755053	82.17765688896179
10	-148.07231	16.216816	-118.13376	-171.69162	-141.85022	20.540546	-114.68208	-179.2255	110.0	110.0	16499	-77.69138	7.3743124	-61.542797	-102.12839	77.34086	0.41757205	91.92362356185913
11	-125.53556	22.725245	-92.19563	-182.10127	-145.30203	26.44509	-93.66325	-172.38136	110.0	110.0	18149	-83.69522	7.347151	-68.35677	-107.59695	83.32192	0.39853683	103.24269819259644
12	-144.9729	22.4077	-107.90496	-182.18019	-138.76059	11.557811	-110.590866	-154.63866	110.0	110.0	19799	-88.953125	7.233746	-73.321785	-110.91575	88.58188	0.3982975	115.81667757034302
13	-138.98389	20.649075	-111.3824	-182.29951	-146.73448	16.989094	-119.36122	-171.97984	110.0	110.0	21449	-94.05014	7.237061	-77.78663	-115.98074	93.67513	0.4182503	126.89884090423584
14	-128.85909	23.196913	-96.07413	-179.10141	-133.92375	21.595781	-104.21469	-166.03647	110.0	110.0	23099	-98.5026	7.208634	-81.75545	-121.36027	98.09917	0.45986512	138.5634524822235
15	-133.36443	20.541937	-92.03018	-171.93498	-144.53566	16.874262	-114.99201	-171.62999	110.0	110.0	24749	-102.32846	7.2551746	-85.55892	-124.06821	101.89474	0.4708158	149.8348948955536
16	-124.75989	25.13691	-72.02432	-155.58792	-145.46938	18.263237	-110.569016	-173.51242	110.0	110.0	26399	-105.70846	7.24607	-88.40367	-128.244	105.25152	0.48337483	159.70123839378357
17	-116.74162	20.714275	-68.53353	-145.03258	-123.33108	34.398327	-42.88998	-166.86826	110.0	110.0	28049	-108.72634	7.306307	-91.000015	-132.42091	108.28686	0.44486812	171.23571610450745
18	-127.16136	21.13498	-66.956535	-170.74373	-131.8334	22.755947	-111.65942	-185.3095	110.0	110.0	29699	-111.69291	7.4933567	-93.310745	-136.30437	111.277275	0.42799416	181.50121974945068
19	-129.74974	29.23247	-47.81948	-161.74455	-130.86159	21.456474	-89.637825	-164.09776	110.0	110.0	31349	-114.42216	7.7178745	-95.924904	-141.23228	113.99269	0.42345732	191.9222800731659
20	-124.95266	22.906685	-77.59999	-159.31636	-120.66368	26.857971	-89.75855	-166.82663	110.0	110.0	32999	-116.7288	8.168225	-97.233025	-146.76704	116.28107	0.43012205	201.84799647331238
21	-115.633	27.09479	-78.474304	-163.73454	-131.90091	17.616613	-98.646935	-153.19627	110.0	110.0	34649	-118.83449	8.551946	-97.67561	-150.55157	118.38895	0.42911533	215.14859914779663
22	-125.220314	27.341639	-68.59149	-175.73235	-119.809814	31.183361	-61.252216	-182.78656	110.0	110.0	36299	-120.82385	9.019229	-97.92527	-154.01286	120.36534	0.42707485	225.63944578170776
23	-112.641014	21.833956	-72.699554	-142.5771	-121.61925	33.63917	-43.705067	-170.0991	110.0	110.0	37949	-122.32612	9.458163	-97.80184	-156.31813	121.87001	0.4383772	238.00502967834473
24	-117.38718	25.524874	-67.91288	-168.54155	-105.263504	24.525831	-52.01113	-134.76785	110.0	110.0	39599	-123.836105	9.879304	-97.97819	-159.21788	123.37334	0.42917594	249.5700809955597
25	-115.82002	16.870926	-69.89065	-140.46782	-116.31223	32.103367	-67.414604	-164.38493	110.0	110.0	41249	-125.08104	10.28154	-97.69013	-162.80124	124.62716	0.4166682	260.1049864292145
26	-116.065956	19.884644	-86.06424	-171.50804	-105.245445	18.544231	-71.743805	-144.3709	110.0	110.0	42899	-126.147385	10.608575	-98.39093	-163.95085	125.70017	0.42099112	270.26872181892395
27	-113.1113	23.87023	-54.943825	-153.85278	-104.314674	23.876322	-53.839367	-136.70122	110.0	110.0	44549	-127.398834	10.942046	-99.08488	-166.05795	126.94343	0.40773037	281.0814085006714
28	-105.84658	34.916664	-58.056553	-173.51985	-114.95451	37.57381	-47.98657	-171.19856	110.0	110.0	46199	-128.31058	11.345465	-99.18861	-168.95201	127.86343	0.41285023	290.9410789012909
29	-101.29079	19.546965	-59.836697	-136.5899	-104.52936	21.966076	-63.77575	-134.98224	110.0	110.0	47849	-129.03369	11.779313	-98.09707	-170.80467	128.57108	0.4093824	300.44798493385315
30	-97.329445	15.04407	-70.66992	-130.54527	-87.90076	31.870125	-28.198334	-151.24515	110.0	110.0	49499	-129.63953	12.043344	-97.5497	-172.4969	129.17253	0.40588012	310.5078339576721
31	-99.88924	26.626535	-54.350407	-148.44073	-112.53081	27.669645	-81.58193	-181.22615	110.0	110.0	51149	-130.2344	12.124211	-97.63509	-173.39706	129.76149	0.43286383	320.9927451610565
32	-104.09614	18.398653	-74.05904	-137.89796	-83.687256	22.90459	-60.246	-135.69188	110.0	110.0	52799	-130.61278	12.175907	-97.43028	-174.6352	130.1492	0.41752106	331.15699577331543
33	-94.90165	19.546133	-63.79748	-140.47127	-78.05934	19.72011	-50.6459	-107.89326	110.0	110.0	54449	-131.05595	12.141517	-98.14333	-174.11206	130.60287	0.39794084	341.9538788795471
34	-90.06792	25.461458	-52.04651	-136.69557	-61.223045	17.73869	-24.129766	-81.92774	110.0	110.0	56099	-131.27852	12.29709	-98.012825	-175.4513	130.82538	0.39472237	352.5503535270691
35	-81.91844	21.15902	-39.111015	-118.93206	-85.9449	11.999225	-69.42793	-99.831184	110.0	110.0	57749	-131.2284	12.520839	-97.404655	-176.9382	130.74428	0.4049056	363.6151993274689
36	-78.031525	20.488262	-33.520557	-113.16858	-76.10059	17.406872	-53.8555	-105.45908	110.0	110.0	59399	-131.02795	12.637753	-96.93761	-177.91125	130.53963	0.39713594	373.4910159111023
37	-67.61088	14.413969	-44.81954	-91.275055	-61.71054	23.783424	-24.996513	-112.36534	110.0	110.0	61049	-130.76784	12.694891	-96.360855	-178.55362	130.26921	0.39484918	383.6550257205963
38	-78.024536	19.048855	-53.70885	-129.48892	-50.877514	14.121864	-31.486446	-64.540016	110.0	110.0	62699	-130.23407	12.666462	-95.83137	-179.67433	129.7348	0.4102119	394.1635994911194
39	-66.51766	13.113065	-45.469173	-91.43449	-73.286514	23.9389	-33.18576	-121.70643	110.0	110.0	64349	-129.65973	12.7681	-95.26287	-179.7022	129.15697	0.39117476	405.48673820495605
40	-54.21116	8.811309	-40.36238	-73.42754	-54.39618	18.893702	-24.406847	-87.34134	110.0	110.0	65999	-128.96182	12.848764	-94.81782	-179.96117	128.45364	0.41474235	416.3068337440491
41	-61.59914	18.975296	-41.408596	-106.834816	-50.80042	17.664968	-27.306477	-78.2548	110.0	110.0	67649	-127.94006	12.97133	-94.17909	-178.23141	127.42593	0.40313342	426.5831685066223
42	-64.25758	12.090211	-49.19094	-90.93864	-72.20253	11.892223	-48.136417	-86.38743	110.0	110.0	69299	-127.054985	13.0661545	-92.815674	-178.7634	126.54732	0.3997338	436.72030425071716
43	-62.22823	13.023376	-43.10329	-87.047714	-60.293922	16.691868	-36.60875	-101.33166	110.0	110.0	70949	-126.08787	13.366369	-91.36427	-176.31833	125.57983	0.41534927	447.24648356437683
44	-63.659122	19.344978	-29.913662	-107.71101	-44.709488	16.56127	-12.367091	-71.129005	110.0	110.0	72599	-125.075066	13.505315	-89.667915	-175.36484	124.551796	0.39629602	457.5674524307251
45	-62.41006	19.868647	-26.902868	-104.18062	-54.660797	9.22068	-38.135307	-71.95005	110.0	110.0	74249	-123.7662	13.567883	-88.241585	-178.82492	123.24411	0.42061582	467.62596464157104
46	-58.310226	16.881752	-30.107613	-91.07848	-51.89685	12.653988	-23.498564	-69.03781	110.0	110.0	75899	-122.30012	13.473948	-87.53076	-176.75063	121.77172	0.42976475	478.56370210647583
47	-49.42566	13.2102	-27.978273	-75.55313	-52.655663	19.890125	-29.14122	-91.44647	110.0	110.0	77549	-120.9462	13.312104	-86.39543	-175.25804	120.40387	0.39675462	488.3615539073944
48	-51.811905	18.949177	-14.071242	-86.33052	-48.849796	15.163773	-30.45328	-79.27148	110.0	110.0	79199	-119.35576	13.243825	-85.37713	-173.39203	118.8004	0.40030977	498.5435314178467
49	-50.60012	14.851448	-24.416994	-78.05994	-56.24486	18.394167	-34.501686	-85.359505	110.0	110.0	80849	-117.72789	12.981946	-84.00639	-169.9133	117.17619	0.4081841	509.5583555698395
50	-44.394943	12.201643	-16.888723	-65.29207	-46.37802	8.678029	-37.883926	-67.99741	110.0	110.0	82499	-116.141685	12.775782	-83.28822	-168.0003	115.60297	0.40618503	519.5467929840088
51	-50.91075	14.7587	-25.753439	-84.567375	-35.992622	9.325419	-13.086921	-45.810776	110.0	110.0	84149	-114.48561	12.548693	-82.52489	-167.25092	113.94426	0.37533173	530.4402720928192
52	-42.811527	17.12137	-18.291716	-86.581184	-46.29308	13.157188	-30.238897	-75.77424	110.0	110.0	85799	-112.96809	12.461086	-81.5338	-171.05879	112.41564	0.40276635	541.7101655006409
53	-42.881508	11.882895	-21.820093	-67.044426	-42.721466	14.745007	-15.298161	-61.530735	110.0	110.0	87449	-111.17182	12.462886	-79.90062	-169.32092	110.619545	0.39952895	552.1330914497375
54	-41.91413	9.955729	-27.36684	-66.10681	-42.45932	9.5153885	-25.882196	-57.228752	110.0	110.0	89099	-109.47812	12.240888	-79.11414	-166.91476	108.93511	0.39681175	561.9523177146912
55	-34.29285	10.7100935	-17.405083	-53.29542	-41.296925	10.377398	-26.57082	-60.592754	110.0	110.0	90749	-107.81115	12.266079	-78.087555	-165.58261	107.283485	0.3820966	572.0442223548889
56	-36.52421	10.755982	-23.83723	-64.39822	-40.79737	10.235002	-16.241411	-52.61574	110.0	110.0	92399	-106.04749	12.171333	-75.19167	-160.90909	105.5022	0.38778454	582.7630159854889
57	-35.06793	9.738821	-16.486015	-56.530483	-47.60012	35.669247	-19.68867	-152.20554	110.0	110.0	94049	-104.1697	12.049079	-73.85657	-159.02293	103.61466	0.37713128	593.0595495700836
58	-38.037106	9.900351	-19.809	-58.95207	-35.552452	6.647636	-25.303465	-44.997334	110.0	110.0	95699	-102.32696	11.960313	-72.38056	-155.3977	101.78086	0.37453598	603.5638289451599
59	-39.183884	8.533417	-26.31405	-57.52331	-29.436361	8.688455	-13.130201	-41.61943	110.0	110.0	97349	-100.54047	11.823703	-71.73529	-153.18774	99.99823	0.3619685	613.5554256439209
60	-33.076088	10.482313	-15.905205	-60.044262	-31.102077	8.512554	-11.151319	-40.80437	110.0	110.0	98999	-98.6271	11.665084	-70.75591	-150.72183	98.07533	0.37493095	623.1983296871185
61	-33.591263	10.086187	-18.336586	-54.95936	-31.895168	5.470119	-24.267057	-39.816483	110.0	110.0	100649	-96.76051	11.440973	-70.1066	-148.88205	96.21926	0.35188803	633.1167190074921
62	-36.288338	8.371608	-19.592035	-54.4963	-32.683342	7.6026077	-19.603083	-42.275993	110.0	110.0	102299	-94.97029	11.283409	-69.070854	-147.49721	94.43529	0.36679125	643.1532254219055
63	-37.551785	15.387011	-23.403568	-88.933975	-31.053778	7.4594545	-16.671698	-40.05826	110.0	110.0	103949	-93.24363	11.179084	-68.4	-143.53888	92.71385	0.36158916	652.7504382133484
64	-32.609406	8.20562	-18.58146	-49.342426	-29.00774	6.3935447	-17.791174	-37.683533	110.0	110.0	105599	-91.508194	11.119548	-67.274605	-141.63629	90.978874	0.35504076	661.641842842102
65	-32.282063	9.613714	-19.369871	-54.52963	-35.98838	8.146521	-22.362455	-46.919697	110.0	110.0	107249	-89.69085	10.943473	-66.37218	-140.27373	89.17297	0.34616628	670.2388806343079
66	-30.686623	8.4072075	-18.942577	-49.681175	-31.591587	11.313998	-9.144505	-51.012768	110.0	110.0	108899	-88.05069	10.841372	-65.40383	-138.94775	87.540726	0.3387125	678.7841763496399
67	-32.805744	18.361917	-22.284248	-98.9521	-31.927658	10.58638	-14.19974	-47.98624	110.0	110.0	110549	-86.48221	10.735763	-64.341	-135.56981	85.970924	0.34843847	687.1620829105377
68	-30.242718	6.6798944	-16.98778	-40.39301	-30.150583	5.6632624	-18.52016	-38.981586	110.0	110.0	112199	-84.950455	10.684331	-63.138428	-135.12668	84.4485	0.3363924	695.5144946575165
69	-28.938042	6.366011	-17.375353	-38.76704	-31.792246	6.684251	-18.150267	-39.265003	110.0	110.0	113849	-83.330055	10.61229	-61.875263	-133.46112	82.829056	0.33518717	703.7007856369019
70	-28.7017	5.7974796	-17.375416	-38.746254	-33.9439	3.6011512	-29.123268	-41.18861	110.0	110.0	115499	-81.75243	10.596598	-60.863415	-131.62485	81.23776	0.361366	712.7894806861877
71	-31.7916	5.7185984	-25.700775	-50.83378	-25.024529	4.616773	-14.025129	-32.6742	110.0	110.0	117149	-80.10922	10.537108	-59.812695	-129.14822	79.608444	0.32015225	721.886724948883
72	-32.506638	6.9280252	-21.319862	-48.429226	-29.463108	5.2217774	-23.42704	-38.80406	110.0	110.0	118799	-78.715675	10.469901	-58.492054	-128.39224	78.24018	0.33411762	731.4898691177368
73	-32.053036	8.650299	-14.434411	-49.17794	-34.720295	7.0876894	-27.581095	-51.265182	110.0	110.0	120449	-77.41501	10.429906	-57.355537	-127.07384	76.92047	0.33361927	741.8883945941925
74	-29.90298	7.10887	-16.405823	-41.210415	-29.587952	6.4480104	-13.959837	-39.0316	110.0	110.0	122099	-75.88514	10.3258505	-56.438824	-125.358444	75.40894	0.33635628	752.2221028804779
75	-30.809273	6.1225038	-18.718477	-41.230576	-27.449478	5.7277994	-18.065863	-35.584534	110.0	110.0	123749	-74.55351	10.216558	-54.979774	-125.17631	74.1007	0.32209295	762.1934003829956
76	-34.266735	16.23015	-20.72339	-92.17581	-30.96849	7.4856734	-18.585163	-40.15031	110.0	110.0	125399	-73.38312	10.18936	-54.302803	-123.58971	72.92155	0.33393362	772.8415894508362
77	-27.956057	7.9624577	-13.453641	-46.07927	-30.390228	6.2527843	-21.02777	-41.438194	110.0	110.0	127049	-72.15346	10.171368	-53.723568	-122.70596	71.70388	0.32769343	783.5840427875519
78	-29.223467	6.1779604	-16.477104	-40.75601	-28.327082	6.337514	-19.090033	-38.584576	110.0	110.0	128699	-70.96537	10.137032	-52.972195	-120.91177	70.50947	0.33725408	795.1402940750122
79	-27.237627	6.843406	-14.860275	-38.10644	-28.049206	5.727422	-17.257694	-37.343925	110.0	110.0	130349	-69.72991	9.979677	-52.008686	-119.47999	69.29527	0.348897	805.3911848068237
80	-32.85612	7.107739	-17.871992	-42.28548	-27.308645	4.245945	-22.709347	-35.593674	110.0	110.0	131999	-68.75851	9.973598	-51.294987	-119.68055	68.34147	0.328502	815.7764236927032
81	-31.351774	7.7009115	-17.975554	-51.765335	-33.406616	8.564008	-18.631441	-49.82767	110.0	110.0	133649	-67.73931	9.864045	-50.493156	-119.50857	67.307465	0.32691857	825.6602201461792
82	-30.228228	9.3215885	-8.439905	-49.18259	-26.269003	5.585153	-18.557543	-36.782864	110.0	110.0	135299	-66.55768	9.799712	-49.90495	-117.46608	66.12287	0.32158294	835.9061214923859
83	-29.879925	5.087504	-21.892342	-37.642315	-33.803177	6.7356505	-24.167747	-43.98255	110.0	110.0	136949	-65.48528	9.840409	-48.905125	-117.35836	65.061935	0.33792657	846.4521157741547
84	-29.805672	9.372974	-16.481956	-47.42156	-26.748123	3.8289447	-21.102415	-31.456486	110.0	110.0	138599	-64.42275	9.74625	-47.98209	-115.94921	64.01091	0.32363203	855.8298046588898
85	-30.161818	7.337472	-16.939774	-45.173775	-30.7574	8.730024	-16.79953	-42.333614	110.0	110.0	140249	-63.447224	9.623518	-46.96025	-117.0827	63.025673	0.32471257	863.9571242332458
86	-28.690254	4.87297	-21.507776	-38.075943	-28.734818	8.550357	-13.9007	-45.487938	110.0	110.0	141899	-62.320988	9.565982	-46.139893	-114.24283	61.895184	0.3199511	872.258462190628
87	-30.069857	6.1989317	-16.096401	-38.41983	-28.224121	4.298486	-19.946991	-32.98811	110.0	110.0	143549	-61.264896	9.494973	-44.88893	-111.40125	60.837234	0.29885957	880.3694128990173
88	-35.22762	20.171255	-18.034657	-100.09952	-34.02292	5.347291	-23.279648	-43.038143	110.0	110.0	145199	-60.177933	9.43378	-44.581264	-110.334526	59.756912	0.30700493	888.51220536232
89	-32.588604	7.4558764	-19.705791	-45.83485	-34.970345	30.658497	-9.991537	-124.38238	110.0	110.0	146849	-59.145332	9.350658	-43.07829	-108.87446	58.726284	0.30643824	896.6645181179047
90	-26.387215	5.948356	-16.019554	-39.09735	-25.988419	7.0943413	-12.008056	-36.20942	110.0	110.0	148499	-58.170982	9.239588	-42.64193	-108.41461	57.75769	0.30525926	904.8024046421051
91	-28.150682	4.9607906	-17.26562	-37.13114	-29.389133	6.592127	-20.918036	-43.336952	110.0	110.0	150149	-57.27695	9.145344	-41.83077	-105.961174	56.87648	0.3017009	912.9670810699463
92	-28.270863	6.205902	-16.238993	-41.481205	-31.428104	10.214068	-18.43606	-55.07071	110.0	110.0	151799	-56.452564	9.116914	-40.999046	-105.507	56.046635	0.30188197	921.0291633605957
93	-27.050152	8.377187	-16.313421	-53.45642	-23.313025	5.969337	-11.836339	-33.277622	110.0	110.0	153449	-55.505623	9.080365	-40.069565	-104.64773	55.09942	0.30432412	929.0726571083069
94	-29.547062	8.603591	-18.260645	-47.662827	-33.72545	5.686934	-21.953295	-42.042778	110.0	110.0	155099	-54.627563	9.0295	-39.114998	-103.225365	54.23569	0.30412054	937.4052667617798
95	-24.097567	7.0491543	-8.845016	-43.911903	-30.633484	12.185297	-11.578369	-62.090267	110.0	110.0	156749	-53.77726	9.0278635	-38.32705	-101.85526	53.385227	0.3058341	946.3114175796509
96	-24.840868	6.4707475	-16.478622	-37.214905	-26.17214	5.9028044	-16.669485	-35.54754	110.0	110.0	158399	-52.900787	9.016307	-37.535755	-99.61968	52.515606	0.3019517	954.8434426784515
97	-28.227686	5.796539	-21.911938	-41.66577	-36.25335	8.520427	-21.472977	-46.294224	110.0	110.0	160049	-52.114697	9.008401	-36.71433	-100.35354	51.723854	0.30216008	963.885048866272
98	-29.06564	6.2326403	-22.44741	-45.847046	-31.83337	7.2410555	-21.617107	-43.107437	110.0	110.0	161699	-51.246983	9.02236	-35.81541	-99.450264	50.85392	0.32654592	974.1000070571899
99	-28.387083	6.07553	-13.863833	-37.126026	-50.245586	33.967537	-17.202648	-111.79954	110.0	110.0	163349	-50.35984	8.996599	-34.689735	-98.89116	49.98198	0.29170817	983.9479410648346
100	-32.418854	15.672608	-16.602665	-83.086754	-28.509817	9.186948	-15.561551	-42.980244	110.0	110.0	164999	-49.786022	9.02013	-33.98349	-97.75513	49.421894	0.27822506	994.1416018009186
