Epoch	AverageEpRet	StdEpRet	MaxEpRet	MinEpRet	AverageTestEpRet	StdTestEpRet	MaxTestEpRet	MinTestEpRet	EpLen	TestEpLen	TotalEnvInteracts	AverageQVals	StdQVals	MaxQVals	MinQVals	LossPi	LossQ	Time
1	-7478.1475	1524.1313	-3820.007	-9623.587	-6583.0234	1527.4235	-4168.696	-8864.396	110.0	110.0	1649	-118.72135	64.606804	0.23859312	-340.50912	115.89347	1200.4012	5.413642644882202
2	-7376.506	2184.6865	-3925.6519	-11353.379	-3472.2695	1994.5356	-750.81476	-7093.723	110.0	110.0	3299	-437.32242	179.45308	-77.40809	-1279.1218	431.21692	1109.7169	14.2344970703125
3	-7413.3223	2801.7937	-4167.767	-12311.638	-3870.933	2163.593	-140.32693	-7311.959	110.0	110.0	4949	-878.0132	245.30788	-271.485	-1792.7969	866.07086	2591.215	22.970378160476685
4	-5955.3853	2513.0366	-1114.4591	-10965.669	-1529.6818	1623.8292	-104.613396	-6091.4224	110.0	110.0	6599	-1263.2052	299.81763	-449.6347	-2277.853	1246.7948	3552.6382	31.88963747024536
5	-7278.9634	2266.2122	-2096.2395	-11365.96	-2667.6304	2258.481	-143.71136	-7622.708	110.0	110.0	8249	-1555.3379	341.52188	-607.0593	-2715.0217	1529.8665	4101.7783	40.758458614349365
6	-6841.8	2464.0386	-3275.384	-13969.872	-2062.8953	1311.1768	-1025.5587	-5769.4966	110.0	110.0	9899	-1754.3527	393.6202	-723.6048	-3137.5244	1720.0278	4388.7666	49.73279404640198
7	-2740.6267	1510.5428	-1100.7479	-6149.975	-2019.8099	2072.2566	-321.40353	-7701.883	110.0	110.0	11549	-1861.018	459.45996	-787.3234	-3431.0234	1822.81	4487.117	59.16295027732849
8	-2469.326	1655.2748	-156.80354	-5648.2227	-1696.5212	1356.0142	-485.707	-5351.808	110.0	110.0	13199	-1919.3406	527.9696	-792.6669	-3807.869	1881.8732	4222.2505	68.345694065094
9	-2414.0554	2056.7673	-397.96323	-9179.081	-1831.3469	1287.0687	-338.45065	-4336.391	110.0	110.0	14849	-1948.1318	583.9932	-792.1917	-4176.458	1912.5715	4046.392	77.6721727848053
10	-1358.5044	790.11224	-57.014668	-2690.1575	-1659.9125	1000.33344	-381.8309	-3717.778	110.0	110.0	16499	-1961.5197	642.0244	-799.18365	-4577.778	1928.0063	3868.2979	86.86758828163147
11	-2013.6149	1679.8457	-484.26495	-7538.61	-1778.5579	1767.0057	-82.06451	-6556.5435	110.0	110.0	18149	-1973.9886	694.36444	-786.10333	-4955.6157	1942.0012	3689.078	96.00312280654907
12	-1704.8961	1599.0829	-286.02017	-7066.796	-1518.8289	606.313	-329.7723	-2141.5767	110.0	110.0	19799	-1984.224	746.2757	-738.7689	-5346.3594	1953.3763	3620.1453	105.0976812839508
13	-1939.736	1290.5331	-214.44878	-4472.6	-1292.2175	958.5066	-147.19968	-2677.215	110.0	110.0	21449	-1962.3936	775.3764	-708.8507	-5710.217	1932.6996	3499.975	114.23667573928833
14	-2234.9763	1832.2347	-126.66393	-6941.934	-2427.8806	1829.2068	-328.1726	-5397.874	110.0	110.0	23099	-1953.6747	804.97	-668.2444	-6068.7935	1924.2406	3488.5173	123.54323983192444
15	-1192.9564	680.476	-125.617905	-2383.2876	-2262.8198	1497.0571	-286.2024	-4538.2114	110.0	110.0	24749	-1939.6083	823.5651	-623.91754	-6401.1377	1911.6182	3439.2266	132.95055150985718
16	-1816.8331	1110.6766	-563.0753	-4862.702	-1956.168	1397.115	-375.54227	-4054.3184	110.0	110.0	26399	-1918.8129	832.2644	-564.90704	-6605.938	1891.2595	3374.4688	142.47643089294434
17	-2208.0557	1698.4352	-57.0903	-5847.967	-1982.1653	1191.2092	-111.409775	-3969.395	110.0	110.0	28049	-1897.8236	845.27026	-508.04355	-6848.2466	1871.6572	3352.367	151.69501614570618
18	-2032.6392	1438.8383	-163.56718	-4070.6196	-1789.8265	1161.1727	-448.87744	-4293.0327	110.0	110.0	29699	-1867.9729	860.9576	-469.06952	-6983.027	1842.2928	3284.6895	160.95607948303223
19	-1601.6456	1536.3746	-254.51141	-6413.6934	-2447.7769	2012.2356	-454.0246	-6995.355	110.0	110.0	31349	-1842.0007	874.2811	-420.79886	-7265.865	1817.5925	3245.3591	170.06861686706543
20	-2325.2896	1611.5262	-287.58133	-6132.3594	-2286.5317	1629.2067	-317.88623	-5294.1895	110.0	110.0	32999	-1815.7263	892.6528	-391.22357	-7356.7134	1791.7517	3262.068	179.35645246505737
21	-2756.0298	2178.656	-89.1535	-6940.667	-1895.3981	1334.5707	-325.94266	-4164.5957	110.0	110.0	34649	-1806.8903	918.1819	-347.93088	-7658.3896	1782.733	3243.425	188.53967428207397
22	-2070.0537	1330.6173	-272.07062	-5492.96	-1971.2227	1389.5415	-766.5542	-5109.326	110.0	110.0	36299	-1779.9845	932.55005	-330.837	-7780.881	1756.2242	3237.4338	197.75443077087402
23	-2592.9058	1801.2145	-298.4027	-6818.067	-2431.9893	1548.302	-537.7804	-5770.55	110.0	110.0	37949	-1773.9722	953.1584	-250.0105	-7900.5083	1750.6571	3243.6633	206.95670676231384
24	-1802.0841	1678.4369	-282.28058	-6145.989	-2006.3699	1581.3356	-211.02626	-5208.5415	110.0	110.0	39599	-1774.5773	984.64734	-227.662	-8041.6177	1751.577	3204.898	216.22854733467102
25	-3054.7686	1943.8907	-773.1863	-7313.7827	-2525.3823	1585.5729	-662.98914	-5863.6416	110.0	110.0	41249	-1759.9436	1008.68286	-180.96356	-8125.8105	1736.7375	3263.4158	226.0061161518097
26	-1239.3092	957.94653	-132.56342	-2912.1113	-1224.9357	563.9039	-386.8759	-2461.7117	110.0	110.0	42899	-1735.2477	1031.016	-163.48169	-8139.6504	1711.9133	3264.6938	235.3051037788391
27	-2139.7551	1237.5194	-242.69939	-4344.8203	-2916.2231	1326.9147	-413.93253	-5148.7607	110.0	110.0	44549	-1718.0594	1070.6879	-136.83473	-8364.497	1694.9832	3260.2734	244.52763986587524
28	-1930.226	1435.5885	-252.52652	-5802.8843	-1828.1498	1608.5914	-162.14574	-5978.263	110.0	110.0	46199	-1699.2947	1092.57	-73.59059	-8549.031	1675.2037	3358.837	253.85371446609497
29	-1653.1322	1567.915	-201.84973	-5525.9062	-1523.159	1328.5944	-183.38792	-4277.5635	110.0	110.0	47849	-1664.5745	1115.8789	-36.802612	-8699.685	1640.1979	3391.138	263.1048128604889
30	-1620.4115	1041.1626	-207.51508	-3979.625	-1542.753	1387.5591	-54.038532	-5328.651	110.0	110.0	49499	-1636.0912	1122.9086	16.214197	-8817.938	1611.9397	3306.3618	272.3153622150421
31	-2158.3457	1064.4688	-172.44395	-3439.5405	-1054.9225	550.30896	-365.35394	-2402.1619	110.0	110.0	51149	-1599.2789	1137.8331	62.92193	-8986.762	1574.85	3318.9167	281.44333124160767
32	-1123.2	608.08765	-319.15924	-2188.9692	-1256.7327	897.213	-102.801346	-3354.233	110.0	110.0	52799	-1567.1644	1148.8992	131.66661	-9296.351	1542.5903	3311.0442	290.60769152641296
33	-1456.2047	1035.6482	-152.51613	-4334.694	-716.31976	322.1748	-113.93745	-1154.7041	110.0	110.0	54449	-1519.0978	1154.2739	189.34444	-9430.201	1494.6646	3214.7146	299.85263228416443
34	-1182.4219	568.6634	-433.1228	-2255.7554	-1240.4436	740.2004	-349.36426	-2992.7961	110.0	110.0	56099	-1482.2826	1162.0206	243.31088	-9477.771	1456.3328	3269.2437	309.0822846889496
35	-1156.1859	823.4516	-79.84991	-2893.005	-1196.1582	1043.3789	-213.96584	-3812.2961	110.0	110.0	57749	-1436.8976	1178.2006	298.6639	-9804.722	1411.0822	3187.0745	318.23032236099243
36	-1137.1584	729.2482	-143.59344	-2602.734	-1535.1719	1110.9066	-539.6163	-3938.5837	110.0	110.0	59399	-1381.4362	1183.9493	369.86832	-10037.513	1354.7645	3195.6533	327.44265365600586
37	-1658.0922	1757.8226	-143.42024	-5741.094	-2027.9678	1190.5676	-308.34647	-3766.1978	110.0	110.0	61049	-1311.563	1180.4972	427.6175	-10061.677	1284.8007	3148.6357	336.724604845047
38	-1760.7366	1805.539	-372.60648	-6320.7188	-1525.6108	804.5363	-256.79544	-2920.4238	110.0	110.0	62699	-1250.3456	1203.2671	492.6325	-10136.73	1223.2544	3182.8403	345.9736838340759
39	-1052.2965	1174.4661	-182.1723	-4947.8755	-1756.5354	1017.1611	-447.68637	-3813.2332	110.0	110.0	64349	-1177.515	1197.3911	550.78766	-10172.095	1150.2799	3155.0806	355.3163332939148
40	-1258.7524	952.0484	-252.95146	-3785.483	-1210.5128	1145.9597	-150.77148	-3736.7612	110.0	110.0	65999	-1122.6727	1212.7184	625.6905	-10334.71	1094.7947	3165.8623	364.61390924453735
41	-1278.6042	886.8521	-90.872826	-3794.4404	-1229.446	725.2547	-246.38176	-2700.9211	110.0	110.0	67649	-1046.7274	1212.2106	718.6162	-10320.956	1019.0468	3110.6545	374.0549306869507
42	-1160.8958	779.4445	-183.57959	-2962.7615	-1254.7081	986.1239	-235.25667	-3452.2698	110.0	110.0	69299	-978.81116	1208.5127	797.10834	-10429.819	950.49243	3025.6423	383.32879090309143
43	-811.18335	409.65103	-263.86194	-1398.9069	-1241.0396	632.20386	-530.913	-2352.3945	110.0	110.0	70949	-916.14014	1218.7224	882.4576	-10351.241	887.16656	3022.011	392.6515426635742
44	-1417.2814	1249.5461	-49.65433	-4449.681	-924.65497	526.70374	-103.10194	-1756.4637	110.0	110.0	72599	-840.3455	1212.6322	945.8077	-10333.032	812.395	2998.7874	401.9777753353119
45	-1327.1808	928.9929	-151.33893	-3447.5696	-959.38477	604.1461	-287.99017	-2009.7852	110.0	110.0	74249	-775.49646	1210.3903	1022.54803	-10425.187	746.352	3077.2605	411.18836665153503
46	-890.75867	710.5211	-72.895546	-2937.7192	-1657.8018	1078.2181	-68.34014	-3521.9333	110.0	110.0	75899	-703.0527	1222.3237	1093.8641	-10546.617	673.4553	2982.2097	420.5462713241577
47	-1161.4592	754.02814	-307.00977	-2947.4905	-1463.8447	1743.301	-154.8646	-6238.87	110.0	110.0	77549	-613.3476	1215.8009	1172.815	-10671.426	583.60565	2951.7158	429.84993147850037
48	-1344.9592	830.7497	-267.08746	-3049.7844	-965.1566	707.36346	-52.69312	-2164.2935	110.0	110.0	79199	-537.54926	1217.9426	1263.3121	-10732.934	507.74774	2925.058	439.21779680252075
49	-1243.976	806.01245	-364.51	-3448.2952	-1224.8684	576.9444	-651.1459	-2441.042	110.0	110.0	80849	-468.42236	1220.1412	1355.4747	-10898.198	438.80637	2961.7576	449.04275941848755
50	-955.7723	486.96674	-251.54588	-2160.6243	-1468.2672	979.4906	-670.835	-4257.52	110.0	110.0	82499	-387.05032	1213.8789	1437.6066	-11092.526	358.0444	2890.7422	458.4876501560211
51	-719.18945	439.91528	-193.57895	-1999.6478	-924.1258	569.4778	-331.05234	-2345.4746	110.0	110.0	84149	-319.64392	1219.5748	1509.3147	-10928.51	290.346	2892.3218	467.96243953704834
52	-1050.2225	541.5832	-186.61508	-1826.6029	-849.7084	634.394	-173.7443	-2441.4219	110.0	110.0	85799	-242.95636	1214.6487	1575.0752	-11138.381	213.25987	2881.1575	477.36182928085327
53	-1424.4838	1385.025	-232.70088	-4672.807	-802.0648	312.38324	-331.64957	-1259.28	110.0	110.0	87449	-174.42862	1210.499	1627.2645	-11211.566	145.10243	2841.5864	486.7657208442688
54	-1879.114	1107.029	-440.1619	-4843.205	-1209.135	1013.6629	-158.20215	-3223.076	110.0	110.0	89099	-102.268364	1191.8488	1689.3866	-11273.2705	73.29632	2802.229	496.22520208358765
55	-1289.8976	1067.3042	-373.21915	-4610.687	-1622.8574	1566.3944	-386.23016	-5692.9346	110.0	110.0	90749	-48.947323	1194.5034	1775.0562	-11580.588	19.454315	2828.5476	505.678297996521
56	-1116.836	971.93066	-137.12083	-4294.593	-1812.1375	1295.5664	-495.08752	-4426.4033	110.0	110.0	92399	26.4741	1180.111	1823.2123	-11698.063	-55.52379	2788.7888	515.1743142604828
57	-929.0356	859.9873	-227.55995	-3854.6995	-877.0875	468.73462	-105.84952	-1911.2642	110.0	110.0	94049	90.08301	1181.936	1882.7792	-11593.835	-119.48941	2810.3074	524.5636439323425
58	-1451.2319	1440.9915	-159.1928	-5327.8076	-1231.3451	784.44055	-414.82352	-3154.6516	110.0	110.0	95699	156.56544	1175.8008	1922.5927	-11714.39	-186.1889	2768.393	534.4125473499298
59	-1536.3656	1193.2678	-268.7235	-3578.2056	-1174.2079	708.6712	-87.77362	-2566.5913	110.0	110.0	97349	222.15993	1169.1348	1971.5248	-11513.871	-251.60043	2765.3208	544.3832011222839
60	-1290.1635	1166.6898	-203.24771	-4138.214	-1344.816	1251.6573	-268.24487	-4197.284	110.0	110.0	98999	279.77448	1162.0779	2022.6698	-11554.895	-308.54346	2691.006	554.1618084907532
61	-1029.8502	916.1657	-249.53334	-3023.4548	-1061.8253	1149.8783	-103.625206	-3477.7334	110.0	110.0	100649	330.16534	1164.5962	2060.633	-11725.086	-358.67084	2736.3267	563.5241522789001
62	-1221.405	684.54596	-166.86978	-2487.6052	-1625.3837	1050.2397	-695.65436	-4204.521	110.0	110.0	102299	387.0466	1139.6498	2097.7063	-11799.4375	-415.52966	2700.7424	573.0295553207397
63	-1080.9094	470.2826	-166.8935	-2229.11	-1717.3926	1206.7863	-274.56903	-4423.1377	110.0	110.0	103949	433.16025	1136.1635	2140.1614	-11762.467	-461.45535	2736.489	582.5325222015381
64	-1252.9313	740.6465	-259.27634	-2922.819	-1298.0845	766.6484	-543.15796	-3202.4856	110.0	110.0	105599	487.84058	1123.4362	2179.9382	-11539.341	-516.7786	2630.4526	591.9489033222198
65	-1082.1376	1129.6256	-43.727436	-3878.596	-2128.716	1312.4479	-752.9438	-5056.3613	110.0	110.0	107249	544.644	1110.0364	2223.3574	-11472.568	-574.1322	2622.1987	601.48606133461
66	-1237.3478	805.2818	-234.12895	-3322.7766	-1663.8365	1550.9255	-224.84479	-5870.7603	110.0	110.0	108899	596.44055	1101.0502	2253.1636	-11217.284	-625.30194	2654.5442	610.943784236908
67	-1886.7355	1109.8524	-606.8757	-4026.7024	-1832.3444	1372.2361	-290.59753	-4503.289	110.0	110.0	110549	651.6971	1074.1833	2299.6458	-10999.069	-680.8875	2657.7969	620.4489932060242
68	-1286.6682	741.4558	-97.62497	-2666.1448	-1859.4324	1352.6027	-337.17877	-3902.826	110.0	110.0	112199	697.7477	1060.6558	2369.3552	-11062.22	-726.4583	2661.877	629.9541366100311
69	-1505.1523	1296.6825	-362.09915	-5062.323	-1283.4724	1324.9813	-123.84677	-4399.6147	110.0	110.0	113849	738.41724	1064.4648	2454.405	-10997.987	-766.092	2648.7417	639.3952016830444
70	-1140.8594	874.0005	-234.76959	-3321.1523	-964.6169	737.9171	-94.72925	-2849.3728	110.0	110.0	115499	781.14716	1039.0803	2489.6267	-10804.042	-808.8735	2611.908	648.8973624706268
71	-1432.6776	1302.7511	-414.05203	-4711.4175	-1498.7355	1038.5693	-491.8456	-3941.487	110.0	110.0	117149	814.58325	1032.1357	2465.844	-10964.579	-841.8927	2506.7932	658.3592648506165
72	-1330.8829	694.50525	-228.04791	-2736.5361	-1898.6721	1150.4867	-607.64514	-3889.4365	110.0	110.0	118799	839.94385	1021.78766	2528.228	-10672.606	-866.98926	2532.0413	667.8852124214172
73	-1867.0734	1555.9436	-140.28053	-5019.2676	-1248.3617	1197.8433	-116.42959	-3940.0107	110.0	110.0	120449	865.8624	1003.42847	2567.5757	-10610.645	-892.9798	2509.8196	677.3173108100891
74	-1157.1821	813.95087	-112.13991	-2788.9614	-1840.4277	1142.3837	-401.64908	-4420.87	110.0	110.0	122099	886.3164	1001.36145	2583.024	-10578.197	-913.175	2529.4578	687.101172208786
75	-737.82684	641.19293	-67.41705	-2868.4182	-1799.6436	1326.3206	-328.4788	-5012.739	110.0	110.0	123749	918.96387	969.3054	2620.66	-10219.029	-946.1249	2453.1016	696.6277964115143
76	-1413.2125	1639.6426	-185.03331	-5907.096	-929.90155	589.7901	-105.62262	-1901.3115	110.0	110.0	125399	950.43976	956.79535	2609.553	-10001.841	-977.40137	2435.4087	706.0597722530365
77	-1072.7633	732.386	-134.8863	-2842.3972	-1357.169	855.6001	-545.26996	-3497.1558	110.0	110.0	127049	976.2673	952.57794	2652.675	-9958.177	-1003.0272	2367.4448	715.4328458309174
78	-784.208	453.47253	-173.61696	-1697.81	-873.21643	543.6797	-53.143143	-1722.4033	110.0	110.0	128699	1001.85803	941.79736	2655.5947	-9963.289	-1029.3627	2420.1787	724.8496260643005
79	-1365.9941	805.2451	-130.67938	-3322.485	-778.3226	403.55157	-48.255196	-1425.7261	110.0	110.0	130349	1039.0718	945.0516	2680.9153	-10121.541	-1066.8278	2366.232	734.2647287845612
80	-1586.4098	1633.1335	-153.14276	-6620.605	-686.0874	359.65152	-194.02382	-1366.6722	110.0	110.0	131999	1067.8801	936.9257	2681.4011	-10157.047	-1095.1454	2302.2573	743.6795310974121
81	-1600.9867	1711.6373	-199.33406	-7460.166	-1097.1754	858.173	-179.91507	-2811.2473	110.0	110.0	133649	1085.7345	941.38965	2732.5254	-10217.406	-1112.4745	2356.2815	753.6248769760132
82	-1032.0092	744.8925	-360.40347	-3507.152	-742.26324	319.70825	-247.32262	-1248.3705	110.0	110.0	135299	1105.0868	938.44257	2703.7588	-10266.58	-1131.6655	2307.121	763.1385881900787
83	-632.1351	535.19995	-220.70195	-2500.3264	-1047.0029	565.2641	-396.98755	-2405.0566	110.0	110.0	136949	1138.22	930.10016	2774.6526	-10271.254	-1165.5975	2335.8362	772.6862270832062
84	-1290.7977	1076.9915	-192.00458	-4208.677	-803.46716	751.34595	-305.6726	-2872.4495	110.0	110.0	138599	1163.3615	932.58673	2810.7483	-10322.222	-1190.8428	2260.8188	782.1428694725037
85	-1072.8383	719.15204	-211.96516	-2854.9055	-1174.9336	838.2886	-470.74393	-3323.7432	110.0	110.0	140249	1195.5977	942.54877	2870.2703	-10308.887	-1223.4266	2269.6494	791.6117808818817
86	-995.2568	778.45984	-255.44943	-3611.4673	-995.7611	592.04395	-340.7183	-2381.7317	110.0	110.0	141899	1228.962	954.1119	2934.6504	-10333.938	-1257.8925	2336.1519	801.0572361946106
87	-1043.9781	442.0846	-283.44925	-1736.3374	-928.03204	619.5519	-210.62788	-2236.502	110.0	110.0	143549	1273.6871	965.1829	3000.7422	-10394.191	-1302.5426	2303.71	810.4699862003326
88	-731.71655	407.91595	-181.77403	-1846.0892	-1061.9928	543.1595	-264.90005	-1858.3755	110.0	110.0	145199	1312.5328	975.31726	3068.7014	-10434.979	-1341.4706	2347.01	820.0268695354462
89	-821.4646	346.7979	-321.33502	-1706.2424	-699.8258	389.32687	-151.7006	-1706.9955	110.0	110.0	146849	1351.14	982.1922	3072.991	-10344.136	-1379.5994	2331.28	829.384063243866
90	-851.4603	459.5456	-170.33278	-1559.7844	-1018.7001	962.8045	-384.09363	-3677.5051	110.0	110.0	148499	1381.9017	1000.15186	3098.412	-10420.735	-1410.2888	2315.1694	838.8826470375061
91	-785.7651	446.78976	-78.756485	-1522.6462	-1366.7109	981.0785	-211.36365	-3711.4287	110.0	110.0	150149	1406.9434	1011.2343	3115.576	-10340.232	-1435.3374	2329.3972	848.4785306453705
92	-936.99493	555.38824	-187.26852	-2254.8281	-1524.1301	1326.5502	-207.56656	-4314.0576	110.0	110.0	151799	1437.1187	1014.20276	3135.4802	-10321.473	-1464.6262	2313.074	858.2976455688477
93	-1648.5309	1082.337	-585.9974	-5172.844	-1014.1878	1084.1547	-290.75067	-3786.8206	110.0	110.0	153449	1447.1165	1024.9583	3176.169	-10309.161	-1474.2882	2349.2266	868.1962945461273
94	-1047.2906	1237.897	-160.91183	-5027.537	-1151.6357	688.11066	-215.95268	-2661.0095	110.0	110.0	155099	1467.9734	1030.924	3203.7651	-10235.136	-1494.9497	2388.3442	878.0713133811951
95	-1107.0149	563.80585	-188.92375	-2139.06	-1075.9268	615.68884	-180.26624	-2218.9827	110.0	110.0	156749	1478.038	1037.4918	3222.949	-10047.347	-1504.6073	2436.7388	887.5038998126984
96	-901.8125	627.8242	-125.34418	-2463.7532	-1123.6615	585.0692	-352.5564	-2306.7578	110.0	110.0	158399	1490.7307	1050.2385	3249.7305	-9929.073	-1517.9353	2433.0686	897.0267634391785
97	-789.3112	592.12195	-269.91556	-2121.7751	-1372.363	1007.7284	-291.24686	-3638.7327	110.0	110.0	160049	1503.3386	1058.4475	3284.993	-9813.012	-1530.7397	2412.2378	906.4959673881531
98	-818.2685	765.5218	-166.79471	-2992.791	-1278.5245	689.9792	-171.8811	-2587.1948	110.0	110.0	161699	1521.7013	1055.5396	3323.5098	-9921.084	-1548.963	2410.7134	915.9405617713928
99	-985.471	878.1019	-251.53246	-3488.9812	-678.6669	307.77472	-160.04373	-1186.9349	110.0	110.0	163349	1539.4303	1058.504	3343.2026	-9776.728	-1567.1111	2328.5322	925.4799244403839
100	-929.26154	685.9998	-321.1487	-2667.8103	-1111.6543	749.34607	-182.81036	-3047.5493	110.0	110.0	164999	1558.5127	1058.2012	3359.7102	-9988.955	-1585.9032	2320.3867	934.9739408493042
