Epoch	AverageEpRet	StdEpRet	MaxEpRet	MinEpRet	AverageTestEpRet	StdTestEpRet	MaxTestEpRet	MinTestEpRet	EpLen	TestEpLen	TotalEnvInteracts	AverageQVals	StdQVals	MaxQVals	MinQVals	LossPi	LossQ	Time
1	-6595.131	2034.0452	-3408.9646	-11113.8	-7042.0376	2252.535	-3724.3064	-10534.045	110.0	110.0	1649	-102.49121	61.3719	0.2126843	-312.69437	100.02238	1074.7928	5.5839526653289795
2	-6699.0093	2057.1562	-1865.3864	-11004.983	-7138.026	2285.619	-3794.4253	-12145.113	110.0	110.0	3299	-366.2239	162.7543	-40.55563	-1058.7614	358.1028	936.79315	14.583211660385132
3	-7374.3047	2334.2734	-2755.343	-12360.551	-4123.848	4200.6396	-627.3732	-12347.654	110.0	110.0	4949	-713.2588	227.10013	-175.82906	-1634.756	694.8003	1872.3625	23.314768075942993
4	-6078.4897	2303.9312	-3047.0593	-11727.329	-4239.3867	2235.5068	-767.93823	-8615.417	110.0	110.0	6599	-1020.7362	279.10687	-317.0237	-1942.1259	994.42346	3071.2874	32.100162744522095
5	-6992.258	1590.7582	-4527.4146	-9496.129	-5215.163	3122.1848	-1248.8463	-10908.882	110.0	110.0	8249	-1251.0583	317.99478	-494.89542	-2228.0469	1218.726	3911.2437	40.9101345539093
6	-7577.7705	1252.6241	-5562.6562	-9647.147	-4474.455	3128.0713	-1159.2605	-10255.11	110.0	110.0	9899	-1433.8031	346.77835	-588.70325	-2676.1047	1396.5132	4475.2104	49.69195628166199
7	-2718.8618	1783.8472	-583.30457	-6282.954	-2931.967	2231.4822	-189.29912	-8280.207	110.0	110.0	11549	-1556.1691	387.98093	-642.93054	-3004.7937	1516.887	4250.667	58.94533562660217
8	-3022.5747	1763.7045	-1245.176	-7192.45	-1967.5603	1327.2909	-228.51581	-4268.6763	110.0	110.0	13199	-1589.0195	442.98123	-656.6415	-3246.4075	1551.0343	3712.891	68.17425656318665
9	-1950.103	1639.0444	-508.9599	-6500.068	-3169.7947	2188.9692	-1042.2052	-6878.9395	110.0	110.0	14849	-1601.8451	496.37915	-668.7833	-3482.9497	1566.0957	3320.531	77.4474241733551
10	-2594.9578	1643.1969	-441.69357	-5577.6377	-3585.7942	2955.141	-908.12286	-11247.418	110.0	110.0	16499	-1613.6832	545.3374	-646.58307	-3621.083	1580.4562	2930.9595	86.86097478866577
11	-2518.9653	1928.6335	-109.15563	-7238.7124	-2902.7708	2531.3147	-928.8348	-8910.305	110.0	110.0	18149	-1637.5284	577.66187	-624.3461	-3825.132	1606.0067	2685.6611	96.10474109649658
12	-1712.4204	1300.4325	-295.03055	-5038.0044	-4389.58	2583.1128	-107.47735	-7207.861	110.0	110.0	19799	-1654.2124	604.16455	-602.90735	-4015.5408	1624.194	2518.2463	105.36964201927185
13	-1938.3948	1371.1333	-461.8238	-5623.855	-2204.107	1346.9379	-277.90042	-4652.6323	110.0	110.0	21449	-1656.5106	632.38135	-597.42114	-4158.833	1627.9987	2393.528	114.58378148078918
14	-3568.691	2421.6736	-312.77927	-9146.349	-3150.9011	2952.3386	-337.8967	-10946.564	110.0	110.0	23099	-1670.5342	653.5476	-594.13666	-4288.426	1643.0492	2322.2952	123.93773293495178
15	-2913.028	2117.4092	-389.53992	-8227.999	-1491.5579	899.1753	-235.11601	-3437.448	110.0	110.0	24749	-1683.6373	670.4759	-607.67053	-4348.3833	1657.6898	2296.7144	133.23005938529968
16	-2151.7063	1081.7054	-559.62683	-4408.741	-3446.3972	2748.0815	-743.9797	-10074.905	110.0	110.0	26399	-1697.144	687.3553	-588.8562	-4383.453	1672.1631	2287.2249	142.5472755432129
17	-2276.1072	2057.3787	-664.212	-8903.54	-2451.4202	1820.7599	-756.5375	-7216.173	110.0	110.0	28049	-1700.384	700.2066	-562.30865	-4402.1045	1676.4844	2229.773	151.78051257133484
18	-2389.9065	1520.0161	-580.8834	-5284.721	-2072.1948	1435.9796	-706.74396	-5306.118	110.0	110.0	29699	-1707.3774	714.65125	-516.74347	-4433.542	1683.4929	2293.3186	161.15915417671204
19	-1550.0339	968.5679	-103.30022	-3160.3257	-2552.7717	1965.7743	-308.0771	-7399.978	110.0	110.0	31349	-1709.7418	724.2809	-474.8871	-4423.939	1685.8438	2191.1624	170.51168370246887
20	-2209.349	1808.0627	-428.01144	-7769.4336	-1755.9294	1232.7539	-625.85693	-4519.081	110.0	110.0	32999	-1686.9198	735.6469	-432.63736	-4398.6523	1663.5831	2123.7234	180.33097743988037
21	-2032.9368	1164.5626	-499.73135	-5479.875	-1649.1531	1040.9293	-349.03748	-3803.4521	110.0	110.0	34649	-1703.382	758.00745	-401.9626	-4923.262	1680.5621	2050.4019	189.7521948814392
22	-1868.016	1505.0331	-430.864	-5964.1353	-1762.5453	1322.2468	-444.9475	-4890.71	110.0	110.0	36299	-1692.064	766.8697	-345.42395	-4882.9736	1669.5991	2001.2509	199.01728081703186
23	-1962.9076	1165.1036	-481.74106	-4900.616	-2548.9097	1791.0077	-1174.7192	-6891.4346	110.0	110.0	37949	-1668.6954	770.4425	-327.99603	-4844.606	1646.3258	1957.1296	208.40167593955994
24	-2251.6697	1151.8395	-402.32684	-4616.845	-2367.981	1774.7655	-410.29272	-7009.433	110.0	110.0	39599	-1653.7466	778.5628	-276.28375	-4880.3477	1631.5697	1970.5721	217.68819332122803
25	-1842.1759	1363.0022	-521.87286	-5763.5757	-1718.4626	1230.8429	-338.9831	-4644.832	110.0	110.0	41249	-1633.8071	783.8043	-240.59142	-4887.6807	1611.8267	1967.7269	227.04854679107666
26	-1782.1305	1532.3424	-247.91124	-4515.0396	-2745.048	1694.3518	-637.24945	-5725.328	110.0	110.0	42899	-1592.6802	786.004	-203.66252	-4910.694	1570.7152	1946.498	236.3808126449585
27	-2297.4543	1458.5391	-386.31396	-6623.583	-1187.8712	620.04565	-454.0226	-2378.8909	110.0	110.0	44549	-1568.2223	785.4173	-169.23257	-4876.8535	1546.2515	1941.8154	245.73767280578613
28	-1534.2977	1389.8041	-126.78264	-5732.6274	-1410.9153	1529.6963	-90.818794	-5798.451	110.0	110.0	46199	-1536.428	779.7761	-126.56358	-4765.518	1514.4288	1909.2986	255.38850831985474
29	-2468.9104	1862.5248	-117.2365	-8219.018	-1862.6621	1052.9586	-320.62515	-3811.148	110.0	110.0	47849	-1501.8813	773.1096	-88.61238	-4680.6997	1479.8757	1899.2415	264.71939396858215
30	-2410.3125	1748.7294	-807.6283	-7225.016	-1845.4291	1130.02	-375.04044	-3857.3818	110.0	110.0	49499	-1472.1066	764.3209	-73.48465	-4604.303	1450.0415	1877.1752	274.0922152996063
31	-1636.3925	800.1294	-555.43286	-3027.002	-2038.9244	1261.0167	-245.1937	-4032.0369	110.0	110.0	51149	-1439.8206	755.3152	-33.57133	-4493.2305	1417.7255	1822.8547	283.40122294425964
32	-1391.1426	1313.5504	-328.99933	-5943.882	-851.9422	688.2747	-31.102812	-2143.8179	110.0	110.0	52799	-1403.8136	756.4061	11.732201	-4347.5713	1381.564	1813.8042	292.7211272716522
33	-1602.8774	778.11926	-363.28046	-2919.491	-1550.8799	1147.8027	-700.26276	-4075.873	110.0	110.0	54449	-1355.7487	756.8811	54.89396	-4216.911	1333.0793	1763.9794	302.10434770584106
34	-1813.6813	1993.4309	-245.1805	-8231.548	-1620.5228	1079.2823	-279.31808	-3915.518	110.0	110.0	56099	-1314.7925	760.677	89.410355	-4209.182	1292.2003	1754.2245	311.5018653869629
35	-2201.9258	1977.9114	-291.8605	-7880.855	-1487.7859	697.9941	-318.86392	-2884.834	110.0	110.0	57749	-1268.3564	761.1489	138.34128	-4168.1675	1245.3771	1714.2557	320.80822253227234
36	-1855.9929	1645.5586	-164.16292	-4930.2524	-1413.3927	680.22406	-218.80768	-2614.8154	110.0	110.0	59399	-1218.346	768.75	179.94748	-4069.9932	1195.5348	1686.7651	330.26313996315
37	-2071.4282	1486.5597	-241.59085	-5423.5996	-1152.8954	780.6213	-146.23825	-2419.7573	110.0	110.0	61049	-1178.9231	773.92535	217.31587	-4053.583	1156.7701	1684.5848	339.5923099517822
38	-1294.5658	741.7959	-156.78337	-2674.5618	-1577.64	1220.3638	-401.38104	-4000.0686	110.0	110.0	62699	-1132.8	774.9355	273.94156	-3972.9382	1109.9316	1689.8939	348.9705636501312
39	-1047.4138	652.1621	-190.98122	-2406.1235	-1111.2275	622.44977	-203.70158	-2483.1157	110.0	110.0	64349	-1085.3696	776.0435	308.18362	-3935.779	1063.291	1646.4052	358.3767354488373
40	-1476.7928	708.06165	-178.55028	-2702.3108	-1116.1082	623.7527	-358.6614	-2072.5598	110.0	110.0	65999	-1043.9994	784.8568	365.4274	-3939.203	1022.05444	1602.8456	367.91188859939575
41	-1030.2808	625.40796	-203.8138	-2432.9187	-1309.6113	591.1676	-191.05737	-2213.3547	110.0	110.0	67649	-993.82227	785.37836	417.4661	-3903.0151	972.01575	1582.2533	377.3404552936554
42	-2026.776	2028.6123	-211.67937	-8194.999	-1283.0463	541.0412	-602.4928	-2353.3452	110.0	110.0	69299	-953.74945	789.6716	459.26	-3902.1392	931.7036	1575.1082	386.7961645126343
43	-1194.3147	949.982	-264.91388	-4144.494	-1010.60156	503.017	-207.85068	-1653.5582	110.0	110.0	70949	-909.244	789.36237	526.87427	-3930.1584	886.31165	1608.1792	396.2374846935272
44	-1421.3638	841.847	-334.82605	-3586.7336	-1492.2172	1540.1079	-202.22226	-5448.5723	110.0	110.0	72599	-854.11743	790.83435	602.11206	-3908.6804	830.74524	1592.443	405.7335240840912
45	-1234.506	656.8121	-340.70654	-2783.098	-1275.7668	853.1052	-400.04047	-3595.4114	110.0	110.0	74249	-798.4098	784.9049	671.4095	-3932.998	774.6	1607.9591	415.26740884780884
46	-933.75616	566.8217	-56.69623	-2390.0415	-1508.8602	739.653	-649.8184	-3264.9448	110.0	110.0	75899	-744.162	775.1057	723.6429	-3933.6353	720.536	1613.7758	424.68881583213806
47	-1353.9875	967.79297	-177.82439	-3739.0356	-1675.9078	922.76794	-203.93289	-3060.085	110.0	110.0	77549	-682.7125	769.7269	783.9599	-3923.4705	659.0224	1607.8556	434.2797245979309
48	-1779.1122	1369.7859	-273.92346	-5183.8916	-1175.8221	698.0985	-392.32092	-2320.3462	110.0	110.0	79199	-627.08923	763.80585	818.4684	-3862.4219	603.71423	1611.0548	443.8029692173004
49	-1124.6272	610.93524	-179.61871	-2586.7297	-1312.1511	1061.0295	-494.71872	-4019.327	110.0	110.0	80849	-572.3684	760.8703	845.28687	-3861.4036	549.0914	1570.1512	453.3129529953003
50	-1805.5306	1396.5856	-337.4723	-5682.8657	-1402.4597	1306.6033	-227.53145	-4680.5894	110.0	110.0	82499	-525.549	755.6518	877.3174	-3787.3335	502.278	1556.57	462.79516434669495
51	-1124.914	669.253	-458.32892	-2696.0671	-906.8083	500.19492	-110.469795	-1905.7871	110.0	110.0	84149	-469.79327	757.105	922.9887	-3795.012	445.63757	1520.5963	472.3610553741455
52	-892.02893	457.82355	-239.26257	-1630.7516	-1811.7275	1560.2147	-260.2667	-5534.6064	110.0	110.0	85799	-404.27148	754.0806	947.98535	-3695.4666	379.7725	1510.3815	481.9776747226715
53	-1014.46014	576.10815	-319.89474	-2216.8137	-1019.2282	474.94943	-141.2755	-1785.7454	110.0	110.0	87449	-337.89127	751.4097	990.1986	-3655.387	313.839	1479.6505	492.16497683525085
54	-1531.1073	1175.2986	-284.5436	-5023.512	-1296.0271	701.20593	-282.84946	-2719.107	110.0	110.0	89099	-275.87067	743.47943	1038.8146	-3630.5596	251.27121	1478.5874	501.8409321308136
55	-842.33	554.35974	-138.27687	-1991.953	-1464.3491	1390.1208	-198.99251	-5352.96	110.0	110.0	90749	-210.84909	734.74304	1109.0729	-3554.535	185.7259	1493.0779	511.43294072151184
56	-1297.5295	713.718	-352.01038	-2772.5825	-643.5868	290.57172	-67.43707	-971.4559	110.0	110.0	92399	-141.43912	728.9053	1165.4993	-3540.8308	116.58377	1457.5764	521.0293099880219
57	-940.5095	724.71356	-193.14317	-2521.0024	-1414.9944	1024.0996	-364.51657	-2969.9666	110.0	110.0	94049	-78.999565	730.53296	1239.4807	-3567.8872	53.439365	1467.2885	530.5961010456085
58	-1280.5043	731.52167	-188.81708	-2460.2278	-1573.7297	1011.0137	-778.61664	-4017.7334	110.0	110.0	95699	-15.3091545	722.293	1302.1536	-3554.8	-9.805721	1468.019	540.0686473846436
59	-926.367	530.40857	-168.09213	-2237.4297	-857.95605	943.4017	-175.92259	-3518.3752	110.0	110.0	97349	47.866447	718.3309	1358.2595	-3472.566	-73.146355	1454.4346	549.5389187335968
60	-1361.2711	1047.8655	-421.77707	-4528.009	-995.52893	619.955	-109.900185	-2278.6912	110.0	110.0	98999	118.759094	708.24475	1407.553	-3395.2205	-144.32002	1436.4973	559.5042214393616
61	-983.7122	645.04425	-260.01978	-3094.42	-1322.5356	802.3509	-333.577	-3285.35	110.0	110.0	100649	176.8016	704.3627	1456.5016	-3369.4077	-202.2993	1460.6952	569.0455975532532
62	-1705.6775	1747.4824	-224.55351	-6443.5645	-1509.272	894.91846	-112.40873	-3319.3313	110.0	110.0	102299	236.27457	704.0282	1494.9432	-3276.772	-261.56717	1409.7289	578.6414835453033
63	-1044.0931	590.3694	-420.67404	-2354.5237	-1264.4115	802.4946	-217.37274	-2967.328	110.0	110.0	103949	297.61346	696.00995	1535.6025	-3236.5957	-322.39734	1385.5743	588.1975967884064
64	-859.70746	367.05527	-225.43138	-1579.0212	-1572.547	1147.8391	-285.00494	-4635.722	110.0	110.0	105599	351.1042	691.7	1585.8274	-3158.4875	-376.04993	1399.3994	597.7832939624786
65	-1380.1769	1017.164	-295.48715	-3999.4265	-943.7705	594.4227	-284.2464	-2559.8655	110.0	110.0	107249	409.11252	686.87933	1637.6685	-3134.8665	-434.06638	1385.9333	607.2399775981903
66	-1224.337	1059.5791	-175.84138	-3655.0044	-703.08606	340.24493	-67.38052	-1320.6626	110.0	110.0	108899	453.84607	681.74097	1693.6228	-3038.0078	-477.69077	1321.8066	616.6939768791199
67	-1025.1086	377.4276	-504.86374	-1690.5925	-1016.1256	506.98923	-270.07593	-1755.4941	110.0	110.0	110549	495.30954	677.8889	1704.105	-2874.2031	-518.5232	1322.2965	626.1291084289551
68	-1139.0018	977.8399	-328.1138	-3967.7324	-778.25916	569.9428	-243.06847	-1795.3322	110.0	110.0	112199	528.95135	676.1235	1751.7577	-2839.801	-551.6875	1268.8895	635.6103515625
69	-1284.0627	713.7468	-385.36047	-3316.7593	-926.44824	793.6176	-313.29016	-3193.0474	110.0	110.0	113849	571.21	679.37146	1788.1465	-2829.008	-594.2953	1290.6143	645.1000573635101
70	-1335.4338	452.40457	-538.15125	-2371.1963	-1054.3052	665.131	-319.52438	-2197.1782	110.0	110.0	115499	608.88354	685.89777	1830.2712	-2860.7935	-632.3062	1275.3651	654.583357334137
71	-1058.6317	670.15424	-99.35507	-2168.2883	-878.8826	477.47812	-188.98093	-1674.1431	110.0	110.0	117149	644.9696	695.726	1869.8597	-2940.4426	-668.45953	1281.911	664.0388689041138
72	-1114.6625	1373.5157	-138.70078	-5956.5044	-1101.2479	975.84296	-169.68884	-3354.5	110.0	110.0	118799	675.0535	707.3	1868.382	-2997.9524	-698.21826	1265.8999	673.4809193611145
73	-1380.1516	1213.0527	-212.6749	-5356.65	-1100.1897	653.186	-590.5978	-2894.0967	110.0	110.0	120449	711.6115	717.3593	1955.3468	-3115.1213	-735.16516	1296.2865	682.996429681778
74	-1105.7642	1142.662	-167.8608	-4427.1177	-957.1213	459.52484	-324.49802	-1919.58	110.0	110.0	122099	747.0356	730.51086	1987.2349	-3235.1199	-770.3759	1295.1566	692.3817398548126
75	-803.7825	323.0849	-152.7455	-1397.4342	-533.65314	241.85681	-135.7374	-892.8098	110.0	110.0	123749	785.6188	744.3818	1990.841	-3382.9587	-809.1875	1268.5293	701.8457391262054
76	-804.6511	573.39264	-204.38602	-1989.3375	-870.2171	576.376	-90.89978	-2361.2917	110.0	110.0	125399	826.01733	750.12823	2043.4211	-3495.7341	-849.36	1303.3894	711.2675037384033
77	-1318.8739	1136.1361	-108.06148	-4812.2285	-1022.4238	575.9265	-237.1503	-2017.396	110.0	110.0	127049	861.3702	763.381	2070.0667	-4192.635	-884.5336	1297.0284	720.7784378528595
78	-1006.4623	517.72876	-251.97272	-2306.0627	-1055.8607	622.85345	-377.63654	-2180.687	110.0	110.0	128699	892.5514	773.847	2114.961	-4200.414	-915.21106	1275.8555	730.3487422466278
79	-837.0325	486.2305	-278.40588	-1623.4746	-742.8626	740.15466	-223.32649	-2886.1694	110.0	110.0	130349	923.7974	781.7065	2150.3315	-4159.087	-946.4725	1257.7938	739.8767793178558
80	-818.35364	541.62775	-193.70564	-1832.7795	-880.7467	573.661	-144.50516	-1966.173	110.0	110.0	131999	951.4366	783.0548	2163.2026	-4306.8833	-974.12286	1268.4277	749.4969408512115
81	-885.85706	499.63745	-230.31645	-1994.7146	-944.62775	789.13336	-58.388695	-2852.1348	110.0	110.0	133649	976.47516	787.51263	2190.248	-4364.177	-998.4693	1211.8309	759.0955097675323
82	-1136.2976	668.42053	-394.16425	-2752.2754	-1033.3232	931.6413	-111.836555	-3230.0566	110.0	110.0	135299	999.1774	788.08624	2223.7195	-4469.55	-1020.89233	1224.3019	768.5806496143341
83	-976.93744	1111.8015	-113.1366	-4828.3784	-840.8512	336.90793	-338.316	-1633.2113	110.0	110.0	136949	1023.9417	789.67505	2264.3398	-4417.2217	-1045.4459	1199.3632	778.08713555336
84	-905.05194	778.11115	-126.78195	-2653.201	-878.4963	577.39935	-234.1486	-2217.0862	110.0	110.0	138599	1040.4222	792.3977	2300.3535	-4480.692	-1062.3262	1204.7325	787.5917809009552
85	-625.1839	497.58133	-184.5929	-1999.4854	-745.6315	565.7218	-147.32779	-1945.0864	110.0	110.0	140249	1069.5178	790.2918	2351.2256	-4515.845	-1091.6852	1227.067	797.1940052509308
86	-667.39374	397.4317	-69.146805	-1785.8212	-565.29724	348.6696	-91.70932	-1222.1997	110.0	110.0	141899	1097.5447	782.23883	2391.1255	-4511.513	-1119.2217	1213.1117	807.2486097812653
87	-968.0795	529.30774	-377.75952	-2063.9631	-433.62085	216.52951	-147.48816	-705.212	110.0	110.0	143549	1119.1423	776.2513	2453.2651	-4482.116	-1141.0406	1228.0452	817.5896627902985
88	-883.1211	720.75494	-51.50744	-2800.3508	-876.12244	645.1324	-130.49535	-2216.8535	110.0	110.0	145199	1145.7412	765.1688	2492.5808	-4384.497	-1167.2551	1207.5624	827.1167953014374
89	-887.29724	612.2496	-116.138756	-2415.6843	-669.6501	317.18	-169.13873	-1143.5311	110.0	110.0	146849	1164.5735	765.1769	2532.0117	-4241.4834	-1186.0381	1209.4806	836.6480813026428
90	-760.0033	246.55765	-260.88983	-1185.0663	-907.8589	694.15295	-176.75092	-2604.2583	110.0	110.0	148499	1184.6381	759.2035	2547.09	-4133.6177	-1206.4489	1190.3044	846.2074298858643
91	-1223.5032	786.56195	-333.64163	-3275.29	-1405.8461	1255.3854	-222.556	-4859.269	110.0	110.0	150149	1206.1974	764.01636	2563.8877	-4031.5422	-1227.9897	1206.6895	855.8609385490417
92	-997.5837	485.98422	-116.89442	-2139.226	-805.16455	286.5824	-282.6492	-1382.9563	110.0	110.0	151799	1225.5057	759.6958	2578.7502	-3911.4468	-1247.2681	1206.9938	865.916759967804
93	-1132.5255	1206.243	-149.59843	-5233.018	-738.9778	341.60938	-297.741	-1187.8353	110.0	110.0	153449	1256.4225	757.8516	2584.2107	-3876.151	-1278.954	1205.9547	875.3981466293335
94	-871.3662	596.3284	-209.19308	-1878.0193	-1265.5747	897.6264	-209.77722	-3187.297	110.0	110.0	155099	1282.4949	755.9837	2585.331	-3835.3022	-1304.2515	1208.7623	884.8713533878326
95	-1118.4023	855.3269	-65.02826	-2972.8445	-1235.0454	544.2036	-246.6383	-2111.8474	110.0	110.0	156749	1304.9841	752.6706	2610.585	-3769.5686	-1326.5125	1197.7234	894.4573557376862
96	-1252.9979	887.4065	-194.011	-3989.8694	-685.4578	568.3053	-114.1629	-2018.6709	110.0	110.0	158399	1321.7793	756.11224	2640.1658	-3740.113	-1343.4476	1188.2222	904.0177478790283
97	-835.02814	565.3835	-63.776688	-2018.6962	-921.19904	486.59555	-365.7312	-2225.5842	110.0	110.0	160049	1344.9662	754.91364	2668.7002	-3698.853	-1367.0394	1178.3497	913.5902585983276
98	-1066.109	518.87244	-461.85342	-2266.2114	-1303.2194	1083.3873	-228.30217	-3467.0347	110.0	110.0	161699	1363.6936	751.5017	2684.7366	-3632.6501	-1385.6622	1163.6315	923.2411372661591
99	-1379.9508	1714.6527	-371.12228	-7520.281	-1255.7744	647.931	-145.88165	-2646.0151	110.0	110.0	163349	1382.1602	750.3834	2711.815	-3536.5354	-1403.6697	1150.7426	932.8056180477142
100	-652.8287	493.59097	-81.168175	-1901.0734	-893.9271	524.6094	-265.0951	-1992.1039	110.0	110.0	164999	1399.8153	747.6191	2735.8276	-3474.383	-1420.8124	1125.6512	942.4205951690674
