Epoch	AverageEpRet	StdEpRet	MaxEpRet	MinEpRet	AverageTestEpRet	StdTestEpRet	MaxTestEpRet	MinTestEpRet	EpLen	TestEpLen	TotalEnvInteracts	AverageQ1Vals	StdQ1Vals	MaxQ1Vals	MinQ1Vals	AverageQ2Vals	StdQ2Vals	MaxQ2Vals	MinQ2Vals	LossPi	LossQ	Time
1	-204.58183	6.883483	-190.67923	-214.47351	-199.86763	7.6585903	-186.68811	-213.17958	110.0	110.0	1649	-3.1177323	0.7355173	0.00045732595	-4.917189	-3.1192589	0.72969586	-0.009218615	-4.9355645	3.053797	0.10074895	5.049185037612915
2	-205.17484	5.2394037	-193.18259	-211.59764	-208.7835	4.922583	-202.45581	-215.80403	110.0	110.0	3299	-7.5809484	1.9881148	-3.7174234	-12.796179	-7.580953	1.9878016	-3.680159	-12.938991	7.522264	0.0396463	14.029152393341064
3	-203.32399	6.20557	-193.50175	-212.4457	-203.56105	12.009091	-168.284	-212.06325	110.0	110.0	4949	-14.537135	2.1105225	-9.487087	-20.310425	-14.537141	2.1109006	-9.555155	-20.400515	14.447218	0.073978506	23.517619132995605
4	-208.08083	2.7609284	-201.35985	-212.13625	-197.71902	9.339102	-182.73232	-211.81711	110.0	110.0	6599	-21.466587	2.191435	-15.78975	-27.539719	-21.466562	2.1919022	-15.9294815	-27.763933	21.353367	0.110837735	32.901249170303345
5	-205.19371	5.050042	-197.05357	-211.99617	-203.8906	9.410576	-177.8104	-210.43538	110.0	110.0	8249	-28.360733	2.2484953	-21.792967	-34.93114	-28.36083	2.2492454	-21.901167	-35.0566	28.226553	0.14680745	41.66169857978821
6	-206.7273	3.4165413	-200.179	-215.14407	-191.2085	21.790504	-134.00427	-213.17195	110.0	110.0	9899	-35.12624	2.3432753	-27.788168	-42.92815	-35.1262	2.344195	-27.682026	-42.682606	34.96949	0.16721116	50.36182641983032
7	-198.17848	11.144486	-178.68066	-213.20605	-186.70538	18.597906	-151.86263	-210.65018	110.0	110.0	11549	-41.724834	2.3935463	-33.80433	-49.73163	-41.724735	2.3945186	-33.989414	-49.465157	41.552826	0.19578151	60.149035692214966
8	-196.02577	12.7720785	-164.28285	-210.57912	-193.43239	14.635502	-153.43497	-205.30627	110.0	110.0	13199	-47.960434	2.50265	-39.845337	-56.272266	-47.960617	2.50325	-40.03347	-56.051907	47.792583	0.21529552	69.9060389995575
9	-197.86304	8.538513	-182.068	-208.71735	-192.00424	16.396357	-162.4948	-211.18762	110.0	110.0	14849	-54.157295	2.562428	-46.158733	-62.773197	-54.157116	2.5640676	-46.220715	-62.3759	53.99342	0.23930912	79.83101677894592
10	-194.41673	11.876645	-166.42812	-210.3035	-198.03787	5.345671	-188.87004	-206.97456	110.0	110.0	16499	-60.1463	2.688922	-52.0645	-68.72195	-60.14638	2.6892698	-52.078396	-68.66412	59.99002	0.2602616	89.72533535957336
11	-193.73871	20.889404	-125.78825	-209.93178	-191.31548	11.486234	-173.32004	-211.15678	110.0	110.0	18149	-66.11272	2.7519553	-57.888836	-75.172485	-66.11268	2.75205	-57.746876	-75.13207	65.95537	0.2856059	99.56725883483887
12	-186.9254	21.938957	-131.62567	-206.77817	-184.15971	30.49371	-107.90215	-211.37369	110.0	110.0	19799	-72.00199	2.8274977	-63.09676	-81.37713	-72.00186	2.8297887	-63.2752	-81.024284	71.84659	0.32494983	109.34550952911377
13	-179.22942	21.45407	-125.26936	-205.2743	-195.06227	11.901027	-170.75584	-208.3795	110.0	110.0	21449	-77.7208	2.9405522	-68.74619	-87.72492	-77.72098	2.9424963	-68.771	-87.69588	77.554115	0.37945014	119.13718342781067
14	-188.17744	16.699413	-163.70374	-211.59164	-185.1448	24.420473	-134.83241	-208.27559	110.0	110.0	23099	-83.31837	3.0717597	-73.79056	-93.96279	-83.31831	3.074565	-73.92221	-93.434326	83.14105	0.42831203	128.2084949016571
15	-185.27888	14.512418	-156.8048	-205.85547	-189.27667	14.598112	-163.71922	-208.90439	110.0	110.0	24749	-88.7205	3.1960533	-78.0703	-99.3946	-88.72052	3.1985278	-77.96214	-99.324005	88.544395	0.47606367	137.47491931915283
16	-191.17107	12.350175	-166.7403	-208.82726	-192.08548	13.286651	-165.1023	-207.37494	110.0	110.0	26399	-93.981125	3.3489172	-82.514015	-105.073975	-93.981125	3.355154	-82.18464	-105.55606	93.75542	0.5068475	149.12830328941345
17	-187.84625	14.644979	-152.82219	-211.40643	-183.93932	17.975859	-153.26117	-207.59898	110.0	110.0	28049	-99.19835	3.476436	-86.496796	-111.717995	-99.19821	3.485036	-86.24585	-111.40428	98.98216	0.5720277	160.30934619903564
18	-187.18839	16.835062	-153.94196	-206.69043	-191.49722	9.239565	-180.8635	-208.95833	110.0	110.0	29699	-104.38314	3.5730054	-90.75743	-116.20795	-104.38296	3.5790231	-90.51383	-116.424225	104.14941	0.62181854	170.1549916267395
19	-181.97015	19.418863	-139.32013	-199.97255	-185.9461	12.68513	-165.16568	-207.90604	110.0	110.0	31349	-109.355385	3.6940746	-94.5003	-122.44555	-109.355576	3.7042856	-94.16677	-121.97049	109.108284	0.6976814	179.97872376441956
20	-186.53084	16.853657	-147.85924	-207.18275	-184.60791	18.42554	-150.3771	-212.61504	110.0	110.0	32999	-114.26692	3.8473961	-99.192955	-127.376175	-114.2669	3.8582032	-98.570274	-127.64669	114.01693	0.75968647	189.8228313922882
21	-186.83241	16.765081	-145.59772	-208.1795	-184.20096	23.868221	-131.41861	-211.16557	110.0	110.0	34649	-119.04617	4.0297527	-102.64509	-132.45805	-119.0457	4.0427427	-102.47161	-133.02208	118.80674	0.7902419	198.9859175682068
22	-192.8523	19.214401	-136.45763	-209.52147	-186.65845	26.306192	-125.33298	-212.27122	110.0	110.0	36299	-123.78922	4.1439185	-106.428825	-137.32973	-123.78953	4.1573844	-106.36524	-138.47473	123.53585	0.84960747	208.08517813682556
23	-191.10713	14.68893	-155.22	-207.40129	-190.22551	18.218096	-141.79863	-206.56454	110.0	110.0	37949	-128.46887	4.2871304	-110.18563	-143.00232	-128.46872	4.299317	-110.362625	-143.21512	128.2231	0.8753528	217.9596815109253
24	-193.47568	11.697582	-168.9702	-209.6437	-189.81244	11.641737	-166.20418	-203.95755	110.0	110.0	39599	-133.06673	4.4481597	-114.22751	-147.70676	-133.06685	4.4578805	-114.20298	-148.20253	132.81479	0.93419886	227.78473353385925
25	-184.9747	19.58699	-147.63719	-205.54008	-184.67146	15.344395	-142.00111	-195.4572	110.0	110.0	41249	-137.52834	4.567802	-118.014175	-152.66458	-137.52806	4.5768337	-118.08043	-152.7872	137.26053	0.94868475	237.643128156662
26	-194.29265	16.04657	-154.60077	-207.58447	-183.01671	25.667774	-133.86803	-206.22508	110.0	110.0	42899	-141.84758	4.772153	-122.325836	-159.33934	-141.84782	4.7775555	-121.68021	-157.62308	141.58987	0.9768729	247.39707708358765
27	-186.9158	13.180719	-155.73206	-207.46571	-185.34879	13.521143	-149.97685	-201.28508	110.0	110.0	44549	-146.06822	4.957782	-125.9848	-162.68146	-146.06824	4.9636755	-125.85115	-162.40656	145.79585	1.0260705	256.98601031303406
28	-190.57382	17.540623	-139.11827	-207.40282	-180.08133	22.73024	-137.31815	-210.51999	110.0	110.0	46199	-150.23282	5.158013	-129.93588	-169.29332	-150.23294	5.1705904	-128.88132	-168.27615	149.9762	1.030936	266.1639790534973
29	-184.09952	28.314617	-88.061386	-208.42162	-182.72018	22.472075	-143.53304	-207.46544	110.0	110.0	47849	-154.3472	5.383827	-133.91554	-172.74173	-154.34712	5.395299	-133.2997	-173.78188	154.06717	1.0806745	275.243088722229
30	-181.19481	17.30549	-150.11096	-204.69727	-184.96268	22.685205	-135.74149	-212.14508	110.0	110.0	49499	-158.37889	5.5855145	-138.67574	-178.17302	-158.37863	5.5969844	-137.7021	-177.68494	158.12085	1.1275241	285.0564308166504
31	-176.42946	22.033546	-142.16998	-207.92279	-182.94537	18.83248	-137.22481	-204.63043	110.0	110.0	51149	-162.25964	5.8627687	-142.04538	-183.6467	-162.25967	5.8777323	-141.82446	-182.7102	161.96033	1.1418713	294.22034883499146
32	-181.15294	24.93667	-119.19878	-212.22635	-176.86995	24.888342	-122.50071	-206.00188	110.0	110.0	52799	-166.05347	6.1726055	-146.23782	-187.68213	-166.05347	6.1827364	-145.64615	-188.51295	165.79803	1.1938531	304.3206570148468
33	-190.67924	13.322788	-161.22697	-208.6964	-185.02031	22.318312	-133.13911	-203.92926	110.0	110.0	54449	-169.834	6.438006	-149.28177	-192.29222	-169.83385	6.4479413	-149.08336	-192.63148	169.53943	1.2402238	313.8213937282562
34	-175.5377	18.306414	-132.88785	-200.58778	-172.82977	28.748587	-120.12035	-205.62471	110.0	110.0	56099	-173.52374	6.6799326	-152.41881	-197.4143	-173.52379	6.689563	-151.62363	-197.73572	173.20877	1.2627636	323.8696765899658
35	-194.9122	7.946465	-179.09229	-208.5486	-167.90685	26.65092	-125.055504	-206.77547	110.0	110.0	57749	-177.10567	6.8669934	-155.10336	-201.86092	-177.10574	6.875459	-155.09848	-202.48048	176.79259	1.2690892	333.97008180618286
36	-183.03203	16.885763	-151.18758	-204.96771	-187.30652	14.774971	-166.83113	-206.30385	110.0	110.0	59399	-180.58401	7.0880303	-158.1617	-206.62642	-180.58405	7.0955334	-157.88356	-206.53058	180.2712	1.268273	343.34507489204407
37	-184.049	17.887167	-146.1886	-212.182	-182.00272	32.076866	-96.33007	-214.00117	110.0	110.0	61049	-183.89665	7.374414	-160.45934	-211.96739	-183.89653	7.38069	-160.12683	-211.23509	183.537	1.2512275	353.42375898361206
38	-189.30948	12.487683	-164.59259	-201.16608	-176.36191	17.392273	-137.8096	-200.39728	110.0	110.0	62699	-187.21208	7.61386	-163.18811	-214.49802	-187.21248	7.6212387	-162.25894	-215.43185	186.88023	1.2773286	362.91712164878845
39	-171.77626	18.715212	-145.17743	-207.94821	-175.29459	38.041267	-101.15407	-208.19955	110.0	110.0	64349	-190.39566	7.900632	-164.64597	-219.03099	-190.39551	7.908399	-165.57594	-219.4474	190.0615	1.2952995	372.2869772911072
40	-178.708	20.682028	-127.1056	-205.53856	-194.25563	11.127845	-168.98962	-205.90364	110.0	110.0	65999	-193.5027	8.137037	-167.73079	-221.74965	-193.50272	8.14632	-167.81152	-223.20738	193.19087	1.3738952	382.41593503952026
41	-174.51366	25.674868	-109.838844	-204.31117	-179.67043	15.683158	-157.94226	-210.07066	110.0	110.0	67649	-196.52986	8.3932295	-169.41394	-226.65895	-196.53006	8.400656	-170.16652	-228.3984	196.21034	1.3556272	391.9154613018036
42	-183.92828	18.396461	-154.65813	-208.9899	-193.33347	9.388446	-173.95657	-209.8327	110.0	110.0	69299	-199.49838	8.640672	-172.61433	-230.64374	-199.49876	8.645632	-172.74556	-230.68533	199.16992	1.400319	402.08602833747864
43	-191.05681	15.725062	-148.19067	-212.17542	-187.48897	19.70961	-135.15941	-206.15747	110.0	110.0	70949	-202.47256	8.840333	-175.66061	-232.50256	-202.47275	8.847366	-175.55292	-232.86414	202.1605	1.3376938	411.7144684791565
44	-177.20653	18.514389	-145.4719	-203.4487	-190.33255	14.326938	-154.88184	-206.60757	110.0	110.0	72599	-205.33533	9.093208	-177.19377	-237.3624	-205.33539	9.097818	-177.61076	-238.34464	205.0033	1.3760369	422.1488311290741
45	-184.90254	13.938475	-154.83475	-203.96765	-173.19815	28.598103	-115.974	-204.605	110.0	110.0	74249	-208.01083	9.341645	-180.83807	-240.356	-208.01083	9.347778	-180.49815	-240.93697	207.66727	1.3719354	434.91089057922363
46	-186.13681	13.731506	-152.62627	-202.40288	-173.94698	15.245676	-139.9004	-191.59753	110.0	110.0	75899	-210.71721	9.631844	-183.17197	-244.42764	-210.71716	9.63714	-183.02008	-246.45752	210.4264	1.3838083	446.60633301734924
47	-174.68248	18.379282	-140.08759	-208.8028	-178.48862	25.591314	-147.53984	-214.82191	110.0	110.0	77549	-213.30113	9.896523	-185.21222	-247.71979	-213.30112	9.900463	-185.78716	-249.00005	212.97131	1.3954504	457.3165249824524
48	-181.22711	22.387577	-125.02552	-208.18936	-187.63208	11.088129	-164.58937	-203.3112	110.0	110.0	79199	-215.79712	10.179566	-187.1029	-251.15053	-215.79713	10.185083	-186.90057	-251.90565	215.50175	1.4218392	467.2938210964203
49	-176.93375	23.05147	-105.60835	-201.13268	-179.51266	21.153267	-149.32185	-210.54143	110.0	110.0	80849	-218.14746	10.440879	-188.94882	-254.92503	-218.14752	10.447307	-189.39265	-255.73647	217.77464	1.410483	477.3057813644409
50	-180.37941	18.994995	-136.25537	-212.38525	-164.06909	38.400578	-79.57327	-199.21245	110.0	110.0	82499	-220.52515	10.738465	-191.01178	-258.79984	-220.52512	10.744331	-191.43637	-259.47046	220.20424	1.4007708	488.0886342525482
51	-177.5801	23.069597	-122.55836	-203.02437	-175.74347	17.23982	-149.85107	-204.0498	110.0	110.0	84149	-222.85985	10.948541	-193.31078	-261.1479	-222.85995	10.953972	-193.10518	-261.69955	222.52481	1.403307	498.8329119682312
52	-170.96486	21.293377	-128.40793	-205.4238	-164.8616	34.26519	-94.757866	-202.11942	110.0	110.0	85799	-225.10703	11.284783	-194.70947	-264.79388	-225.10693	11.290254	-193.44025	-264.94193	224.71169	1.4155217	509.5181522369385
53	-174.91258	18.996284	-148.69022	-204.49316	-165.82613	32.63476	-103.557106	-204.25624	110.0	110.0	87449	-227.19586	11.55265	-195.15897	-266.6522	-227.19597	11.557322	-195.60628	-267.4179	226.8901	1.4136784	520.2936112880707
54	-177.80342	20.147488	-131.20428	-205.76747	-173.06343	22.00481	-142.94624	-203.87282	110.0	110.0	89099	-229.36642	11.846995	-197.20227	-270.931	-229.36646	11.849097	-197.6375	-271.9593	229.02835	1.4237546	531.0405232906342
55	-179.10094	20.197151	-146.32042	-209.29335	-181.02176	18.046467	-151.40808	-201.70616	110.0	110.0	90749	-231.46013	12.103603	-199.10837	-273.9681	-231.46024	12.106294	-199.04729	-275.40793	231.11893	1.4038796	541.7728266716003
56	-166.54736	24.881021	-126.12835	-204.53323	-171.37753	20.777687	-137.08899	-204.18047	110.0	110.0	92399	-233.5926	12.354971	-200.4993	-276.3607	-233.59314	12.359049	-200.8118	-279.2473	233.30174	1.428898	552.7019872665405
57	-176.08766	16.076794	-155.88025	-205.77658	-166.48503	23.376558	-117.840324	-197.92621	110.0	110.0	94049	-235.58014	12.58105	-201.31084	-280.29733	-235.5801	12.583754	-202.08754	-281.68884	235.27881	1.4222871	563.2904829978943
58	-177.20096	20.474848	-124.96998	-210.5604	-160.78174	24.349253	-119.61714	-191.53365	110.0	110.0	95699	-237.60912	12.857081	-203.72223	-282.5048	-237.60902	12.860175	-204.59383	-283.94742	237.3338	1.4523854	574.0387651920319
59	-172.41457	15.57856	-136.00261	-191.24878	-186.00594	13.779896	-161.53369	-201.88991	110.0	110.0	97349	-239.45145	13.195692	-205.30388	-284.24005	-239.45178	13.201166	-205.9023	-287.52905	239.12675	1.4639418	584.0284762382507
60	-169.19695	22.862001	-113.52354	-199.28052	-152.71298	30.49834	-106.39365	-200.32567	110.0	110.0	98999	-241.2914	13.406066	-206.95567	-288.9275	-241.29112	13.409121	-207.63135	-290.036	240.93106	1.4806857	594.769838809967
61	-151.24385	19.377584	-105.41371	-175.45918	-171.73941	32.80806	-96.86048	-196.73576	110.0	110.0	100649	-242.93149	13.738226	-209.21828	-288.9346	-242.93156	13.742504	-208.59877	-291.07645	242.63824	1.4986922	604.7886807918549
62	-169.12102	24.181887	-122.37472	-206.94801	-178.3698	17.935171	-150.42758	-204.66217	110.0	110.0	102299	-244.69226	13.976604	-210.38219	-291.01404	-244.69212	13.980986	-210.14258	-292.64853	244.34578	1.5103344	615.6386640071869
63	-165.48381	21.16265	-124.00499	-198.75412	-174.10202	18.986172	-130.46692	-196.84773	110.0	110.0	103949	-246.42523	14.242691	-211.36392	-292.9754	-246.42514	14.246623	-211.74742	-294.69138	246.10712	1.4720542	625.8860664367676
64	-169.89789	17.983124	-140.92021	-196.66245	-164.38933	25.450087	-112.98025	-206.25027	110.0	110.0	105599	-247.82664	14.446923	-213.18228	-295.79712	-247.82672	14.451783	-213.38449	-296.08728	247.51132	1.4771614	636.6751806735992
65	-164.1948	29.271269	-115.88727	-204.82619	-157.11522	22.31037	-112.56608	-186.66261	110.0	110.0	107249	-249.53397	14.738072	-213.87186	-295.93088	-249.53398	14.741181	-214.5088	-297.46298	249.18452	1.500546	646.6946980953217
66	-149.00436	25.207987	-104.98259	-201.03111	-165.86746	34.30335	-101.36275	-198.77815	110.0	110.0	108899	-250.97789	15.067165	-215.39388	-299.93256	-250.97798	15.0713625	-215.1094	-299.59375	250.68985	1.505352	657.4875378608704
67	-161.95834	21.563007	-120.352356	-196.92159	-160.40791	34.755447	-86.76772	-198.2306	110.0	110.0	110549	-252.2084	15.340102	-216.93822	-300.4637	-252.20815	15.343813	-217.38185	-301.71472	251.7974	1.5545613	667.9897465705872
68	-163.21376	23.890472	-123.84399	-205.6634	-182.74051	14.106002	-153.30849	-203.73744	110.0	110.0	112199	-253.52692	15.572343	-218.42986	-303.39935	-253.52702	15.577194	-218.85995	-304.36218	253.16989	1.5378387	678.8329582214355
69	-165.07896	23.829802	-112.92004	-200.50818	-173.4914	18.361397	-147.92114	-199.66916	110.0	110.0	113849	-254.77937	15.7043915	-219.4849	-305.12396	-254.7793	15.70882	-219.98824	-306.60696	254.4758	1.5604076	688.8487129211426
70	-162.7741	19.577244	-108.369934	-183.07053	-163.84114	33.24546	-92.34955	-203.77103	110.0	110.0	115499	-256.00888	15.882841	-220.50235	-307.05478	-256.00867	15.886753	-220.22597	-308.475	255.66164	1.6055602	698.8458330631256
71	-174.51549	16.767834	-149.31706	-199.48526	-173.99132	25.356155	-120.99012	-204.9223	110.0	110.0	117149	-257.2276	16.117296	-221.008	-308.79764	-257.2276	16.122261	-220.85672	-309.36713	256.83	1.5548382	709.6577053070068
72	-164.3958	24.90027	-119.69355	-200.9501	-156.59453	32.17677	-101.307205	-199.35509	110.0	110.0	118799	-258.3753	16.271303	-221.60399	-309.34106	-258.37524	16.2739	-221.27216	-310.86194	258.0056	1.5269102	720.4372477531433
73	-170.78075	18.32454	-143.86743	-200.52335	-183.63669	25.782568	-112.54243	-203.94353	110.0	110.0	120449	-259.61273	16.455776	-222.37146	-311.4768	-259.61288	16.45912	-222.20074	-312.90076	259.22833	1.5853075	730.533655166626
74	-166.4457	37.60042	-94.68915	-201.31096	-159.62703	24.072123	-116.28473	-194.46556	110.0	110.0	122099	-260.66995	16.62655	-222.97511	-312.64294	-260.6701	16.62908	-223.11884	-314.87946	260.31158	1.5540864	741.3404078483582
75	-165.10155	16.552662	-142.45888	-195.65398	-166.94373	16.764814	-128.8575	-185.07292	110.0	110.0	123749	-261.89627	16.88485	-223.27118	-314.13245	-261.89645	16.886908	-223.53612	-314.34262	261.5665	1.6232656	752.1122908592224
76	-163.42017	24.047197	-120.931244	-197.22153	-149.06717	33.35728	-71.91415	-192.5752	110.0	110.0	125399	-262.95682	17.083103	-224.43402	-316.0354	-262.95645	17.085348	-224.18153	-317.10126	262.6164	1.585788	762.1635985374451
77	-162.4059	22.968958	-107.96236	-204.96526	-162.57854	23.296968	-121.03082	-200.74008	110.0	110.0	127049	-263.9801	17.361303	-224.65395	-317.0396	-263.98038	17.360418	-224.28987	-316.51166	263.60107	1.5845517	772.9717452526093
78	-158.79265	24.45034	-123.65671	-203.54793	-150.00166	22.376513	-121.3903	-193.17648	110.0	110.0	128699	-264.87497	17.710094	-224.86913	-318.78775	-264.8751	17.710432	-224.52422	-318.3148	264.46063	1.630257	784.008463382721
79	-151.13951	28.922297	-103.10206	-197.61073	-173.54568	28.14463	-129.79633	-202.23015	110.0	110.0	130349	-265.68887	17.927357	-224.89622	-319.10165	-265.68848	17.929026	-225.44307	-319.1098	265.307	1.6632442	797.3116161823273
80	-174.0307	17.294548	-125.201065	-190.00517	-184.48721	18.607988	-146.20137	-200.31422	110.0	110.0	131999	-266.57306	18.204527	-224.78673	-328.89935	-266.57333	18.208431	-225.39624	-330.2201	266.184	1.6449375	808.7796404361725
81	-167.01436	23.431667	-123.5324	-199.0261	-170.31891	26.259623	-106.13472	-203.04317	110.0	110.0	133649	-267.64362	18.573843	-225.3433	-333.65283	-267.6435	18.577196	-224.96785	-332.63263	267.33664	1.6496682	818.9155390262604
82	-166.88411	26.643517	-103.967735	-205.61943	-185.20996	15.384476	-154.69785	-208.9068	110.0	110.0	135299	-268.57614	18.79133	-225.18408	-334.5297	-268.57632	18.794495	-224.99757	-334.01956	268.22034	1.6438669	829.7797541618347
83	-157.45917	31.75277	-76.26934	-193.72394	-160.17587	32.352238	-106.76619	-209.5064	110.0	110.0	136949	-269.51736	19.095657	-224.49728	-333.906	-269.51727	19.097984	-225.12332	-336.08243	269.13068	1.6529984	840.828929901123
84	-165.0643	21.781937	-133.71825	-199.00925	-167.53833	28.738598	-107.652115	-200.6413	110.0	110.0	138599	-270.32074	19.283098	-224.65651	-335.7828	-270.32065	19.286798	-224.71654	-336.51993	269.93704	1.6465029	851.3433284759521
85	-165.79988	20.054495	-123.92764	-195.07256	-166.7239	33.380436	-82.3921	-207.20352	110.0	110.0	140249	-271.10837	19.51535	-224.31448	-338.18478	-271.10828	19.519274	-224.5044	-339.10303	270.74527	1.6176893	862.215717792511
86	-157.64357	28.892	-101.680855	-193.92188	-173.62485	23.711996	-126.900856	-206.11203	110.0	110.0	141899	-271.9372	19.766008	-224.28104	-339.1642	-271.93707	19.767351	-224.46796	-339.09036	271.63425	1.6395407	872.7129316329956
87	-154.2213	26.79836	-103.61721	-195.41179	-165.93591	34.25849	-72.768265	-197.35124	110.0	110.0	143549	-272.67007	19.972279	-224.02055	-340.92093	-272.6702	19.974535	-224.48418	-340.79178	272.3127	1.6222668	883.5517971515656
88	-159.41193	24.582363	-120.85989	-194.63087	-160.54471	19.90434	-121.96118	-190.80449	110.0	110.0	145199	-273.22372	20.171011	-223.56676	-341.86963	-273.2237	20.172243	-224.29666	-341.04474	272.92096	1.6247833	894.393059015274
89	-151.77106	29.01685	-82.08766	-199.77339	-165.91031	31.494057	-99.24172	-206.86635	110.0	110.0	146849	-273.9383	20.452364	-222.88652	-342.84256	-273.93845	20.453642	-223.27713	-342.3101	273.58493	1.6406202	904.7415099143982
90	-147.51006	33.615227	-82.45653	-195.95395	-160.68716	22.270994	-117.44338	-200.20978	110.0	110.0	148499	-274.40292	20.615055	-222.64256	-343.66666	-274.40314	20.617115	-222.72105	-341.99515	273.98026	1.6028687	915.3981854915619
91	-146.49269	25.681662	-88.02308	-186.82793	-148.5369	34.73367	-80.5935	-185.66672	110.0	110.0	150149	-274.846	20.80357	-222.1657	-344.3383	-274.84628	20.804771	-222.03407	-342.52942	274.49448	1.5966545	926.0962238311768
92	-155.8734	24.480568	-106.33135	-201.51639	-144.0634	25.234634	-103.65621	-170.7453	110.0	110.0	151799	-275.41553	21.056377	-221.4766	-345.4172	-275.41483	21.058834	-221.68971	-343.79306	275.04846	1.5830104	936.7680945396423
93	-151.35922	24.286129	-109.042175	-183.77466	-142.31146	37.20777	-71.84667	-199.5176	110.0	110.0	153449	-275.88123	21.215794	-221.09938	-348.75723	-275.88177	21.217293	-221.13501	-344.18112	275.49307	1.5878726	946.9076085090637
94	-160.11852	24.735746	-111.42795	-195.16737	-155.4776	38.03738	-93.95877	-205.21599	110.0	110.0	155099	-276.2269	21.469864	-220.7826	-347.84448	-276.2271	21.471016	-220.68077	-347.56406	275.92294	1.5810105	957.8029630184174
95	-151.69946	23.347076	-105.75913	-178.85472	-134.97977	28.064083	-94.87433	-181.61375	110.0	110.0	156749	-276.58206	21.549688	-219.96272	-347.8457	-276.5815	21.551401	-220.27133	-346.91446	276.255	1.5946712	968.6383242607117
96	-142.89154	33.427513	-74.5288	-183.46153	-151.63634	22.231203	-117.439865	-182.54247	110.0	110.0	158399	-276.9795	21.66707	-219.6914	-349.43912	-276.9793	21.668743	-219.81696	-348.00278	276.51035	1.6103158	979.3268337249756
97	-156.14424	28.948006	-83.52619	-194.03429	-149.40283	25.122505	-103.17901	-173.40799	110.0	110.0	160049	-277.17242	21.907768	-219.03008	-348.78226	-277.17273	21.910368	-219.44385	-348.2397	276.77853	1.6054344	990.2374155521393
98	-138.31947	25.095518	-97.03559	-181.9485	-145.83517	22.1018	-107.591225	-178.92014	110.0	110.0	161699	-277.5767	22.075752	-218.55226	-351.18634	-277.57642	22.080332	-218.8894	-348.47058	277.13248	1.6220655	1000.3402740955353
99	-151.04283	26.836136	-106.67205	-185.49832	-163.33514	18.301659	-130.8359	-189.67024	110.0	110.0	163349	-277.86145	22.208382	-218.15971	-350.86874	-277.86154	22.212559	-218.62271	-348.0804	277.45502	1.5934439	1011.0026233196259
100	-145.5141	30.533556	-84.567406	-197.76056	-155.0787	30.599642	-91.6293	-193.4687	110.0	110.0	164999	-278.2136	22.389603	-218.10219	-353.552	-278.21326	22.392952	-217.78723	-348.6829	277.7951	1.6138057	1021.9491183757782
101	-150.68344	17.99044	-119.275764	-176.34886	-160.24466	26.40765	-101.06599	-185.29343	110.0	110.0	166649	-278.36807	22.498358	-217.89212	-351.38983	-278.368	22.502674	-217.6983	-348.5803	278.015	1.6604227	1032.5798299312592
102	-148.6855	31.00452	-90.082466	-195.90388	-142.40549	40.379715	-47.482105	-180.90639	110.0	110.0	168299	-278.7328	22.572426	-217.63306	-352.3241	-278.73282	22.575842	-217.87169	-350.05032	278.34424	1.6210171	1043.461659669876
103	-146.55319	19.736115	-98.19424	-172.32094	-149.12036	27.451052	-96.96032	-188.39125	110.0	110.0	169949	-278.89145	22.612623	-217.20805	-351.8553	-278.8912	22.61619	-216.88708	-349.79056	278.4681	1.6146858	1053.5605776309967
104	-151.91359	18.387249	-113.889946	-178.90698	-170.09738	25.139608	-128.51064	-191.90373	110.0	110.0	171599	-279.1831	22.681942	-216.94896	-351.72372	-279.1833	22.684608	-216.85143	-350.3981	278.80264	1.672767	1064.4248979091644
105	-160.742	18.97019	-118.04651	-190.86105	-156.9674	29.239424	-105.670555	-201.7297	110.0	110.0	173249	-279.26602	22.682495	-217.22983	-352.2634	-279.26584	22.685137	-217.01389	-351.9761	278.90894	1.6119386	1075.3175241947174
106	-143.82428	27.288912	-92.00079	-183.34468	-155.90268	28.106888	-98.5501	-194.54198	110.0	110.0	174899	-279.36963	22.76528	-216.96225	-353.78244	-279.3691	22.76728	-216.88638	-352.47586	278.95264	1.6554365	1086.2168416976929
107	-155.46365	34.917953	-68.44343	-202.56374	-152.74153	22.815508	-113.47941	-182.30193	110.0	110.0	176549	-279.58752	22.863714	-216.97366	-354.21466	-279.58743	22.86539	-216.29051	-352.8455	279.16885	1.6430506	1096.5133385658264
108	-146.78526	28.281832	-102.0736	-191.03836	-155.96432	28.259237	-97.88164	-185.39233	110.0	110.0	178199	-279.6499	23.027645	-216.25266	-354.24585	-279.65024	23.030594	-216.61783	-355.4449	279.31497	1.6649349	1107.421216726303
109	-143.86592	28.945133	-90.03073	-196.46852	-155.37448	18.651049	-126.41722	-180.88232	110.0	110.0	179849	-279.71194	23.18363	-215.52803	-356.4457	-279.7117	23.186201	-215.98235	-355.80032	279.3116	1.6146355	1118.2916269302368
110	-147.19313	27.5659	-97.74117	-189.49101	-164.84209	25.953512	-113.656296	-198.9722	110.0	110.0	181499	-279.84515	23.320839	-216.00885	-356.4832	-279.84494	23.322945	-216.12599	-356.47113	279.40402	1.614106	1129.210308790207
111	-142.40697	29.53477	-84.09668	-188.61755	-163.5886	16.751722	-143.62265	-194.00578	110.0	110.0	183149	-279.86832	23.605124	-215.7224	-357.86667	-279.86847	23.607187	-216.14485	-357.55905	279.46213	1.5927223	1140.1075761318207
112	-171.32649	25.139359	-112.41497	-205.52505	-162.52078	26.249094	-101.73489	-202.86546	110.0	110.0	184799	-279.92258	23.884626	-215.3035	-358.49664	-279.92206	23.887442	-215.7914	-358.5797	279.5427	1.616071	1151.214663028717
113	-147.6696	20.578669	-109.26789	-182.36932	-148.60039	31.333641	-105.97927	-194.68521	110.0	110.0	186449	-280.08423	24.107414	-215.52745	-360.90405	-280.08463	24.111416	-216.55507	-359.25507	279.68948	1.6015601	1162.0342223644257
114	-156.55362	30.428568	-97.02613	-204.20349	-156.27454	35.87758	-84.78413	-203.12973	110.0	110.0	188099	-280.23804	24.270939	-215.67336	-361.8556	-280.2374	24.274364	-216.0478	-361.10617	279.89307	1.6129587	1172.1256728172302
115	-167.10321	20.264503	-126.13865	-194.60413	-158.21866	17.61407	-131.24986	-194.11484	110.0	110.0	189749	-280.2118	24.460361	-216.03174	-364.0264	-280.2118	24.463648	-215.53906	-361.6397	279.77933	1.5738555	1183.0264496803284
116	-148.91646	28.12992	-73.84832	-185.85077	-155.8722	26.137884	-106.75278	-190.2699	110.0	110.0	191399	-280.1501	24.525412	-215.69238	-364.82196	-280.1501	24.527002	-215.34654	-363.71524	279.8022	1.6031255	1193.9303348064423
117	-145.00034	26.636532	-107.06295	-196.95183	-152.13918	33.823975	-99.41741	-185.41806	110.0	110.0	193049	-280.35345	24.56035	-215.89047	-364.98575	-280.3534	24.563002	-215.50995	-363.12827	280.0281	1.5747316	1204.3315615653992
118	-148.76324	26.462002	-107.22662	-201.70114	-153.18202	26.448776	-105.70101	-185.16928	110.0	110.0	194699	-280.48285	24.699646	-215.15274	-366.97855	-280.48276	24.702375	-215.49113	-364.27164	280.14294	1.5677896	1215.098281621933
119	-156.28726	21.264666	-96.196785	-194.57846	-157.96231	16.417572	-135.50029	-181.46758	110.0	110.0	196349	-280.72302	24.844261	-215.76941	-365.52563	-280.72278	24.846909	-215.8679	-364.8502	280.44882	1.574761	1225.2934856414795
120	-150.7498	27.2612	-97.06819	-192.1126	-139.8605	29.319088	-96.623985	-180.95454	110.0	110.0	197999	-280.88126	24.903324	-215.57231	-366.57742	-280.8812	24.907618	-215.74123	-365.59402	280.49814	1.5317167	1235.4112651348114
121	-162.6485	22.149563	-109.91213	-197.41544	-155.94601	22.594183	-108.546646	-172.74323	110.0	110.0	199649	-281.02255	24.99644	-215.96672	-366.6698	-281.02234	24.999771	-215.37076	-366.2258	280.72336	1.5770963	1245.536199092865
122	-166.75577	20.320602	-126.334496	-193.94107	-147.89178	21.680079	-103.38727	-178.75267	110.0	110.0	201299	-281.2161	25.134308	-215.90991	-367.19247	-281.21616	25.137417	-215.47562	-367.46756	280.77704	1.5457203	1256.4259185791016
123	-148.5711	26.90005	-80.60064	-187.06784	-167.21143	20.950117	-130.12737	-197.53513	110.0	110.0	202949	-281.29565	25.07025	-215.61674	-367.72995	-281.2952	25.074526	-215.62442	-366.4399	280.81546	1.575033	1266.899653673172
124	-141.41048	29.929642	-97.70499	-191.00488	-146.63228	28.23605	-78.24537	-176.46783	110.0	110.0	204599	-281.39667	25.424007	-215.09479	-368.0946	-281.39648	25.429127	-215.36661	-366.9284	280.9823	1.5713459	1280.1519947052002
125	-148.62479	21.763046	-116.19375	-188.27933	-158.86281	33.08754	-65.19996	-191.00731	110.0	110.0	206249	-281.30588	25.535822	-215.20589	-367.6508	-281.30536	25.539873	-215.0223	-367.01788	280.81503	1.598875	1292.6305482387543
126	-145.2011	11.029668	-130.53032	-161.09888	-160.90947	26.593176	-116.360695	-188.48541	110.0	110.0	207899	-281.29675	25.583406	-214.74506	-368.57965	-281.29654	25.588205	-214.28238	-366.86975	280.89716	1.5676891	1303.476062297821
127	-144.63976	29.976368	-99.39157	-196.58078	-159.7529	21.778254	-118.11785	-191.00581	110.0	110.0	209549	-281.20053	25.667812	-213.46437	-369.7634	-281.2008	25.6711	-213.488	-366.63858	280.85587	1.5847316	1314.342541694641
128	-149.86513	31.158466	-97.68954	-205.23851	-151.7762	30.20968	-113.016106	-202.28543	110.0	110.0	211199	-280.9978	25.86486	-212.86775	-369.88132	-280.997	25.868578	-213.17383	-368.2179	280.5643	1.5821354	1325.2215356826782
129	-142.42128	23.462229	-80.13701	-174.98259	-141.20456	28.534582	-77.26185	-182.75432	110.0	110.0	212849	-280.8799	25.949448	-212.33757	-370.21445	-280.87988	25.952875	-212.44263	-368.60822	280.51416	1.5342847	1336.072288274765
130	-140.3626	24.277122	-96.87286	-189.56572	-146.29793	30.537926	-74.88439	-188.25389	110.0	110.0	214499	-280.58597	26.061094	-211.67537	-371.85953	-280.58582	26.06493	-211.63484	-369.4485	280.20255	1.5556755	1346.1422655582428
131	-139.81665	26.504303	-92.667885	-191.00859	-157.0969	36.638573	-74.832054	-194.56618	110.0	110.0	216149	-280.49594	26.127623	-211.32558	-373.02423	-280.49594	26.130646	-211.41714	-369.86526	280.12064	1.564508	1356.2802481651306
132	-136.90407	26.37312	-94.66791	-184.5267	-140.24661	41.777897	-45.31946	-192.19528	110.0	110.0	217799	-280.41727	26.247482	-210.8867	-372.48898	-280.41687	26.251064	-211.03575	-369.3359	280.0421	1.5748878	1366.8495604991913
133	-136.39445	32.88629	-75.3903	-185.11577	-158.25522	22.202995	-122.80705	-191.26447	110.0	110.0	219449	-280.3144	26.298683	-210.13313	-370.19543	-280.31424	26.302229	-209.74857	-369.83997	279.97534	1.580655	1377.7256517410278
134	-146.7702	26.995502	-95.04454	-188.59804	-130.8977	37.83928	-64.983154	-184.07281	110.0	110.0	221099	-280.18228	26.478968	-209.76033	-372.46896	-280.18237	26.481825	-209.5955	-369.9481	279.79776	1.5614222	1388.5633075237274
135	-151.25363	37.186806	-83.38704	-204.06729	-128.77951	35.814796	-58.824593	-176.37437	110.0	110.0	222749	-279.93314	26.677723	-208.97113	-371.89005	-279.9328	26.681084	-209.3141	-370.08008	279.5348	1.5394104	1399.384752035141
136	-160.37315	21.621172	-109.39141	-195.58798	-155.43344	21.083824	-118.299866	-187.13576	110.0	110.0	224399	-279.6244	26.833723	-208.35307	-371.62567	-279.6245	26.835623	-208.55357	-371.0594	279.2122	1.5613261	1409.782871723175
137	-148.17372	23.322687	-99.6644	-186.38606	-149.09816	20.870676	-115.59123	-195.82622	110.0	110.0	226049	-279.5208	26.892912	-207.86322	-370.1114	-279.5209	26.894958	-207.69685	-369.19952	279.12158	1.5541978	1420.6674659252167
138	-157.49179	26.780396	-94.23325	-194.9056	-170.18398	24.990194	-116.09271	-202.34412	110.0	110.0	227699	-279.4986	26.958475	-207.28574	-368.40332	-279.4984	26.96142	-206.89154	-368.48877	279.16687	1.5940495	1431.5086133480072
139	-138.78926	37.830406	-78.311874	-197.39996	-127.918045	33.255856	-69.45514	-174.8554	110.0	110.0	229349	-279.40622	27.155272	-206.54263	-368.23376	-279.40607	27.158867	-206.53426	-367.9536	279.04807	1.5680332	1442.359531402588
140	-161.58951	28.640072	-97.924934	-200.2	-168.11066	18.28052	-136.4738	-197.13712	110.0	110.0	230999	-279.3269	27.319016	-206.14058	-367.57074	-279.3265	27.322662	-206.29565	-367.65695	278.94904	1.5780736	1453.2695825099945
141	-147.033	23.404215	-99.677956	-182.46837	-146.20866	25.545454	-98.58789	-181.09395	110.0	110.0	232649	-279.19388	27.46446	-205.58432	-368.97833	-279.1944	27.467688	-205.58536	-368.83237	278.7528	1.6072767	1463.399424314499
142	-150.50758	23.991224	-90.28315	-189.97385	-152.36073	19.848398	-131.39697	-193.70651	110.0	110.0	234299	-279.08282	27.643148	-204.93152	-368.46652	-279.0822	27.64768	-205.09576	-368.07605	278.6754	1.6033952	1474.2670912742615
143	-136.989	29.699743	-90.36541	-190.07857	-153.25108	17.390963	-114.85423	-177.97034	110.0	110.0	235949	-278.8177	27.688232	-204.25348	-367.75195	-278.81763	27.69241	-204.19041	-368.71844	278.56967	1.5490209	1485.1296257972717
144	-153.91719	30.142014	-99.234566	-193.29297	-144.57536	24.85942	-88.36302	-172.3542	110.0	110.0	237599	-278.7012	27.800684	-203.89558	-368.34708	-278.70123	27.803503	-203.99446	-368.4863	278.46768	1.6015109	1495.282150030136
145	-158.96951	27.097733	-88.20645	-200.83824	-144.80815	30.738503	-97.13637	-190.23872	110.0	110.0	239249	-278.51126	27.88799	-203.01302	-368.22513	-278.5108	27.89102	-203.04416	-366.69934	278.07486	1.5895761	1506.2686240673065
146	-145.51396	28.277388	-65.05797	-181.42152	-140.33339	27.60068	-72.68266	-169.88976	110.0	110.0	240899	-278.5147	28.099045	-203.01752	-368.0462	-278.51456	28.101368	-203.02365	-367.9444	278.22177	1.5991936	1516.9945394992828
147	-146.81427	26.657383	-92.15638	-185.7648	-139.93611	26.638474	-92.0531	-183.89563	110.0	110.0	242549	-278.3492	28.14869	-202.18958	-369.3379	-278.3492	28.150621	-202.27016	-367.7284	277.9858	1.5974544	1527.8228726387024
148	-130.15761	24.711868	-76.16183	-172.10123	-130.5156	47.525154	-34.74393	-179.20721	110.0	110.0	244199	-278.228	28.164192	-202.16298	-369.2814	-278.22806	28.166979	-202.39357	-368.7988	277.87375	1.5798316	1538.6964721679688
149	-150.40652	29.429	-98.175804	-197.56944	-159.32394	31.202515	-101.75305	-188.78348	110.0	110.0	245849	-278.02097	28.409756	-201.65656	-369.27847	-278.02078	28.412497	-201.14897	-367.5895	277.74344	1.5874091	1548.8510656356812
150	-156.30182	25.213322	-91.55666	-184.37518	-136.85182	28.158127	-86.2435	-173.39894	110.0	110.0	247499	-277.96494	28.468481	-201.42986	-370.09686	-277.96478	28.471079	-201.41576	-368.37985	277.67087	1.6207366	1559.2770040035248
151	-160.05069	19.623014	-126.895	-190.72617	-160.61751	23.41141	-113.364	-200.90428	110.0	110.0	249149	-277.8392	28.49537	-201.07608	-371.4284	-277.83923	28.496824	-200.71887	-369.72598	277.606	1.6092445	1569.8634140491486
152	-146.90366	33.672756	-67.350105	-196.86218	-141.89258	21.992506	-108.42583	-176.61517	110.0	110.0	250799	-277.74493	28.71899	-200.90117	-370.4848	-277.74478	28.721727	-200.93477	-370.74554	277.50076	1.5923666	1581.0584745407104
153	-148.87225	28.079506	-96.76374	-189.15077	-139.28929	39.532444	-86.6444	-196.19147	110.0	110.0	252449	-277.75967	28.811007	-200.39297	-371.8456	-277.7598	28.813038	-200.04683	-371.68307	277.36685	1.6124705	1591.7877924442291
154	-152.05019	28.551968	-96.463554	-184.63496	-133.3626	37.718666	-67.12847	-189.72842	110.0	110.0	254099	-277.88358	28.900114	-199.69226	-371.5882	-277.88358	28.903193	-199.74829	-370.89377	277.6387	1.5738552	1602.6727950572968
155	-147.57169	28.74221	-95.48863	-198.34877	-127.81045	36.390606	-67.201584	-182.17723	110.0	110.0	255749	-277.55453	29.059517	-199.29501	-371.63275	-277.55408	29.061691	-199.16867	-370.1703	277.03232	1.6417699	1613.557725906372
156	-141.72696	28.322565	-101.62507	-186.75905	-141.40427	26.460543	-103.401024	-186.21695	110.0	110.0	257399	-277.2638	29.058613	-199.35844	-370.63385	-277.26376	29.062548	-198.78748	-370.3153	276.82816	1.5775439	1624.4100818634033
157	-155.53131	29.878206	-71.788414	-193.86765	-140.30717	38.81686	-65.48128	-190.97417	110.0	110.0	259049	-277.03827	29.1093	-198.76855	-372.57477	-277.0379	29.112778	-198.16614	-370.73315	276.75842	1.6426768	1634.8899853229523
158	-140.5921	30.62586	-89.51976	-197.05399	-139.54062	33.19705	-83.55307	-197.14815	110.0	110.0	260699	-276.84827	29.219728	-198.24687	-370.37985	-276.84824	29.223974	-197.60292	-368.41483	276.46155	1.5931349	1645.7619869709015
159	-150.68219	30.753534	-97.64971	-203.9458	-137.75117	27.009373	-96.12924	-182.97826	110.0	110.0	262349	-276.36124	29.345297	-197.55286	-370.7579	-276.36136	29.349068	-197.22195	-369.20654	276.00845	1.6130078	1656.3723933696747
160	-135.62968	28.093697	-87.44206	-197.15428	-147.58298	23.365976	-101.7323	-190.5668	110.0	110.0	263999	-276.12808	29.258709	-197.2835	-370.5312	-276.1274	29.261267	-196.37704	-369.29416	275.76282	1.6123736	1667.2999229431152
161	-154.84952	28.51136	-84.34765	-191.95369	-141.70982	34.556477	-96.820526	-197.20883	110.0	110.0	265649	-276.01883	29.433128	-197.06142	-371.50415	-276.0189	29.436272	-197.10953	-369.22842	275.69507	1.5675685	1677.4061546325684
162	-158.17365	25.44593	-96.7609	-190.96133	-128.17073	38.526054	-35.00074	-176.85838	110.0	110.0	267299	-275.783	29.436749	-196.73924	-370.85114	-275.78302	29.440037	-196.60643	-370.3781	275.35443	1.6007584	1688.3353626728058
163	-143.98488	20.628584	-105.637215	-169.75613	-124.56569	26.182255	-80.85521	-174.51152	110.0	110.0	268949	-275.3058	29.452042	-197.1638	-371.84824	-275.30533	29.455002	-196.3846	-370.692	274.86664	1.6195049	1699.0220823287964
164	-141.37944	28.74403	-85.81981	-192.29984	-155.20801	33.407253	-98.1469	-198.43211	110.0	110.0	270599	-275.13376	29.49578	-196.29495	-370.26932	-275.13354	29.499512	-195.86717	-370.22043	274.75568	1.5996926	1709.9407036304474
165	-147.91754	33.700626	-63.71286	-189.69109	-149.99707	28.906681	-85.86829	-185.79181	110.0	110.0	272249	-274.63416	29.590105	-195.86227	-372.288	-274.63394	29.593012	-195.97368	-370.2138	274.167	1.6329341	1720.8416767120361
166	-143.34157	27.080156	-84.50742	-186.00029	-133.27089	25.829157	-84.26861	-182.678	110.0	110.0	273899	-274.6203	29.57156	-196.04338	-373.42383	-274.62033	29.57439	-195.68661	-370.07962	274.27115	1.647299	1731.8110682964325
167	-130.40866	24.325836	-93.31813	-170.34608	-154.83177	20.201633	-122.954704	-183.63876	110.0	110.0	275549	-274.44128	29.614557	-196.32388	-374.04968	-274.44122	29.617159	-195.74284	-371.4967	273.99564	1.6209954	1742.5054733753204
168	-131.29036	30.323061	-88.59102	-188.71811	-144.0788	25.53887	-101.277534	-177.67061	110.0	110.0	277199	-274.0755	29.650993	-196.11902	-372.22583	-274.0755	29.653992	-195.68031	-371.1475	273.74374	1.6130487	1753.6071648597717
169	-151.11546	30.714071	-80.83556	-202.8564	-149.14302	33.95508	-79.7273	-192.96274	110.0	110.0	278849	-273.75305	29.688303	-195.65459	-372.44852	-273.75266	29.690065	-195.60638	-371.881	273.29034	1.5545888	1764.5487463474274
170	-149.91603	31.364632	-90.28467	-199.60078	-155.21628	24.023512	-109.17898	-191.58324	110.0	110.0	280499	-273.51306	29.708817	-196.2679	-375.2103	-273.5131	29.710436	-195.64615	-374.1844	273.11823	1.574259	1774.9663558006287
171	-156.61632	26.998377	-115.91932	-202.37175	-149.5796	25.882675	-111.584	-189.57556	110.0	110.0	282149	-273.32816	29.783129	-196.02551	-372.5068	-273.32834	29.785069	-195.53651	-373.69278	272.87576	1.574891	1785.8776452541351
172	-129.98685	25.736963	-90.40895	-170.76495	-144.68253	19.402987	-120.82581	-176.51619	110.0	110.0	283799	-273.08932	29.650675	-196.24239	-373.33563	-273.08908	29.652113	-195.47325	-371.96567	272.7009	1.5661789	1796.8353066444397
173	-146.55011	23.7674	-109.64746	-177.3636	-118.09525	43.849228	-44.076977	-187.50961	110.0	110.0	285449	-272.8836	29.712936	-196.21756	-371.28302	-272.88373	29.715563	-195.59088	-372.71652	272.7093	1.545039	1807.7634949684143
174	-134.44858	33.12115	-89.07711	-196.55247	-147.92589	25.880138	-100.04759	-189.10757	110.0	110.0	287099	-272.6	29.555994	-195.50273	-372.77002	-272.59964	29.557474	-195.4049	-373.7151	272.18887	1.5045358	1818.1845819950104
175	-138.68858	31.208405	-87.998825	-187.65044	-142.76022	23.725594	-96.243126	-188.19728	110.0	110.0	288749	-272.3694	29.619936	-195.43713	-373.8032	-272.3693	29.62195	-195.07251	-373.71042	271.91547	1.5176663	1828.3397116661072
176	-140.26186	33.87269	-79.271194	-197.66982	-149.55273	20.869677	-107.578735	-168.97435	110.0	110.0	290399	-271.8947	29.68437	-195.87933	-372.80893	-271.8949	29.685682	-195.29895	-370.60046	271.6097	1.5096201	1838.552613735199
177	-147.29616	30.714226	-100.32817	-199.6169	-149.81406	22.187145	-112.61263	-177.22374	110.0	110.0	292049	-271.7622	29.589808	-195.91206	-372.67822	-271.76196	29.591309	-195.14389	-373.35233	271.40082	1.5281549	1849.4068145751953
178	-136.14157	32.048088	-66.806206	-193.18895	-139.03256	18.795486	-114.89636	-169.1762	110.0	110.0	293699	-271.7481	29.428091	-195.62877	-370.96265	-271.7484	29.428885	-195.41176	-371.93146	271.49542	1.4877824	1860.33127617836
179	-143.66095	23.776962	-112.30146	-189.03557	-123.4208	37.76534	-59.110947	-193.50035	110.0	110.0	295349	-271.37265	29.50646	-195.27533	-372.45	-271.3723	29.5078	-195.13904	-372.58957	271.16263	1.5295142	1871.4954552650452
180	-142.55167	24.318472	-101.63301	-181.75708	-134.3594	32.588802	-76.74932	-170.46141	110.0	110.0	296999	-271.2615	29.454838	-195.4422	-370.9484	-271.2619	29.455772	-195.46806	-371.34146	270.91367	1.4944619	1882.411206483841
181	-127.99758	27.781689	-84.31943	-158.22656	-150.29324	18.708414	-118.8493	-177.53001	110.0	110.0	298649	-270.96115	29.450047	-195.14471	-370.09637	-270.9614	29.449846	-195.25998	-370.57425	270.62027	1.488366	1893.3637058734894
182	-140.6008	28.867142	-76.22376	-188.30428	-160.54524	29.058655	-103.05613	-191.13263	110.0	110.0	300299	-270.86813	29.361576	-195.85713	-371.40747	-270.86804	29.361486	-195.45169	-371.52283	270.3843	1.5029265	1904.3124461174011
183	-155.2657	15.58918	-124.40699	-188.10199	-131.88737	23.701954	-91.16648	-174.14832	110.0	110.0	301949	-270.70297	29.442749	-195.79648	-369.63	-270.70306	29.442696	-195.51129	-370.08087	270.4392	1.458058	1914.390700340271
184	-147.97276	24.612442	-97.318504	-182.18648	-137.22421	34.282948	-89.23829	-195.35617	110.0	110.0	303599	-270.70526	29.391947	-195.72418	-370.28775	-270.70535	29.392292	-195.52429	-370.39154	270.3471	1.4944448	1925.337745666504
185	-147.16295	24.569635	-87.69838	-185.3139	-125.67483	41.043064	-69.28673	-190.29756	110.0	110.0	305249	-270.55026	29.327	-196.06758	-370.17352	-270.55057	29.326685	-195.95729	-370.1011	270.15018	1.5285609	1935.5167229175568
186	-144.37894	33.256966	-70.75965	-188.27046	-127.698326	24.263216	-99.462616	-164.45363	110.0	110.0	306899	-270.2483	29.448366	-196.31253	-368.0231	-270.2481	29.448307	-196.01305	-366.8069	269.99323	1.4754088	1946.3995878696442
187	-137.48125	31.68001	-76.21461	-183.91092	-155.89336	18.516918	-121.72087	-179.05826	110.0	110.0	308549	-270.1137	29.422499	-196.01071	-368.08936	-270.11395	29.421593	-196.1962	-369.64764	269.72	1.5014684	1957.3350248336792
188	-140.03801	19.45869	-99.36306	-180.99226	-135.45947	43.386616	-48.580334	-186.73946	110.0	110.0	310199	-270.1573	29.413124	-196.1777	-367.5751	-270.15775	29.412046	-196.43056	-368.6455	269.80844	1.4989586	1968.2574167251587
189	-138.21143	21.901403	-77.083755	-164.2433	-137.59952	23.890705	-100.60834	-188.77226	110.0	110.0	311849	-269.72253	29.473763	-196.15007	-368.6565	-269.72272	29.47389	-195.63477	-370.2358	269.36102	1.5212733	1979.2121968269348
190	-138.18422	23.571297	-92.93639	-186.8084	-145.0258	26.39467	-87.45727	-185.55624	110.0	110.0	313499	-269.517	29.362612	-195.69604	-371.33896	-269.51715	29.361572	-195.69699	-369.70056	269.30652	1.4923017	1989.8353335857391
191	-141.57706	33.60893	-76.46843	-202.97525	-139.54631	19.177042	-103.20819	-176.90312	110.0	110.0	315149	-269.3903	29.362598	-195.1846	-369.82996	-269.3905	29.362799	-195.59468	-370.61282	268.9692	1.5126113	2000.6200168132782
192	-145.40242	23.71953	-105.30617	-194.08212	-133.0985	28.444036	-90.97935	-173.67326	110.0	110.0	316799	-269.21298	29.22545	-195.14757	-370.37512	-269.2131	29.224375	-195.07228	-369.47748	268.80447	1.5613147	2011.56876206398
193	-142.54964	22.519485	-107.460045	-197.58304	-146.3614	21.986834	-103.39286	-176.32393	110.0	110.0	318449	-269.22586	29.186647	-194.9186	-372.8187	-269.22607	29.185629	-194.8848	-371.3581	268.83228	1.5402474	2021.6949346065521
194	-133.15443	29.268917	-87.589874	-200.23079	-131.4614	37.579433	-58.06514	-188.70023	110.0	110.0	320099	-268.93933	29.230015	-194.64316	-371.00098	-268.9395	29.229168	-194.31485	-371.1632	268.5927	1.5404009	2032.5300097465515
195	-146.89885	21.272568	-102.525276	-188.12888	-115.048874	40.05668	-48.14555	-178.88675	110.0	110.0	321749	-268.6286	29.1265	-194.35883	-371.53125	-268.62866	29.12636	-194.19345	-370.77725	268.27548	1.510788	2043.6743927001953
196	-140.17952	26.209175	-98.047066	-193.80554	-127.63655	16.866262	-100.65844	-158.89932	110.0	110.0	323399	-268.4151	29.085346	-194.31795	-369.7044	-268.41537	29.083885	-194.23892	-369.2279	268.0058	1.5217005	2054.5439994335175
197	-134.09077	21.428661	-104.088936	-176.82097	-143.68826	18.128607	-120.35347	-175.54399	110.0	110.0	325049	-268.17255	29.033327	-193.96024	-370.58383	-268.17273	29.033377	-194.0497	-369.66486	267.8632	1.5136576	2065.4731199741364
198	-132.92662	29.115456	-87.83189	-181.72133	-110.84169	33.980423	-42.726757	-151.59758	110.0	110.0	326699	-267.88068	29.05738	-194.1095	-371.20117	-267.88074	29.057549	-193.63943	-370.29544	267.50253	1.5130045	2076.4323575496674
199	-134.27002	27.374424	-82.10923	-171.03168	-141.76152	31.43805	-93.13026	-175.20778	110.0	110.0	328349	-267.6887	28.90503	-193.3907	-367.87225	-267.68884	28.90589	-193.79771	-367.81494	267.25638	1.5339277	2087.3270449638367
200	-126.66987	21.79079	-73.21781	-166.77129	-131.63213	18.957499	-96.04039	-160.88486	110.0	110.0	329999	-267.47293	28.896084	-193.66496	-366.86496	-267.47327	28.896585	-193.71788	-366.2124	267.09836	1.5279883	2098.297982931137
201	-127.390526	25.35255	-76.9639	-175.1564	-124.51644	25.958433	-95.42383	-178.39288	110.0	110.0	331649	-267.14084	28.703358	-193.35239	-365.2797	-267.14047	28.70357	-193.8559	-365.1365	266.9713	1.5428859	2109.490799665451
202	-126.57769	28.53256	-81.219574	-177.16446	-126.87142	34.58852	-58.62564	-178.4349	110.0	110.0	333299	-266.85452	28.720886	-193.17393	-364.91956	-266.85458	28.72114	-193.18156	-364.4827	266.51816	1.5432042	2120.3085947036743
203	-142.70921	26.075758	-95.19167	-184.63322	-128.22876	19.174871	-94.19089	-152.23013	110.0	110.0	334949	-266.62582	28.551388	-193.37082	-363.34283	-266.62598	28.551167	-193.53545	-363.37518	266.23126	1.5222393	2131.1637670993805
204	-138.38881	29.52548	-68.619995	-185.02644	-149.32219	18.781425	-127.709755	-185.67271	110.0	110.0	336599	-266.36047	28.544926	-192.84103	-362.66647	-266.36096	28.544247	-193.17317	-360.387	265.96973	1.6240023	2142.110007047653
205	-134.28857	31.440487	-79.547295	-177.86908	-136.24681	28.811968	-87.39542	-184.39803	110.0	110.0	338249	-265.99002	28.435495	-192.66759	-364.30878	-265.98993	28.436903	-192.96085	-362.72964	265.8186	1.5746685	2152.961886882782
206	-145.06859	31.49641	-88.99844	-193.97455	-136.47055	23.453735	-94.30115	-172.36723	110.0	110.0	339899	-265.89136	28.455238	-192.6672	-363.21472	-265.89145	28.455662	-193.11224	-362.3158	265.4691	1.6121594	2163.9043979644775
207	-128.137	33.7693	-47.724407	-185.2201	-140.05754	30.411991	-75.9309	-187.0149	110.0	110.0	341549	-265.43253	28.476395	-191.74724	-362.13995	-265.43256	28.476557	-192.53923	-361.26718	265.1771	1.605319	2174.900430202484
208	-128.30948	25.668795	-85.81401	-177.57166	-144.88658	30.074854	-102.25848	-198.32274	110.0	110.0	343199	-265.31232	28.469715	-192.10608	-362.6754	-265.3124	28.470552	-191.97346	-359.9252	264.8978	1.5959573	2185.8252894878387
209	-140.66595	34.226273	-68.11131	-190.3572	-127.40094	17.51502	-103.96869	-167.06404	110.0	110.0	344849	-265.08276	28.523935	-191.86067	-361.96576	-265.08255	28.524668	-191.92369	-359.20682	264.67673	1.5918202	2195.974083662033
210	-145.01358	23.77981	-105.62705	-185.1677	-155.21503	25.199322	-106.33568	-195.02379	110.0	110.0	346499	-264.83768	28.627485	-191.37384	-360.34528	-264.8381	28.627396	-191.93422	-358.52295	264.5494	1.5758493	2206.737504005432
211	-132.94548	18.249155	-91.99713	-157.51288	-142.5916	17.51416	-117.70532	-168.19292	110.0	110.0	348149	-264.55872	28.617176	-191.39551	-357.83643	-264.55887	28.616701	-191.36256	-355.40646	264.1473	1.588545	2217.6960077285767
212	-125.837845	28.019861	-73.11824	-179.40645	-148.62119	21.375923	-110.30478	-187.82681	110.0	110.0	349799	-264.32086	28.665903	-191.2926	-359.44235	-264.3207	28.66631	-191.33453	-356.29807	263.93686	1.5313287	2228.6422979831696
213	-126.59029	30.031214	-72.455696	-179.33887	-141.7085	30.462225	-102.79522	-185.1206	110.0	110.0	351449	-264.13153	28.637043	-191.27284	-353.9352	-264.13156	28.637117	-191.5267	-355.3456	263.7388	1.5549005	2239.3877131938934
214	-145.38457	18.465641	-116.016426	-173.46167	-140.48376	28.695696	-93.0243	-179.19048	110.0	110.0	353099	-263.80093	28.729345	-191.2262	-354.89508	-263.80112	28.729685	-191.5715	-353.66058	263.40604	1.5354779	2249.6164889335632
215	-135.19133	28.033474	-68.78973	-177.94922	-122.14708	25.616203	-80.25949	-160.39348	110.0	110.0	354749	-263.59875	28.807652	-190.93196	-355.82343	-263.59863	28.80854	-191.2721	-353.10165	263.24612	1.529366	2260.5434596538544
216	-125.520294	27.608828	-64.592606	-156.36781	-141.51057	30.17176	-78.06947	-173.42354	110.0	110.0	356399	-263.27875	28.771805	-191.4595	-354.3776	-263.27875	28.77198	-191.49731	-353.2828	262.8499	1.4839213	2271.524070262909
217	-134.42068	26.34023	-90.607735	-173.8305	-134.46164	23.233833	-104.59417	-175.54308	110.0	110.0	358049	-262.99112	28.880135	-191.39848	-354.98727	-262.99133	28.881046	-191.33226	-354.37012	262.6285	1.5058631	2282.491166830063
218	-145.25266	30.310453	-99.66807	-195.63641	-118.90076	32.578068	-73.43145	-168.0535	110.0	110.0	359699	-262.78693	28.772259	-191.74138	-357.07233	-262.78714	28.772877	-191.2822	-354.09738	262.55527	1.4937961	2293.4584958553314
219	-137.1483	25.606924	-106.464455	-186.92677	-155.35915	25.612642	-98.88496	-185.99026	110.0	110.0	361349	-262.594	28.733585	-191.53362	-355.30023	-262.5941	28.734066	-191.54659	-353.75375	262.13443	1.5026935	2304.1001551151276
220	-127.25837	33.2676	-66.93342	-175.87749	-129.4911	28.715244	-79.87189	-163.36221	110.0	110.0	362999	-262.22052	28.803957	-191.60263	-356.88474	-262.22064	28.803886	-191.67294	-354.21143	261.98883	1.4762532	2314.986860513687
221	-125.453636	32.246254	-74.493355	-189.1783	-134.42258	28.829918	-73.89295	-173.95302	110.0	110.0	364649	-261.80423	28.891565	-191.01355	-357.50027	-261.80435	28.891214	-191.32309	-354.7687	261.4046	1.4860936	2325.940644979477
222	-133.19017	28.05641	-87.185265	-179.71793	-142.26895	22.401548	-105.22395	-167.39172	110.0	110.0	366299	-261.5064	28.87534	-191.10136	-357.55203	-261.5064	28.875685	-191.038	-354.61694	260.9867	1.4991128	2336.8984751701355
223	-138.81563	26.954155	-99.312584	-183.27274	-132.27577	27.909586	-74.003174	-165.97394	110.0	110.0	367949	-261.1085	28.887676	-190.88661	-357.3636	-261.1089	28.887428	-190.77399	-355.3309	260.78677	1.4991993	2348.0702362060547
224	-123.80051	29.5267	-83.99187	-186.44191	-134.91708	26.887741	-70.30639	-161.26474	110.0	110.0	369599	-260.85104	28.930294	-190.55063	-358.30923	-260.8509	28.93021	-190.3785	-354.91367	260.4351	1.5033768	2359.077271938324
225	-134.13536	24.374283	-96.04794	-180.1331	-133.69876	21.246927	-104.04435	-179.40903	110.0	110.0	371249	-260.27292	28.93802	-190.11177	-358.53625	-260.27292	28.937336	-190.0043	-354.93195	259.7847	1.4902512	2369.2114248275757
226	-123.43034	23.75451	-73.79572	-161.88321	-141.6287	28.394352	-93.85758	-181.40262	110.0	110.0	372899	-259.94833	28.976988	-189.88872	-356.70276	-259.94843	28.977055	-189.68315	-353.84756	259.65512	1.5252951	2379.4090728759766
227	-132.06145	24.803137	-83.04415	-175.73247	-138.6901	25.283457	-92.183235	-177.2477	110.0	110.0	374549	-259.60947	28.992466	-189.337	-353.1026	-259.6097	28.992012	-189.70287	-353.28912	259.21405	1.532738	2389.556749343872
228	-122.43712	30.87937	-91.70198	-185.68102	-130.71971	38.187767	-59.95869	-180.31848	110.0	110.0	376199	-259.0178	28.975859	-189.02632	-352.1641	-259.01794	28.976032	-189.08165	-352.27258	258.62836	1.5146955	2399.746870994568
229	-126.82962	24.977545	-85.50617	-173.89969	-127.78001	20.792034	-95.83351	-160.82246	110.0	110.0	377849	-258.7467	28.934946	-188.31917	-353.70715	-258.74677	28.935297	-188.80333	-352.69208	258.37125	1.4855247	2409.852789878845
230	-135.33192	30.920527	-85.4622	-199.79643	-137.32382	21.72675	-113.350784	-175.66084	110.0	110.0	379499	-258.22345	28.896927	-188.06271	-352.5165	-258.2239	28.896961	-188.1622	-352.24057	257.779	1.514327	2420.032366037369
231	-135.08759	21.92725	-82.68099	-175.02176	-121.30135	30.942211	-59.546135	-158.47849	110.0	110.0	381149	-258.02325	28.885094	-187.17497	-353.97498	-258.02332	28.885891	-187.7367	-352.97116	257.6476	1.516842	2431.006951570511
232	-123.72805	26.563902	-86.65551	-176.20346	-140.64987	16.475689	-106.59213	-166.70325	110.0	110.0	382799	-257.50363	28.868858	-186.41939	-352.88464	-257.5036	28.86901	-186.92068	-351.8208	256.9452	1.4889983	2441.9075644016266
233	-129.16098	29.731207	-76.357376	-183.6403	-113.4469	32.681816	-64.75207	-161.2796	110.0	110.0	384449	-257.01956	28.989445	-185.70023	-353.23846	-257.01938	28.990417	-186.14183	-352.19522	256.67773	1.492889	2452.914859056473
234	-125.1941	31.186253	-71.5298	-191.13431	-118.37112	29.706978	-61.05966	-158.06403	110.0	110.0	386099	-256.38855	29.028429	-185.0927	-352.02002	-256.38864	29.028933	-185.15063	-352.5239	255.95404	1.4741608	2463.204772233963
235	-125.3693	28.840263	-79.93587	-176.3268	-132.72678	18.850405	-112.16089	-175.80196	110.0	110.0	387749	-256.1118	29.006351	-184.59842	-352.0652	-256.11182	29.00691	-184.77881	-350.9996	255.73822	1.4444867	2474.1319274902344
236	-130.77858	21.476704	-105.19488	-177.49911	-122.56738	27.629993	-67.04739	-162.37794	110.0	110.0	389399	-255.65874	29.026894	-183.94319	-352.55643	-255.65895	29.027021	-183.91678	-350.47858	255.33463	1.4667155	2484.7018866539
237	-113.01675	18.048075	-86.007355	-143.80843	-125.19161	22.8703	-94.39128	-173.82635	110.0	110.0	391049	-255.23836	29.050978	-182.89037	-350.50452	-255.23865	29.051582	-183.16556	-350.22168	254.87328	1.400886	2495.627013683319
238	-124.93531	23.029669	-69.31761	-158.62395	-113.07316	34.34702	-68.33626	-167.10121	110.0	110.0	392699	-254.88109	29.039345	-181.83182	-350.88522	-254.881	29.039473	-182.2185	-349.8614	254.5061	1.4270362	2506.659472465515
239	-130.88737	30.054764	-77.92536	-177.08685	-134.81454	32.032124	-70.992035	-190.55998	110.0	110.0	394349	-254.38437	29.05155	-180.51349	-349.41708	-254.38454	29.051971	-181.73416	-348.52826	253.97536	1.4541056	2517.5172357559204
240	-121.841484	27.940245	-79.03545	-171.1277	-120.0613	21.204344	-83.02032	-146.62679	110.0	110.0	395999	-253.92317	29.145014	-179.99217	-350.86682	-253.92332	29.145557	-180.47389	-350.1452	253.54143	1.4208393	2527.650464296341
241	-113.754234	31.110067	-74.26148	-167.29915	-142.62393	30.522655	-82.39834	-206.34297	110.0	110.0	397649	-253.4162	29.161348	-179.30841	-349.6106	-253.41649	29.161514	-179.44756	-349.36124	253.08769	1.4645936	2538.6159348487854
242	-126.86854	29.728369	-58.855366	-174.2413	-115.7038	28.373041	-76.04112	-163.89452	110.0	110.0	399299	-252.90616	29.229336	-178.50583	-349.43906	-252.90628	29.229404	-178.6316	-349.73764	252.52765	1.4178729	2548.8077425956726
243	-121.19458	19.69358	-86.682465	-148.31317	-120.14476	23.858383	-65.93248	-162.73668	110.0	110.0	400949	-252.6549	29.184385	-177.83987	-348.6696	-252.65486	29.184126	-178.04819	-348.90176	252.2829	1.4644943	2559.6964116096497
244	-110.15639	28.275175	-69.07498	-174.775	-95.98207	29.958004	-47.328415	-145.70064	110.0	110.0	402599	-252.30264	29.235962	-176.66252	-349.0231	-252.30293	29.235607	-177.61583	-349.97452	251.9134	1.4436473	2570.542300462723
245	-132.89963	27.810015	-77.86024	-172.27164	-134.39731	23.144974	-76.46871	-156.84744	110.0	110.0	404249	-251.89809	29.202429	-176.37364	-349.8606	-251.89842	29.201464	-176.69963	-350.879	251.42368	1.4426081	2581.365516424179
246	-126.323685	31.313852	-74.491745	-170.55908	-115.09068	33.819145	-68.413025	-167.18011	110.0	110.0	405899	-251.42728	29.301205	-176.08098	-351.55942	-251.42705	29.301405	-176.09431	-350.99942	250.94795	1.4106146	2592.5279669761658
247	-127.168045	24.581089	-90.002464	-182.4802	-132.84367	36.722485	-72.328224	-192.46027	110.0	110.0	407549	-251.0374	29.32481	-175.54475	-353.02527	-251.0378	29.324066	-175.31635	-351.62415	250.66934	1.4604009	2603.4122190475464
248	-131.35048	20.575678	-90.16111	-161.6918	-122.5354	25.772001	-84.9741	-160.57748	110.0	110.0	409199	-250.76541	29.347986	-174.97751	-350.99478	-250.76541	29.348183	-175.38234	-350.42267	250.34186	1.3746943	2614.34942984581
249	-131.85497	37.007523	-50.98401	-191.41731	-128.53984	39.82696	-69.69026	-178.9809	110.0	110.0	410849	-250.39069	29.445951	-174.36198	-351.78958	-250.39122	29.445097	-174.98831	-351.4713	250.09232	1.4386458	2625.2201879024506
250	-130.11406	24.91199	-80.01382	-167.71124	-130.54102	24.079556	-87.435646	-163.23528	110.0	110.0	412499	-249.98004	29.451605	-173.78912	-351.84973	-249.98027	29.450914	-174.42818	-350.37225	249.5855	1.4446476	2636.1931982040405
251	-134.75505	29.053022	-64.07767	-173.8579	-114.41545	30.567495	-69.21022	-159.88113	110.0	110.0	414149	-249.58315	29.443123	-173.45212	-350.79047	-249.58322	29.442692	-174.04367	-349.94272	249.16621	1.4632213	2647.313538789749
252	-122.604546	31.727991	-74.647156	-173.78308	-130.63081	44.163963	-24.406908	-181.96515	110.0	110.0	415799	-249.35278	29.55449	-172.88037	-349.6822	-249.35313	29.553865	-173.59349	-348.92578	249.01297	1.4683741	2658.045261144638
253	-124.795395	20.976566	-83.8216	-162.48108	-132.4426	39.021477	-73.89236	-183.5543	110.0	110.0	417449	-248.88315	29.557838	-172.55074	-351.8732	-248.88322	29.557402	-173.09354	-348.30612	248.48134	1.457834	2668.312575817108
254	-121.03663	23.77687	-62.987812	-165.61855	-136.4187	17.838528	-112.926186	-164.65427	110.0	110.0	419099	-248.46126	29.499866	-172.36563	-348.66278	-248.46153	29.500252	-172.65755	-348.662	248.12878	1.4473038	2678.389140367508
255	-125.189095	25.321394	-92.75055	-175.04076	-126.20534	30.273415	-59.957153	-169.59875	110.0	110.0	420749	-248.14572	29.504263	-171.96848	-348.35022	-248.14589	29.503878	-172.15996	-348.83478	247.85709	1.4387484	2688.483230829239
256	-120.08577	30.978395	-56.560993	-163.19559	-128.72012	28.209057	-86.80397	-180.95406	110.0	110.0	422399	-247.8994	29.50853	-171.60811	-348.97647	-247.89917	29.5086	-171.79576	-348.8234	247.5706	1.4477065	2698.928498029709
257	-119.12407	31.058443	-67.24534	-180.30115	-128.37369	26.967178	-83.960075	-175.92189	110.0	110.0	424049	-247.50676	29.515873	-171.72914	-347.5081	-247.50711	29.516039	-171.47325	-347.04565	247.10326	1.4333047	2709.985947370529
258	-127.81495	27.33966	-62.192596	-173.12328	-109.945755	32.451862	-60.367714	-156.60356	110.0	110.0	425699	-247.20741	29.403126	-171.80182	-346.70395	-247.20766	29.401781	-171.25005	-347.59546	246.87082	1.4500855	2720.951907157898
259	-113.275276	26.447947	-69.214966	-172.536	-122.47566	24.934803	-73.95567	-164.43039	110.0	110.0	427349	-246.92955	29.428457	-171.59976	-347.15677	-246.93	29.428965	-170.95601	-347.36438	246.60674	1.4386618	2731.8601450920105
260	-130.27036	31.317974	-80.8201	-178.2285	-133.73894	30.991747	-92.36562	-179.03706	110.0	110.0	428999	-246.65259	29.589659	-171.23917	-347.48892	-246.65253	29.588568	-170.56795	-347.53235	246.34566	1.4507482	2742.8354880809784
261	-132.89177	21.259022	-98.049194	-170.27626	-118.01597	18.133305	-77.72157	-147.69801	110.0	110.0	430649	-246.31145	29.514074	-170.74927	-346.45816	-246.31175	29.512856	-170.93083	-347.3426	245.88072	1.4379513	2752.9284584522247
262	-118.00632	22.62538	-82.75512	-170.72223	-117.86375	36.91751	-63.8258	-187.77963	110.0	110.0	432299	-246.2459	29.64809	-170.73131	-348.4701	-246.24626	29.647661	-170.70801	-346.88055	245.92638	1.4424541	2763.833203792572
263	-133.04137	28.52802	-51.1615	-172.2505	-131.82957	27.400448	-87.28218	-178.03836	110.0	110.0	433949	-245.84653	29.56531	-170.06924	-347.94147	-245.84686	29.564894	-170.55081	-348.00647	245.42635	1.4824173	2774.589752435684
264	-127.75446	24.793264	-84.19879	-187.94617	-154.28503	21.61808	-120.05068	-184.68707	110.0	110.0	435599	-245.60133	29.575375	-170.35254	-347.5566	-245.60101	29.575422	-170.36005	-349.11237	245.20341	1.4670583	2785.6034636497498
265	-131.217	27.852709	-90.36072	-197.89883	-141.22246	30.296099	-88.21041	-180.81096	110.0	110.0	437249	-245.51978	29.433628	-170.17688	-347.793	-245.51985	29.433878	-170.13885	-345.7676	245.20042	1.4454596	2796.467635154724
266	-137.43326	32.171444	-82.63303	-195.93373	-130.7143	20.087383	-95.50774	-162.58005	110.0	110.0	438899	-245.12032	29.480524	-170.04805	-348.24258	-245.12082	29.480911	-169.99718	-348.1168	244.76915	1.4557779	2807.348829984665
267	-126.19826	30.747343	-83.49056	-173.40494	-126.34951	21.57976	-104.60973	-162.4761	110.0	110.0	440549	-245.02425	29.42772	-169.60368	-347.47327	-245.02449	29.426819	-169.72374	-347.34198	244.61421	1.4517097	2818.246205806732
268	-128.8347	33.061726	-68.40755	-174.16742	-133.33664	23.23634	-96.54318	-161.63464	110.0	110.0	442199	-244.77951	29.639645	-169.33769	-349.05096	-244.77975	29.639221	-169.31934	-347.04294	244.31189	1.4818046	2829.3299016952515
269	-134.4924	22.636627	-99.79726	-174.33267	-142.33766	25.375513	-110.8262	-182.61748	110.0	110.0	443849	-244.52025	29.48727	-169.1572	-348.092	-244.52046	29.487415	-169.39893	-348.55164	244.12735	1.4802518	2839.6574382781982
270	-135.7977	31.72747	-79.07347	-178.80853	-139.31416	24.196253	-103.51183	-175.18001	110.0	110.0	445499	-244.47615	29.557251	-169.04495	-348.74792	-244.4764	29.557226	-169.06837	-347.9427	244.17917	1.4998615	2850.6311826705933
271	-133.86687	25.72277	-96.22285	-182.73521	-145.10002	22.669174	-92.61226	-172.02618	110.0	110.0	447149	-244.28416	29.555191	-168.92903	-348.72083	-244.28392	29.554403	-169.12798	-348.5078	243.95012	1.5027602	2860.913702726364
272	-140.34099	36.74156	-57.583965	-183.62148	-134.36697	39.79864	-49.90467	-183.74751	110.0	110.0	448799	-244.06313	29.60881	-168.6061	-348.50726	-244.06349	29.607962	-168.59827	-348.6755	243.74173	1.444945	2871.765711069107
273	-114.146255	19.763828	-77.130165	-158.85213	-142.1619	26.400566	-92.12807	-178.40985	110.0	110.0	450449	-243.83542	29.723846	-168.61015	-346.57874	-243.83568	29.723913	-168.36688	-347.59412	243.45158	1.5095212	2882.7094864845276
274	-130.53014	15.254884	-111.21677	-161.65523	-142.62428	25.078234	-98.547455	-178.237	110.0	110.0	452099	-243.67316	29.654251	-168.46335	-347.71066	-243.67375	29.653112	-168.30232	-348.10294	243.38396	1.526921	2893.642996788025
275	-139.16582	29.866856	-61.498856	-174.94196	-118.05409	22.032675	-84.69161	-156.46317	110.0	110.0	453749	-243.5238	29.796146	-167.93755	-347.68	-243.52391	29.79618	-168.20158	-346.75784	243.04875	1.4429927	2903.80419921875
276	-124.06871	33.186993	-54.81152	-171.81462	-141.29666	27.178013	-103.69075	-193.64241	110.0	110.0	455399	-243.25464	29.785557	-167.88345	-347.43158	-243.25455	29.784977	-168.07495	-346.44757	242.92232	1.5344825	2914.007132768631
277	-134.57559	34.44445	-55.601505	-195.45267	-129.95897	29.121662	-72.0605	-177.93787	110.0	110.0	457049	-243.24974	29.936026	-167.54608	-346.74893	-243.25026	29.935305	-167.46281	-347.19504	242.9327	1.4886405	2924.9702360630035
278	-133.68918	21.182522	-96.254456	-164.73328	-119.25581	28.693195	-77.23859	-169.1946	110.0	110.0	458699	-243.04495	30.127138	-167.62834	-347.4546	-243.04514	30.126608	-167.47504	-347.0957	242.61775	1.521907	2935.1648976802826
279	-130.81496	27.135239	-88.13923	-190.8842	-123.948715	39.64561	-50.488003	-182.60641	110.0	110.0	460349	-242.98492	30.101194	-167.48946	-347.3034	-242.98518	30.099838	-167.39952	-346.68198	242.6971	1.5267053	2946.1907176971436
280	-143.24309	33.9447	-61.555626	-179.23341	-110.94698	39.618248	-60.096962	-173.13223	110.0	110.0	461999	-242.7897	30.201143	-167.28355	-349.2878	-242.78983	30.200161	-167.11267	-347.85245	242.55833	1.5163583	2957.1392941474915
281	-126.63102	34.600224	-61.970715	-181.73167	-116.35081	40.8355	-53.792633	-164.89212	110.0	110.0	463649	-242.57433	30.25658	-166.36012	-347.58676	-242.5744	30.256216	-166.44324	-346.62802	242.29219	1.5093824	2968.044268846512
282	-118.06264	29.886162	-57.44766	-155.70256	-125.85455	27.647959	-64.5905	-162.13144	110.0	110.0	465299	-242.55493	30.378513	-166.42537	-347.40955	-242.55544	30.378622	-166.2027	-346.05637	242.21948	1.5317323	2979.027018070221
283	-142.48615	34.401592	-78.97543	-198.81145	-116.86538	39.098446	-49.715733	-181.60585	110.0	110.0	466949	-242.41357	30.524113	-165.4743	-348.72406	-242.41357	30.523098	-165.38705	-347.416	242.14552	1.5276897	2989.7626898288727
284	-129.83934	27.13348	-69.68828	-188.56046	-110.91246	33.055458	-47.750454	-164.63388	110.0	110.0	468599	-242.1773	30.688732	-165.16362	-348.61887	-242.17764	30.6894	-165.50143	-347.14853	241.85307	1.5425085	3000.749459028244
285	-128.41962	34.78766	-83.03126	-190.90575	-146.49672	29.168219	-98.75563	-192.09518	110.0	110.0	470249	-242.0425	30.571136	-164.65869	-349.75366	-242.04271	30.570477	-164.79214	-347.05554	241.75633	1.5754032	3011.733451128006
286	-131.25363	28.00259	-78.339325	-183.965	-127.998215	33.4779	-77.714714	-175.54074	110.0	110.0	471899	-241.92674	30.754906	-164.4154	-346.71915	-241.92691	30.755154	-164.19969	-348.90527	241.56836	1.5549942	3022.683422803879
287	-118.279175	24.562452	-81.31045	-174.12108	-127.6782	24.89746	-96.69179	-169.13535	110.0	110.0	473549	-241.93542	30.850657	-164.01971	-350.5838	-241.93561	30.850538	-163.68927	-347.94724	241.5392	1.5498337	3033.3439512252808
288	-126.464165	34.83969	-70.672905	-199.622	-120.630356	26.104502	-79.490166	-167.54349	110.0	110.0	475199	-241.88022	31.078817	-164.03885	-347.6666	-241.88048	31.078913	-163.64845	-346.92654	241.57278	1.5951039	3043.5380771160126
289	-146.18903	33.002758	-77.41222	-193.61203	-138.01224	19.820107	-91.49552	-160.5773	110.0	110.0	476849	-241.82608	31.119814	-163.45079	-346.06	-241.82611	31.120602	-163.45386	-346.54553	241.3806	1.5287585	3054.438078403473
290	-132.15434	42.07721	-69.96793	-208.56682	-127.75679	26.722652	-74.87553	-164.99484	110.0	110.0	478499	-242.05348	31.287563	-163.18597	-347.41983	-242.05367	31.287376	-163.04338	-346.55148	241.5626	1.5903208	3065.5312876701355
291	-137.79367	30.037394	-83.51959	-184.36668	-145.8583	35.12886	-91.15928	-205.77917	110.0	110.0	480149	-241.65186	31.547808	-163.38828	-347.62564	-241.65227	31.548702	-162.886	-347.2497	241.33113	1.5189662	3076.537125825882
292	-117.433266	27.406225	-76.029	-168.8557	-138.75912	23.214039	-101.84533	-183.04694	110.0	110.0	481799	-241.68558	31.683765	-162.76521	-347.06696	-241.68533	31.685099	-162.55191	-346.78485	241.26505	1.5802157	3087.485111474991
293	-119.25513	24.30945	-71.93146	-168.23483	-139.66226	20.239649	-91.09199	-166.48204	110.0	110.0	483449	-241.72897	31.764511	-162.50328	-348.83395	-241.72905	31.76453	-162.25989	-346.96985	241.27962	1.5759343	3097.7288999557495
294	-127.59719	25.779646	-98.55603	-183.59798	-145.95026	21.865864	-114.101	-187.47939	110.0	110.0	485099	-241.8735	31.96363	-162.5639	-346.87524	-241.87372	31.96501	-161.94893	-346.89206	241.58928	1.5537559	3108.646858692169
295	-128.15523	29.731417	-71.6356	-181.33798	-143.32239	35.557167	-87.54522	-198.80441	110.0	110.0	486749	-241.71213	31.979204	-162.79868	-347.55524	-241.712	31.98062	-161.97171	-346.4819	241.22208	1.573349	3119.6113209724426
296	-143.97427	26.312927	-95.0416	-199.6544	-135.48193	25.654585	-76.17614	-167.8645	110.0	110.0	488399	-241.74208	32.121723	-162.43758	-347.74756	-241.74243	32.122215	-162.18262	-347.70523	241.39143	1.5955651	3129.8283081054688
297	-141.2593	33.218	-78.32384	-196.78334	-131.49261	29.775976	-58.26185	-171.51294	110.0	110.0	490049	-241.62393	32.202206	-162.33911	-348.48755	-241.62383	32.203236	-162.20871	-347.91736	241.2739	1.5839627	3140.6543962955475
298	-132.67363	34.475677	-82.869354	-196.59953	-132.79738	32.58908	-79.212776	-179.34695	110.0	110.0	491699	-241.6361	32.294025	-162.3752	-349.19638	-241.63579	32.2951	-161.9679	-347.7229	241.21701	1.6104989	3150.826807498932
299	-124.211525	20.951553	-88.81878	-167.77222	-116.70331	36.849804	-58.604153	-181.80318	110.0	110.0	493349	-241.59157	32.45943	-161.5698	-348.82233	-241.59224	32.459377	-161.44177	-347.66306	241.3344	1.5324941	3161.706481695175
300	-134.32246	27.134817	-79.2042	-180.48807	-119.562454	26.966944	-60.716274	-160.23761	110.0	110.0	494999	-241.45804	32.47619	-161.4149	-348.91333	-241.4582	32.476498	-161.27798	-349.6742	241.19485	1.5553001	3172.684206008911
