Epoch	AverageEpRet	StdEpRet	MaxEpRet	MinEpRet	AverageTestEpRet	StdTestEpRet	MaxTestEpRet	MinTestEpRet	EpLen	TestEpLen	TotalEnvInteracts	AverageQVals	StdQVals	MaxQVals	MinQVals	LossPi	LossQ	Time
1	-15196.872	3611.8164	-9377.616	-24280.49	-10379.139	6625.6685	-857.50696	-25127.645	220.0	220.0	3299	-339.63766	207.06436	0.22474396	-1143.7605	329.69687	1113.0233	22.03533411026001
2	-12725.004	2614.5686	-8236.714	-18663.338	-3390.8208	3315.1511	-1050.4188	-12825.903	220.0	220.0	6599	-941.00995	330.00037	-183.23636	-2237.4448	915.5023	2453.534	46.01039719581604
3	-12993.403	2165.225	-7736.698	-17111.82	-5933.562	6767.9243	-63.13338	-24587.852	220.0	220.0	9899	-1401.6742	353.88785	-433.26434	-2525.2117	1363.5524	3216.8982	70.71947002410889
4	-4111.195	4353.956	-178.44495	-15836.7705	-5622.4805	4409.578	-537.72076	-14955.495	220.0	220.0	13199	-1508.71	397.202	-593.683	-2872.4478	1466.6012	2928.5298	107.21426606178284
5	-6447.442	5437.618	-679.20514	-20703.82	-3907.9653	4184.288	-753.8425	-15573.1	220.0	220.0	16499	-1518.9255	447.36752	-633.72156	-3207.1882	1485.5413	2490.392	139.76768493652344
6	-4241.3857	4268.805	-735.3326	-17945.246	-3739.4858	2710.9458	-1224.8295	-9711.046	220.0	220.0	19799	-1595.4117	485.0583	-676.42944	-3434.7993	1568.2312	2259.0173	173.21985816955566
7	-2894.257	1740.6332	-568.4915	-5636.4385	-5584.0645	5211.508	-944.3288	-15525.392	220.0	220.0	23099	-1681.3663	555.21796	-711.81287	-3603.6804	1655.6566	2219.2148	200.3530831336975
8	-3047.0083	2302.288	-253.44582	-8703.525	-5557.9424	5144.3774	-759.30536	-18811.688	220.0	220.0	26399	-1679.3386	604.0847	-692.4221	-3664.9307	1653.4518	2123.513	227.93086981773376
9	-4333.0503	2756.4255	-439.59918	-11478.684	-4630.0586	2894.0173	-1285.9957	-10907.652	220.0	220.0	29699	-1650.4214	628.2403	-659.85004	-3706.8928	1625.4803	1997.6085	254.6872899532318
10	-4126.611	2414.109	-648.2711	-8566.83	-2681.5483	871.3037	-971.8763	-4275.5503	220.0	220.0	32999	-1623.4548	645.9457	-580.0896	-3825.4504	1599.7146	1848.647	282.2964987754822
11	-3762.9927	1569.6241	-951.9439	-6876.663	-2278.4702	1308.1448	-524.9332	-4468.964	220.0	220.0	36299	-1599.1034	661.99475	-492.82056	-3900.5312	1576.465	1748.3567	312.2234048843384
12	-2646.182	1411.7996	-349.5145	-5248.665	-3869.6667	1887.5188	-1592.499	-6913.4385	220.0	220.0	39599	-1563.8369	669.99347	-383.80576	-3993.7505	1542.0591	1657.5453	339.21211194992065
13	-3291.0857	3340.2605	-612.02765	-13793.139	-2291.1868	1686.2043	-238.15182	-5450.3623	220.0	220.0	42899	-1526.3254	675.1977	-317.8647	-4145.1826	1504.9025	1610.197	366.235319852829
14	-3576.691	4146.0156	-175.04248	-17466.328	-4523.7964	5354.5767	-513.41895	-18353.994	220.0	220.0	46199	-1481.5801	688.077	-276.6969	-4316.5767	1460.483	1553.3849	393.8530547618866
15	-2904.3545	1716.6266	-744.9611	-6531.78	-2820.264	3056.8503	-307.99695	-10867.121	220.0	220.0	49499	-1428.2632	703.4832	-236.77127	-4498.3726	1407.1018	1545.4932	423.49045181274414
16	-4487.0654	3642.8696	-1173.1344	-16304.288	-2128.548	2014.5104	-408.7869	-7403.042	220.0	220.0	52799	-1377.3461	715.7604	-163.24393	-4624.756	1356.4957	1523.8612	453.980516910553
17	-2455.775	1300.5818	-738.57153	-4734.3516	-3197.2668	2153.6409	-291.59796	-6697.5034	220.0	220.0	56099	-1314.7605	724.49243	-95.44141	-4632.4517	1293.4336	1539.1688	482.9014298915863
18	-2358.7036	2304.8438	-195.54196	-8319.162	-4008.1294	3233.4424	-250.58348	-9358.328	220.0	220.0	59399	-1235.318	719.86816	-32.827774	-4568.148	1214.4824	1545.9728	512.7300038337708
19	-3144.3635	3144.252	-186.05368	-12122.648	-2208.0835	1810.542	-423.3895	-5433.211	220.0	220.0	62699	-1148.6165	720.3542	5.7052307	-4551.2383	1127.9442	1481.4586	543.3125081062317
20	-2550.1492	2153.91	-251.59314	-6408.527	-3854.0696	4106.786	-899.40985	-15345.537	220.0	220.0	65999	-1074.6919	723.02075	71.09973	-4699.052	1053.3647	1411.9951	570.5978479385376
21	-1825.3793	1352.536	-286.04828	-5541.6074	-4198.839	1700.6403	-1150.8052	-6596.54	220.0	220.0	69299	-988.6234	742.00616	171.18568	-4846.3247	967.305	1410.8073	600.4263479709625
22	-2338.6365	2347.0642	-349.95285	-9958.719	-3251.6995	2717.847	-277.2662	-9908.832	220.0	220.0	72599	-885.4751	730.6201	279.34366	-4502.8257	864.39984	1341.9857	628.3151729106903
23	-2583.774	2058.3394	-118.21459	-7383.9707	-2035.4088	2020.256	-476.6824	-7750.7534	220.0	220.0	75899	-796.9428	718.38806	380.68784	-4350.6646	776.0368	1258.3154	655.4428009986877
24	-3357.4558	3787.2124	-704.7171	-15698.711	-2085.593	1116.1956	-636.4396	-4255.539	220.0	220.0	79199	-717.93646	716.2937	475.04782	-4173.4165	697.1304	1210.2106	682.7447137832642
25	-1965.4386	1730.614	-530.8877	-7052.5464	-2172.5962	2450.8684	-226.60402	-9139.801	220.0	220.0	82499	-633.4964	709.29083	524.3046	-4023.2373	612.705	1158.4537	712.5646398067474
26	-1489.5288	1351.7067	-322.85065	-5375.251	-1731.9242	1539.3832	-427.35223	-5803.725	220.0	220.0	85799	-537.6333	706.28296	574.4139	-3917.7996	516.13165	1111.7582	737.5504319667816
27	-2269.575	2029.4438	-326.5469	-8290.285	-1525.4901	1476.2843	-131.06787	-5165.5435	220.0	220.0	89099	-432.91693	693.62067	628.8598	-3758.7737	411.01666	1066.2609	762.4699051380157
28	-2004.1328	1603.9028	-313.33508	-6108.3857	-2953.8325	2784.0166	-893.5454	-8706.593	220.0	220.0	92399	-335.7342	677.0005	709.47	-3618.1724	314.462	1073.2716	787.3937251567841
29	-1907.266	1406.6119	-541.1564	-6138.732	-3523.8386	3428.662	-285.95087	-10244.7	220.0	220.0	95699	-233.35666	660.8315	818.22986	-3477.5527	212.03154	1062.1245	812.3848071098328
30	-2836.461	1522.2427	-371.0179	-5810.5366	-2025.0156	1954.3447	-649.2571	-7298.9365	220.0	220.0	98999	-152.85226	655.73785	875.77704	-3274.4104	131.80365	1029.7474	837.2086901664734
31	-1952.1735	1524.2781	-292.35577	-5569.1104	-3804.909	4349.885	-631.2412	-15824.958	220.0	220.0	102299	-79.55275	641.53125	975.62103	-3260.863	59.3455	993.62195	862.1641230583191
32	-3076.1294	1926.0353	-672.3894	-6854.657	-3284.325	4279.7285	-300.6951	-14526.891	220.0	220.0	105599	-18.302187	621.2369	1013.5257	-3286.012	-1.3313897	959.0442	887.1534399986267
33	-2143.7615	1871.3438	-468.69943	-7732.8047	-2435.9358	2141.9868	-443.97195	-8153.8135	220.0	220.0	108899	32.836254	597.8664	1155.4459	-3106.8652	-52.641487	1003.9668	912.0320239067078
34	-1915.0326	1279.7032	-246.99153	-6178.3975	-3541.5457	2572.8433	-118.9971	-8012.0024	220.0	220.0	112199	96.35371	580.31616	1234.5773	-2919.675	-117.27123	991.9398	936.9768071174622
35	-1422.2556	904.4731	-356.4112	-3360.0176	-1888.76	1929.2584	-391.69672	-7120.1616	220.0	220.0	115499	166.63583	575.3602	1313.0793	-2793.478	-187.9511	993.82983	961.7074537277222
36	-1400.6652	1330.4397	-396.65927	-5669.533	-2713.6985	3173.9895	-708.70294	-11733.235	220.0	220.0	118799	252.73508	579.75256	1395.3547	-2760.574	-274.87576	994.3038	986.9100368022919
37	-2425.4128	3112.6257	-331.81458	-12019.01	-3938.893	5610.5225	-314.722	-18020.238	220.0	220.0	122099	341.9974	592.45886	1483.5432	-2745.5684	-364.50446	1007.27637	1017.1138138771057
38	-1528.8153	912.0093	-514.37213	-3882.2651	-1876.0164	1903.1008	-306.38876	-7178.948	220.0	220.0	125399	438.39423	599.42474	1620.0974	-2694.692	-461.3177	1007.9858	1047.1552119255066
39	-2333.527	1486.1056	-462.2408	-4739.5103	-1247.1124	945.3365	-171.53821	-3335.4324	220.0	220.0	128699	527.9243	607.5378	1803.6814	-2655.6863	-550.2751	995.0405	1078.0321698188782
40	-1532.5294	1034.1885	-225.5348	-3828.637	-1995.2966	2066.395	-286.91415	-7796.971	220.0	220.0	131999	607.91327	612.0119	1846.7797	-2645.2644	-629.6786	997.2235	1103.7188467979431
41	-2074.2632	1126.4878	-674.5071	-4314.5415	-2513.847	3734.5745	-219.00806	-13334.135	220.0	220.0	135299	678.48535	606.56793	1851.3541	-2588.3652	-700.344	984.32135	1128.796140909195
42	-1832.423	1514.7415	-445.2656	-5761.9307	-963.60876	556.2765	-362.2361	-2300.9175	220.0	220.0	138599	751.4831	600.05804	1870.9825	-2494.7231	-774.22455	1003.35736	1155.2864317893982
43	-1143.9225	575.5211	-172.24812	-2340.6333	-1571.2943	972.50415	-388.78305	-3680.267	220.0	220.0	141899	834.3171	576.6905	1881.9711	-2431.5325	-857.5738	1019.6665	1181.0550589561462
44	-2215.0447	2414.095	-395.34708	-10470.431	-2100.724	1173.1815	-478.37088	-3630.7495	220.0	220.0	145199	927.1187	552.83606	1933.836	-2369.2908	-950.9509	988.75574	1206.0010929107666
45	-1529.9712	947.45715	-241.45242	-3645.0964	-1413.1272	1258.3478	-192.86058	-4677.4453	220.0	220.0	148499	1027.3232	534.546	1958.6914	-2287.0264	-1051.6527	978.12573	1230.9985587596893
46	-2134.8796	1644.9971	-343.69815	-6279.2075	-1135.9016	714.3501	-373.0822	-2463.7021	220.0	220.0	151799	1121.2894	520.44073	2090.6477	-2197.9072	-1145.7828	945.77	1256.3183779716492
47	-1318.8375	752.0414	-351.18802	-2663.2986	-2417.424	1514.6812	-930.9114	-6258.029	220.0	220.0	155099	1205.8466	503.1385	2221.7148	-1868.03	-1229.4998	923.2	1281.5018758773804
48	-1909.2142	1581.5771	-115.684326	-6023.0093	-2153.402	1554.9509	-231.33974	-5096.0103	220.0	220.0	158399	1274.3158	493.98822	2336.1768	-1619.6914	-1296.8385	891.2702	1306.7159769535065
49	-1731.1932	1100.1383	-469.55783	-4284.8423	-2195.416	1696.7151	-274.72516	-6325.7456	220.0	220.0	161699	1320.9747	490.47525	2413.56	-1470.7308	-1343.2971	865.80804	1331.768059015274
50	-2193.7556	2589.725	-605.2836	-11202.146	-1660.1	1147.3015	-175.24591	-3853.3027	220.0	220.0	164999	1371.5186	487.5262	2488.4873	-1275.779	-1393.9321	844.1423	1356.9643149375916
51	-1663.0664	768.96936	-606.59467	-3366.6348	-1960.2751	1190.5638	-902.86914	-5073.9062	220.0	220.0	168299	1423.9332	487.6175	2539.5405	-1327.7515	-1446.2693	856.9712	1382.3435208797455
52	-2610.7407	2164.526	-235.99777	-7797.7036	-3850.8403	3045.081	-171.6764	-8757.666	220.0	220.0	171599	1474.4346	490.14197	2526.8596	-1146.275	-1497.547	867.18695	1407.5991101264954
53	-1522.0992	1351.8108	-379.88028	-5491.643	-1335.0759	1008.7473	-691.9365	-4190.687	220.0	220.0	174899	1534.1857	489.1064	2536.1523	-1148.5741	-1557.633	870.00696	1432.8968749046326
54	-1465.8231	1645.6897	-416.74908	-6928.3867	-1786.9369	616.45575	-692.7812	-2780.4783	220.0	220.0	178199	1592.1431	494.61966	2607.0562	-1268.7059	-1615.3467	882.4897	1458.0079658031464
55	-2644.072	2537.9739	-345.53455	-10565.818	-3852.5073	4211.207	-871.0934	-15931.334	220.0	220.0	181499	1650.826	500.71918	2693.304	-1395.4456	-1674.6669	893.1702	1483.2437920570374
56	-1505.7059	748.3023	-508.79993	-3278.279	-1669.2014	1349.5942	-419.38293	-5210.2646	220.0	220.0	184799	1707.0171	510.5901	2789.0815	-1526.0387	-1730.42	874.6517	1508.145843744278
57	-1286.7133	851.3517	-369.04404	-3114.4634	-1937.124	1053.1373	-1077.0382	-4649.364	220.0	220.0	188099	1752.9886	527.747	2844.4858	-1559.4731	-1775.7931	877.9635	1533.047835111618
58	-2092.7576	1306.5511	-324.77518	-5090.857	-1581.4336	1166.4773	-235.88158	-3802.5337	220.0	220.0	191399	1792.3303	541.81213	2873.0881	-1502.9976	-1815.1973	911.99115	1558.4183547496796
59	-1956.4019	1608.5728	-547.9406	-6818.3936	-3225.164	4499.884	-653.80096	-16227.084	220.0	220.0	194699	1819.669	541.72955	2884.3225	-1205.4358	-1842.323	927.5255	1583.5908579826355
60	-1462.0698	1036.4452	-212.85748	-3570.7607	-3027.5293	3477.2615	-641.18005	-13085.383	220.0	220.0	197999	1856.1578	528.93335	2752.234	-1478.3397	-1878.8645	927.8785	1608.6352999210358
61	-1674.5807	965.6389	-412.1378	-3621.6003	-1484.2391	1199.1891	-81.631134	-3587.822	220.0	220.0	201299	1891.2677	520.9928	2789.5613	-1399.9344	-1914.221	900.7604	1633.5618369579315
62	-1179.4467	589.5746	-128.9026	-2397.0964	-1656.4246	665.16595	-429.6605	-2573.7153	220.0	220.0	204599	1924.0184	513.2137	2826.5952	-1380.9862	-1947.1909	899.0985	1658.7424609661102
63	-1371.5642	987.1805	-129.1602	-3809.5522	-1867.8103	1405.2627	-558.8561	-5473.546	220.0	220.0	207899	1963.8187	515.36115	2845.0913	-1384.2355	-1986.7903	905.8665	1683.8917789459229
64	-1445.0542	986.697	-618.1546	-4791.619	-1745.0808	1678.5283	-553.26794	-6330.698	220.0	220.0	211199	2003.5553	517.3048	2886.5007	-1299.8086	-2027.0262	890.23047	1709.0292148590088
65	-2111.3745	2404.952	-228.43556	-9582.783	-2990.4165	2616.3005	-646.4711	-9504.454	220.0	220.0	214499	2045.8579	519.4707	2949.5332	-1021.78735	-2069.549	891.1542	1734.0651738643646
