Epoch	AverageEpRet	StdEpRet	MaxEpRet	MinEpRet	AverageTestEpRet	StdTestEpRet	MaxTestEpRet	MinTestEpRet	EpLen	TestEpLen	TotalEnvInteracts	AverageQVals	StdQVals	MaxQVals	MinQVals	LossPi	LossQ	Time
1	-485.98856	107.36582	-344.83755	-761.6999	-200.9681	17.649706	-156.70882	-218.53886	110.0	110.0	1649	-9.060438	4.0524883	0.22598279	-24.878601	8.131205	3.3420637	4.77627420425415
2	-574.33295	133.18764	-416.89926	-857.7427	-175.77393	24.06244	-120.01645	-209.65117	110.0	110.0	3299	-22.203236	7.9261017	-7.095301	-56.77721	19.43902	1.238252	12.34896206855774
3	-510.5913	105.14412	-349.99274	-748.16296	-167.86635	27.159618	-104.6341	-200.26503	110.0	110.0	4949	-31.1086	9.004316	-13.16876	-65.78447	27.227718	1.4896756	20.31526494026184
4	-548.01324	111.24588	-432.4723	-826.64746	-177.74652	16.77804	-143.1557	-195.6409	110.0	110.0	6599	-36.094044	8.604168	-16.277733	-71.906494	32.160385	1.4642191	28.108665227890015
5	-546.80414	121.027336	-411.4952	-838.1864	-171.0047	39.649765	-68.635	-207.61441	110.0	110.0	8249	-41.624287	8.388552	-19.516302	-79.94464	37.733025	1.3762301	35.83657240867615
6	-557.94446	142.90515	-367.12222	-882.78613	-172.73398	19.407995	-138.38228	-209.95639	110.0	110.0	9899	-48.067238	8.662292	-23.193354	-84.8836	44.27601	1.3344483	43.56102919578552
7	-553.83606	113.44829	-385.499	-759.3746	-186.4394	10.240025	-171.87401	-203.68712	110.0	110.0	11549	-55.298832	9.087773	-28.229235	-92.38726	51.574715	1.3291768	51.31052899360657
8	-564.74457	148.15166	-376.439	-872.3747	-176.18289	18.325285	-134.18596	-197.12607	110.0	110.0	13199	-62.105595	9.906332	-33.963108	-99.12527	58.397686	1.4058539	58.97643828392029
9	-528.4937	115.66439	-349.4896	-791.75244	-175.05728	25.377398	-133.64256	-217.62497	110.0	110.0	14849	-69.38099	10.635714	-37.483086	-108.14721	65.639656	1.4415854	66.31664776802063
10	-576.0633	114.43573	-408.11942	-843.80133	-167.68875	22.343792	-133.17033	-202.87738	110.0	110.0	16499	-76.24943	11.357805	-42.224392	-128.31223	72.52077	1.4613281	73.99201726913452
11	-580.28577	156.33813	-334.43234	-842.2748	-174.7809	16.082094	-133.5306	-191.1923	110.0	110.0	18149	-82.744385	12.07643	-48.43163	-134.38689	79.00331	1.4727904	81.92983078956604
12	-573.2318	142.07225	-380.86078	-839.67303	-165.44035	26.23231	-105.820854	-195.8721	110.0	110.0	19799	-88.82023	12.656965	-51.416576	-141.43887	84.98316	1.4971294	89.69180107116699
13	-204.73457	97.6588	-67.957	-443.03107	-167.83218	28.014565	-128.02722	-214.42534	110.0	110.0	21449	-93.585556	13.345411	-54.631744	-148.1594	89.85024	1.4401654	98.99693846702576
14	-178.2031	28.262033	-104.064476	-220.99243	-176.56454	17.78072	-136.35535	-197.97963	110.0	110.0	23099	-98.40588	14.286537	-58.211784	-153.12799	94.91951	1.3379569	108.46144914627075
15	-165.374	29.22755	-111.931854	-208.7784	-183.12283	10.76095	-167.28145	-202.80823	110.0	110.0	24749	-103.082436	14.871605	-63.021667	-158.52477	99.86704	1.195266	117.67171096801758
16	-170.79216	26.399874	-109.92653	-209.62166	-166.1105	21.604088	-130.42107	-209.4138	110.0	110.0	26399	-107.63423	15.600339	-66.98993	-161.5263	104.60626	1.1122247	125.96137690544128
17	-172.66449	21.524853	-133.67012	-213.59639	-177.39363	8.424621	-160.68541	-191.39116	110.0	110.0	28049	-112.04458	16.029032	-71.4626	-166.33704	109.21999	1.0473024	134.12282824516296
18	-187.43214	9.206147	-172.245	-202.79941	-169.28438	33.088478	-91.255196	-212.53395	110.0	110.0	29699	-116.92298	16.328955	-76.94052	-170.97832	114.22733	1.0171094	141.93859004974365
19	-173.8657	23.228367	-132.449	-214.28009	-154.00217	18.757742	-123.651276	-186.31555	110.0	110.0	31349	-121.76011	16.660366	-81.07077	-179.26653	119.23782	0.96910274	149.9319989681244
20	-174.84074	19.184917	-139.99953	-214.82881	-175.36897	25.114784	-124.57863	-207.66496	110.0	110.0	32999	-126.45642	16.877056	-85.83547	-186.46745	124.07335	0.94560945	157.79306411743164
21	-172.8743	31.369831	-93.483475	-209.92392	-179.39835	16.787714	-151.60332	-203.2006	110.0	110.0	34649	-131.25516	17.067156	-92.86359	-192.86482	128.97961	0.9177965	165.7991499900818
22	-172.66734	32.043762	-78.73367	-215.23111	-144.74368	25.652908	-105.43478	-177.01286	110.0	110.0	36299	-135.69469	17.242365	-97.81572	-200.24287	133.4968	0.905616	173.44385814666748
23	-172.00856	28.358757	-121.239876	-217.85297	-160.78767	30.868553	-103.20106	-196.90764	110.0	110.0	37949	-139.95538	17.61664	-102.9506	-207.10272	137.8447	0.89978766	181.34592461585999
24	-169.24663	28.436121	-105.707405	-209.57256	-151.59116	31.420025	-107.71818	-203.05486	110.0	110.0	39599	-144.13333	18.170961	-106.7624	-212.95947	142.0875	0.9243689	188.9749402999878
25	-174.60101	22.186403	-121.79569	-203.01918	-164.85352	37.578884	-100.59211	-207.83986	110.0	110.0	41249	-147.91374	18.313972	-110.057655	-218.17935	145.92908	0.92848617	196.63531827926636
26	-171.96034	24.257193	-133.54337	-212.25626	-166.52153	29.001835	-107.66629	-196.3892	110.0	110.0	42899	-151.38458	18.557058	-112.91351	-228.28394	149.4593	0.92137384	204.35952162742615
27	-156.04066	23.035778	-118.17417	-193.13678	-133.45078	21.497984	-90.226364	-164.91939	110.0	110.0	44549	-154.91582	18.894352	-117.06156	-231.19739	153.06699	0.90827775	211.93757677078247
28	-157.89407	29.911768	-80.86657	-195.73427	-164.44705	25.797918	-93.84609	-190.62769	110.0	110.0	46199	-158.25844	19.141169	-119.444595	-234.603	156.45831	0.9201224	219.76169562339783
29	-150.02803	24.172201	-116.333885	-198.68369	-170.3437	19.675762	-120.86999	-193.8632	110.0	110.0	47849	-161.19167	19.28787	-122.30741	-240.27362	159.42601	0.8995352	227.46921586990356
30	-160.74014	17.479902	-135.67056	-198.03918	-164.64238	21.866673	-128.19115	-199.47046	110.0	110.0	49499	-163.70593	19.411882	-125.63413	-241.5445	161.96901	0.89554393	235.47103142738342
31	-158.12067	20.575094	-133.69284	-198.76808	-155.75961	16.761898	-121.78505	-189.4028	110.0	110.0	51149	-166.03036	19.494747	-127.09773	-245.87773	164.35213	0.90559494	243.41774320602417
32	-162.91022	28.413664	-96.11135	-216.45526	-139.83496	23.103897	-104.90663	-177.3645	110.0	110.0	52799	-168.42763	19.63422	-128.84338	-248.7447	166.78564	0.92331344	251.32584071159363
33	-158.53299	17.490786	-113.02998	-188.48273	-158.70175	22.159485	-121.81308	-199.80412	110.0	110.0	54449	-170.50377	19.82493	-129.9201	-253.06606	168.89447	0.9172655	259.31455969810486
34	-160.195	26.618164	-116.698616	-195.54324	-146.03073	31.25015	-91.23743	-187.25703	110.0	110.0	56099	-172.46187	19.899452	-131.61208	-252.44385	170.8861	0.89593655	266.9357011318207
35	-152.87726	19.401772	-106.02036	-176.71715	-156.2613	21.777178	-126.74205	-193.96461	110.0	110.0	57749	-174.32715	19.866602	-133.02913	-254.14192	172.80016	0.88229567	274.7759110927582
36	-149.80269	23.361557	-111.58591	-182.49219	-143.01193	33.93385	-52.732098	-171.54663	110.0	110.0	59399	-176.12323	19.883198	-134.04639	-263.9618	174.62701	0.8941331	282.5303792953491
37	-152.8872	21.35521	-117.6492	-195.1302	-134.73114	24.46818	-89.63669	-181.66156	110.0	110.0	61049	-177.94212	20.057726	-135.5528	-266.63272	176.47603	0.9001493	290.48944449424744
38	-153.46237	18.1465	-121.60699	-179.975	-165.25914	19.10922	-128.38431	-193.00142	110.0	110.0	62699	-179.41933	19.9471	-136.5239	-268.5281	177.97163	0.8920648	298.37118768692017
39	-154.29002	19.59658	-124.26257	-187.82356	-159.66173	20.572668	-123.8441	-191.13997	110.0	110.0	64349	-180.76088	19.95966	-137.54724	-269.0916	179.34416	0.8830364	306.03910779953003
40	-144.13474	27.920269	-94.94634	-184.44089	-142.91219	29.561922	-99.68527	-204.6549	110.0	110.0	65999	-181.90547	20.053802	-139.05238	-269.65454	180.4914	0.9051956	314.08397817611694
41	-159.46883	22.080622	-108.57435	-198.51472	-161.0577	23.916224	-128.53491	-193.77757	110.0	110.0	67649	-182.89523	19.978014	-140.2304	-270.2276	181.5273	0.8887423	321.9272243976593
42	-144.14174	25.43385	-90.360504	-184.90886	-151.22836	29.766273	-95.31185	-199.88826	110.0	110.0	69299	-183.92786	19.96127	-141.14825	-270.2527	182.5765	0.8913522	329.7113528251648
43	-145.14854	26.910032	-95.620285	-206.00594	-138.89539	22.056997	-97.676605	-169.48018	110.0	110.0	70949	-184.87347	19.821892	-142.2631	-269.97928	183.53893	0.8901674	337.6528193950653
44	-151.9831	24.305754	-96.793106	-185.96596	-138.55284	18.012594	-107.76054	-162.0302	110.0	110.0	72599	-185.78888	19.833454	-143.03285	-270.4744	184.46341	0.9016493	345.46904492378235
45	-149.05557	32.024284	-58.081947	-186.31918	-150.34074	19.010305	-117.11171	-176.6811	110.0	110.0	74249	-186.45149	19.942368	-143.80673	-271.10553	185.14368	0.90281934	353.2066192626953
46	-139.89252	26.5192	-95.635544	-175.29356	-155.21251	23.348965	-111.27143	-188.6404	110.0	110.0	75899	-186.8678	19.942602	-143.93097	-268.92023	185.5727	0.9098432	361.1616587638855
47	-128.69475	34.633125	-58.013298	-190.18289	-142.37625	18.720808	-104.88866	-168.29797	110.0	110.0	77549	-187.26791	19.882078	-144.33102	-270.35812	185.99065	0.90330523	369.213782787323
48	-140.65083	34.918926	-83.39272	-191.49948	-131.46341	32.59001	-70.26683	-173.14595	110.0	110.0	79199	-187.46463	19.76186	-144.88574	-270.93396	186.19884	0.907652	377.19854402542114
49	-135.78372	24.25855	-96.979744	-178.9488	-133.64384	21.470482	-104.05836	-184.15228	110.0	110.0	80849	-187.63249	19.838638	-145.05338	-272.40643	186.37863	0.9144863	385.41806292533875
50	-132.18124	25.337849	-85.57215	-178.94627	-139.01283	35.66296	-70.41971	-187.46613	110.0	110.0	82499	-187.73436	19.944235	-145.06001	-272.8082	186.50175	0.9217193	393.4719297885895
51	-139.1385	30.65152	-81.91306	-191.09787	-138.02156	40.466774	-69.78575	-202.47346	110.0	110.0	84149	-187.73926	20.050806	-144.64928	-273.25372	186.52765	0.9327211	401.4025673866272
52	-140.38701	26.860117	-86.428764	-181.91037	-130.90707	37.008923	-78.73606	-190.68433	110.0	110.0	85799	-187.72102	19.986374	-144.63217	-275.64496	186.51436	0.9374397	409.3351192474365
53	-144.75024	26.965996	-86.33759	-185.54448	-139.91562	20.934956	-99.198364	-167.28604	110.0	110.0	87449	-187.65526	20.103958	-145.00185	-275.18576	186.4644	0.9481707	417.1515591144562
54	-136.27458	26.24168	-77.96785	-183.33885	-137.09415	39.57548	-71.071266	-184.56375	110.0	110.0	89099	-187.62918	20.108662	-145.17061	-276.13525	186.45871	0.9437657	424.9291021823883
55	-149.44775	28.57424	-99.77632	-216.07669	-154.7525	27.629173	-119.55246	-204.86261	110.0	110.0	90749	-187.47191	20.280794	-144.01263	-277.57788	186.30219	0.96397537	433.1850779056549
56	-144.51083	36.224834	-74.104774	-197.87027	-123.89885	41.020004	-40.96714	-177.48347	110.0	110.0	92399	-187.39438	20.395618	-143.5484	-277.38086	186.24364	0.95076144	440.93678045272827
57	-136.29793	21.50705	-102.93611	-173.51927	-143.33939	24.385036	-101.714424	-185.33954	110.0	110.0	94049	-187.23454	20.467712	-142.52708	-276.92688	186.09259	0.9460057	448.83466482162476
58	-143.40683	24.261873	-100.38775	-183.97339	-131.09573	25.475883	-77.86981	-167.44818	110.0	110.0	95699	-186.89651	20.602638	-142.10408	-274.88873	185.78848	0.9517908	456.7657096385956
59	-135.86717	24.792707	-91.859024	-179.54459	-132.19621	25.42499	-77.72786	-175.96272	110.0	110.0	97349	-186.67719	20.825052	-141.60265	-275.45383	185.57089	0.9510174	465.57841205596924
60	-130.70995	26.974522	-69.738655	-180.15202	-130.2078	22.552744	-99.224434	-156.58319	110.0	110.0	98999	-186.4035	20.805813	-141.02896	-274.90518	185.30879	0.9358999	474.6707351207733
61	-128.82103	31.959772	-94.190704	-206.15974	-127.29097	35.83758	-84.65705	-216.9615	110.0	110.0	100649	-186.07693	21.095709	-140.38672	-276.22852	184.9978	0.9396615	482.73911213874817
62	-128.426	27.503952	-100.59556	-180.00104	-113.560776	25.808687	-66.0737	-161.5275	110.0	110.0	102299	-185.57692	21.250841	-139.34175	-276.06427	184.5164	0.95708495	490.70582032203674
63	-121.14057	23.773525	-74.92076	-163.94017	-141.48515	31.750929	-92.575676	-191.53064	110.0	110.0	103949	-185.36555	21.524965	-139.22974	-278.81577	184.30342	0.94746304	498.6895442008972
64	-133.35638	26.421041	-88.26887	-200.44171	-113.1619	30.575188	-61.553112	-164.48447	110.0	110.0	105599	-185.00528	21.615633	-138.71324	-276.06046	183.96014	0.94730437	506.76475286483765
65	-126.43102	29.290724	-59.699905	-176.39375	-114.48934	34.975693	-74.131256	-186.96797	110.0	110.0	107249	-184.43082	21.710463	-138.02177	-276.5125	183.39288	0.9581818	515.0712769031525
66	-123.77705	31.924889	-47.314396	-176.42772	-115.35896	33.066265	-56.620068	-157.16742	110.0	110.0	108899	-183.97314	21.975231	-137.60156	-277.1181	182.93947	0.96907365	524.6875402927399
67	-121.53066	26.569645	-68.85909	-163.72838	-115.72672	29.722336	-44.24206	-154.02484	110.0	110.0	110549	-183.49731	22.116856	-137.4347	-274.72556	182.46936	0.9706115	534.3830494880676
68	-116.38011	25.90563	-75.0728	-168.03471	-125.21294	31.453224	-56.684696	-159.40785	110.0	110.0	112199	-182.78798	22.294859	-136.39244	-274.4943	181.75917	0.9689764	543.9315230846405
69	-116.90198	35.318455	-69.135155	-178.67574	-131.55663	35.993275	-64.086334	-183.0453	110.0	110.0	113849	-182.28691	22.532185	-135.53514	-273.22116	181.27919	0.9782654	553.2866158485413
70	-132.73227	27.883865	-100.48219	-200.24599	-135.69305	21.318087	-97.74673	-175.63524	110.0	110.0	115499	-181.56447	22.80594	-134.35397	-269.71512	180.55777	1.0027428	562.9819962978363
71	-137.87476	36.56091	-78.17445	-201.92136	-118.2083	25.882143	-72.13658	-145.32983	110.0	110.0	117149	-181.018	23.054096	-133.35637	-269.6367	180.03362	0.9826046	572.1882066726685
72	-118.25875	26.096594	-75.22938	-177.30388	-120.64375	24.218655	-87.3398	-152.30894	110.0	110.0	118799	-180.38948	23.336641	-132.3463	-267.9248	179.39069	0.98780334	581.5333216190338
73	-128.32391	37.45279	-44.710484	-194.00674	-126.18862	39.681953	-66.9436	-187.61613	110.0	110.0	120449	-179.51678	23.588755	-131.0755	-269.30658	178.5085	0.9929045	591.0129427909851
74	-124.40104	23.733036	-91.94033	-188.64772	-114.52173	23.63992	-77.570366	-149.55263	110.0	110.0	122099	-178.83603	23.833376	-130.33174	-270.03317	177.84322	0.9929724	600.2868990898132
75	-118.40494	26.85476	-78.004005	-163.59503	-114.59157	30.768015	-51.747047	-159.88953	110.0	110.0	123749	-177.82048	24.072136	-129.09851	-268.11295	176.82759	0.98788095	610.8439288139343
76	-118.58769	24.92654	-66.354256	-158.67621	-133.67455	26.940807	-94.49662	-196.53746	110.0	110.0	125399	-176.88702	24.347036	-127.81298	-269.47845	175.88873	0.9931125	621.7700588703156
77	-114.47079	21.21902	-77.843315	-155.22574	-118.140564	45.89646	-73.95349	-228.60341	110.0	110.0	127049	-175.7564	24.665808	-126.04151	-267.80344	174.77855	0.9997794	631.5796585083008
78	-109.800766	33.2913	-60.148838	-168.01566	-122.324936	31.699226	-45.789577	-157.80225	110.0	110.0	128699	-174.68747	24.889416	-124.411766	-265.36545	173.68246	1.0166498	641.7544271945953
79	-107.95072	22.82396	-70.77131	-148.87785	-102.17057	30.819996	-56.77286	-154.4834	110.0	110.0	130349	-173.41945	25.185074	-122.66645	-264.72733	172.42674	1.0616071	652.8227815628052
80	-123.66084	43.13961	-52.612244	-194.6318	-113.767166	40.67887	-43.127636	-171.19113	110.0	110.0	131999	-172.12547	25.393436	-121.567	-265.8512	171.14235	1.0325336	664.4864587783813
81	-119.139114	37.491386	-54.76516	-199.96733	-102.73236	31.352333	-51.20925	-148.8886	110.0	110.0	133649	-171.17053	25.79369	-120.533104	-264.52103	170.20149	1.0396916	674.9959945678711
82	-122.482574	33.995567	-66.67494	-179.33827	-94.49028	33.225376	-27.699478	-150.53336	110.0	110.0	135299	-169.9348	26.070074	-119.08238	-260.37213	168.98386	1.0284392	685.9367303848267
83	-110.768074	20.433954	-75.614426	-153.46492	-109.327736	32.957993	-57.734303	-182.06941	110.0	110.0	136949	-169.15837	26.36144	-118.019005	-261.67175	168.2116	1.0516437	695.860565662384
84	-126.67087	30.954096	-75.62016	-168.10324	-109.486694	41.689434	-51.381668	-201.78004	110.0	110.0	138599	-168.05606	26.565584	-115.85565	-261.6098	167.10704	1.0440162	705.8652181625366
85	-123.46058	27.679832	-76.1371	-162.6219	-124.13949	31.298368	-68.74058	-167.43353	110.0	110.0	140249	-167.17775	26.839678	-114.78951	-259.85876	166.23494	1.0643898	719.7078912258148
86	-96.45524	27.22166	-57.488953	-158.85498	-112.830505	27.377	-74.20289	-155.30792	110.0	110.0	141899	-166.23198	27.066486	-113.44174	-263.46408	165.3014	1.0515223	732.1930119991302
87	-119.6465	24.852388	-69.9845	-161.06087	-115.80818	15.565294	-90.31697	-148.2984	110.0	110.0	143549	-165.37909	27.368044	-111.718956	-263.14676	164.47002	1.0335302	743.5998456478119
88	-125.1277	23.869932	-85.090355	-171.619	-116.83168	24.524881	-79.778786	-160.4136	110.0	110.0	145199	-164.54518	27.52016	-111.14482	-262.64914	163.63847	1.066259	754.1853728294373
89	-125.45867	38.58827	-63.416946	-204.66557	-117.218796	28.900059	-54.56723	-150.0042	110.0	110.0	146849	-163.82103	27.753626	-109.16989	-263.71	162.90334	1.0661896	764.5825543403625
90	-140.60954	21.214554	-105.559326	-171.95708	-101.40074	19.810572	-74.735435	-135.87712	110.0	110.0	148499	-163.08427	27.876068	-107.548805	-262.05347	162.17857	1.0648186	774.9215352535248
91	-123.48624	26.770433	-74.94338	-159.84528	-114.73795	32.065502	-66.90488	-172.21614	110.0	110.0	150149	-162.23161	27.85251	-106.30425	-261.76205	161.34094	1.0676141	784.8439290523529
92	-114.84142	30.900118	-66.83571	-173.31795	-100.984024	28.799532	-65.67406	-153.30151	110.0	110.0	151799	-161.31781	28.012964	-104.49042	-266.76578	160.41458	1.0802708	794.4785413742065
93	-113.15361	32.992832	-37.48316	-165.73376	-87.970695	38.49998	-22.5864	-155.02638	110.0	110.0	153449	-160.29825	28.262068	-101.89914	-259.26743	159.3888	1.081648	804.3909928798676
94	-115.5782	26.738726	-57.405483	-165.67876	-115.19688	42.477215	-45.45809	-177.04234	110.0	110.0	155099	-159.39598	28.326382	-99.80735	-267.22928	158.47957	1.1348729	814.619181394577
95	-112.575195	23.341595	-78.97066	-166.31412	-122.24736	27.822842	-61.687176	-155.0146	110.0	110.0	156749	-158.06493	28.34499	-97.75193	-268.33142	157.1465	1.119075	825.6555094718933
96	-118.90288	32.801308	-80.02151	-187.39981	-116.609886	22.675669	-82.33616	-156.21463	110.0	110.0	158399	-157.0116	28.554243	-95.655785	-260.19397	156.10469	1.1200751	835.3950910568237
97	-106.302246	28.604803	-71.99424	-171.99754	-116.99978	18.500402	-92.13069	-143.30342	110.0	110.0	160049	-155.85876	28.559296	-93.333046	-265.64313	154.957	1.1269557	845.5046424865723
98	-112.833786	21.69577	-61.46134	-154.33643	-126.061325	26.827658	-79.77588	-164.65433	110.0	110.0	161699	-154.64833	28.735968	-91.91416	-259.63382	153.7524	1.105901	855.9104733467102
99	-102.93464	28.238102	-45.967167	-161.70392	-112.76677	28.248804	-60.858505	-146.37708	110.0	110.0	163349	-153.40096	28.678955	-90.61397	-263.95798	152.50475	1.1005528	866.6536493301392
100	-117.44982	21.127829	-72.02477	-157.74937	-113.945816	25.678286	-76.61069	-149.23361	110.0	110.0	164999	-152.39432	28.741896	-89.029686	-258.1662	151.4889	1.1320248	877.0540683269501
