Epoch	AverageEpRet	StdEpRet	MaxEpRet	MinEpRet	AverageTestEpRet	StdTestEpRet	MaxTestEpRet	MinTestEpRet	EpLen	TestEpLen	TotalEnvInteracts	AverageQ1Vals	StdQ1Vals	MaxQ1Vals	MinQ1Vals	AverageQ2Vals	StdQ2Vals	MaxQ2Vals	MinQ2Vals	LossPi	LossQ	Time
1	-205.00125	4.9999547	-196.27417	-210.60228	-206.26468	6.4574385	-193.14809	-212.26501	110.0	110.0	1649	-3.1959193	0.8577842	0.3036536	-5.1529026	-3.1932654	0.86370355	0.50001925	-5.199958	3.1008992	0.10092673	5.564573287963867
2	-206.3335	4.2391496	-198.27313	-213.00877	-204.2318	7.437129	-190.76457	-211.60625	110.0	110.0	3299	-8.013623	2.0292687	-3.834861	-12.71773	-8.013573	2.029298	-3.8705912	-12.670513	7.9491763	0.023933763	16.110503435134888
3	-207.08145	5.10942	-193.77214	-214.90039	-196.93626	12.412426	-172.28851	-210.38002	110.0	110.0	4949	-15.002522	2.102925	-9.581193	-20.373524	-15.0025015	2.1032937	-9.636076	-20.306852	14.908739	0.028122991	28.81979203224182
4	-204.17194	4.766143	-194.34497	-211.43364	-199.02864	12.909043	-168.31084	-212.59718	110.0	110.0	6599	-21.951242	2.1159675	-15.952483	-27.576406	-21.951237	2.116509	-15.933432	-27.58221	21.832964	0.038468238	40.40568685531616
5	-208.098	3.042948	-199.54037	-212.81256	-193.52554	21.956041	-131.96445	-213.1478	110.0	110.0	8249	-28.712576	2.1138728	-22.681221	-34.578987	-28.712576	2.1144164	-22.68781	-34.588737	28.572586	0.05029631	51.71162247657776
6	-206.7363	4.678591	-193.12358	-210.71793	-192.8481	16.39674	-155.7076	-212.60472	110.0	110.0	9899	-35.369583	2.119975	-29.319159	-41.4684	-35.36959	2.1203535	-29.27085	-41.4995	35.22028	0.061176896	62.26080083847046
7	-205.5927	6.1402817	-188.80804	-211.92159	-191.54472	10.417823	-175.02538	-206.84961	110.0	110.0	11549	-41.890995	2.100846	-35.640633	-48.105415	-41.890984	2.1009424	-35.643585	-48.12843	41.73157	0.07249449	72.35401177406311
8	-206.9082	3.2004972	-200.33072	-212.52295	-193.19952	17.45732	-143.07697	-207.19345	110.0	110.0	13199	-48.286327	2.1050737	-41.478523	-55.054115	-48.28635	2.1053452	-41.525677	-55.006428	48.117195	0.08047966	84.90415835380554
9	-205.42827	4.18352	-197.51884	-210.56364	-196.17429	12.798774	-165.64029	-211.22855	110.0	110.0	14849	-54.517975	2.0992203	-47.4748	-61.292004	-54.51797	2.0997787	-47.463394	-61.265877	54.338882	0.088735424	97.12966585159302
10	-205.22748	4.1966186	-196.85861	-210.38033	-196.27666	12.861242	-171.5461	-211.77748	110.0	110.0	16499	-60.602703	2.0768209	-53.102867	-67.342026	-60.602703	2.077657	-53.114723	-67.159325	60.410946	0.09766228	107.94360184669495
11	-202.95547	6.646639	-188.64268	-212.69313	-203.19235	9.09817	-177.97516	-212.05234	110.0	110.0	18149	-66.51322	2.0699985	-58.42656	-73.223145	-66.51322	2.0711617	-58.419006	-73.42315	66.317924	0.10545077	118.3475067615509
12	-203.47891	5.8165016	-192.77551	-211.31221	-197.0544	9.686462	-182.06349	-210.36848	110.0	110.0	19799	-72.31176	2.0692084	-64.33118	-79.48264	-72.31176	2.0705748	-64.07656	-79.44806	72.113686	0.112410724	128.60234308242798
13	-197.60336	13.057053	-162.27182	-209.28694	-187.31622	17.11447	-159.55655	-207.74295	110.0	110.0	21449	-77.96028	2.0554373	-69.6742	-84.91839	-77.96022	2.0566564	-69.52918	-84.896614	77.7552	0.11917107	139.51488327980042
14	-188.92616	11.246069	-174.5292	-209.15549	-193.8616	10.702794	-178.77464	-208.42645	110.0	110.0	23099	-83.4461	2.098376	-75.11181	-90.18343	-83.446106	2.0994458	-75.01922	-90.22439	83.25008	0.12093365	150.39490342140198
15	-187.11176	20.617476	-132.95047	-208.24475	-184.56424	25.965536	-116.72226	-205.27577	110.0	110.0	24749	-88.79423	2.1657376	-79.65737	-95.79313	-88.794205	2.1668477	-79.62015	-95.84097	88.59415	0.12606129	161.12246298789978
16	-190.8111	19.701454	-147.28891	-207.78235	-189.11118	23.176258	-138.35713	-210.41115	110.0	110.0	26399	-94.0167	2.236282	-84.59827	-101.239174	-94.01667	2.237175	-84.74442	-101.4258	93.814095	0.13096276	171.06875228881836
17	-189.30034	17.05244	-159.16739	-209.56978	-182.02815	15.781719	-152.9778	-205.98946	110.0	110.0	28049	-99.097336	2.3222	-89.34022	-106.93708	-99.09735	2.3236284	-89.08727	-106.7382	98.88977	0.13957776	182.335839509964
18	-193.62318	13.097691	-167.75601	-212.29463	-191.31052	9.073917	-179.78606	-206.75706	110.0	110.0	29699	-104.06251	2.4780996	-93.930435	-111.81484	-104.06238	2.4795718	-93.608635	-111.959236	103.85319	0.15344276	195.17610239982605
19	-183.0479	19.937681	-127.87895	-210.48773	-186.92134	19.832651	-142.55458	-213.77931	110.0	110.0	31349	-108.85623	2.6458724	-97.628265	-117.0746	-108.85635	2.6470156	-97.74191	-116.890015	108.635216	0.16176143	207.6243495941162
20	-181.9922	9.553289	-162.68024	-200.83699	-176.79942	19.879257	-145.67294	-205.36009	110.0	110.0	32999	-113.46706	2.8728597	-101.173256	-122.47904	-113.466995	2.8735948	-101.28467	-122.46514	113.246025	0.17451079	219.1208529472351
21	-182.08789	22.804848	-115.68	-211.4062	-189.54538	16.580132	-156.45648	-207.5276	110.0	110.0	34649	-117.92854	3.0506241	-104.78086	-127.65808	-117.92851	3.0515695	-104.78841	-127.674034	117.678535	0.1823501	229.86199021339417
22	-177.39261	26.460728	-112.748276	-202.03131	-191.46965	12.12855	-162.37111	-204.61559	110.0	110.0	36299	-122.258934	3.2668781	-108.24534	-132.41078	-122.25897	3.2672977	-108.26027	-132.29227	122.00694	0.18926701	240.5165412425995
23	-176.53105	19.138857	-130.25163	-201.89801	-182.61874	14.215884	-154.69	-207.06238	110.0	110.0	37949	-126.41623	3.4933944	-111.65186	-136.74734	-126.41616	3.4943206	-111.39984	-137.04669	126.17314	0.20230477	251.00046372413635
24	-182.39273	21.954258	-145.38406	-206.76611	-184.8082	20.034761	-148.12659	-208.97514	110.0	110.0	39599	-130.48683	3.7073016	-114.75472	-140.97075	-130.4869	3.7072618	-114.65748	-141.0455	130.22304	0.21334602	261.8345558643341
25	-174.32837	19.188042	-133.57277	-201.01367	-175.95735	25.506132	-129.1364	-201.04074	110.0	110.0	41249	-134.4093	3.9560802	-117.71931	-145.14633	-134.40927	3.9562647	-117.59602	-145.16669	134.12294	0.22664437	272.6311857700348
26	-169.42778	21.323961	-124.18932	-198.01826	-175.10051	21.321457	-145.92068	-200.66986	110.0	110.0	42899	-138.20628	4.1950626	-120.55617	-149.61395	-138.20622	4.1957145	-120.38973	-149.55911	137.92288	0.23800115	283.3975422382355
27	-173.46298	20.07734	-142.82997	-205.04506	-172.38321	15.817304	-149.69725	-198.54355	110.0	110.0	44549	-141.8914	4.427078	-123.37934	-154.16872	-141.89145	4.4270916	-123.38081	-154.07272	141.60262	0.24884956	294.25886058807373
28	-175.4996	25.28419	-122.23544	-205.18465	-172.36868	28.184734	-117.41449	-211.01935	110.0	110.0	46199	-145.52052	4.6857076	-126.211525	-158.50197	-145.52052	4.6862493	-126.1014	-158.66826	145.23994	0.26336023	304.84275126457214
29	-181.7128	16.902351	-139.91048	-204.83838	-167.03851	30.67252	-107.88701	-207.07306	110.0	110.0	47849	-149.0222	4.9366035	-128.7357	-162.91106	-149.02226	4.937194	-128.88976	-162.91664	148.73285	0.2752604	314.9646546840668
30	-182.1123	15.66818	-150.79771	-205.97636	-190.9175	11.912275	-164.50278	-205.7692	110.0	110.0	49499	-152.39268	5.2197375	-131.29503	-167.0084	-152.39261	5.2212133	-131.44333	-167.00531	152.09297	0.2860069	326.07600498199463
31	-167.91801	21.522224	-119.70958	-196.49207	-174.13216	30.686886	-128.21396	-204.71881	110.0	110.0	51149	-155.7148	5.4502015	-134.15237	-171.11197	-155.71478	5.451054	-134.00641	-170.99213	155.42245	0.29902717	336.89867639541626
32	-177.56232	25.24083	-131.85489	-209.30847	-154.68399	41.552673	-89.77871	-206.09192	110.0	110.0	52799	-158.89316	5.651467	-136.10803	-174.87544	-158.8931	5.651752	-136.27371	-174.94118	158.5849	0.31001288	347.7173225879669
33	-175.66237	26.941185	-117.314766	-203.98886	-184.48178	25.355795	-114.50485	-208.13991	110.0	110.0	54449	-162.00887	5.9057236	-138.6596	-179.60475	-162.00883	5.9065986	-138.65485	-179.50282	161.7124	0.32727006	357.7382426261902
34	-178.21393	24.067379	-124.81566	-211.89441	-175.77406	21.791603	-138.76108	-209.89403	110.0	110.0	56099	-164.97134	6.266948	-140.6906	-183.93764	-164.97127	6.267321	-140.87297	-183.63556	164.67352	0.3301036	369.23031663894653
35	-163.75635	21.649313	-108.41009	-192.79338	-178.6813	22.90447	-127.2888	-209.82307	110.0	110.0	57749	-167.70888	6.579884	-143.0655	-186.90698	-167.709	6.581115	-142.99498	-186.78902	167.37619	0.34361964	381.4441487789154
36	-170.52156	24.941353	-103.183685	-203.73038	-188.59955	11.886809	-173.3368	-208.27617	110.0	110.0	59399	-170.40936	6.914687	-145.14212	-190.59343	-170.40913	6.916476	-145.14235	-190.79549	170.05	0.35658872	394.0790252685547
37	-177.45378	18.911678	-122.78742	-205.1849	-170.96945	10.773718	-146.15256	-186.40578	110.0	110.0	61049	-173.15918	7.1898184	-147.70543	-193.92375	-173.15918	7.190693	-147.56575	-193.90738	172.83182	0.362474	405.81008648872375
38	-179.18636	15.897384	-140.17354	-200.89122	-172.83926	24.85924	-135.87868	-209.08641	110.0	110.0	62699	-175.83395	7.465709	-149.68565	-197.27438	-175.83397	7.4676895	-149.45677	-197.56232	175.52576	0.3678941	415.9791839122772
39	-173.9	23.97407	-122.67312	-206.1706	-175.48999	23.507149	-114.606636	-204.34749	110.0	110.0	64349	-178.45659	7.7626886	-151.25409	-200.88565	-178.45653	7.7639956	-151.1991	-201.21887	178.1355	0.37478086	426.731347322464
40	-173.26071	19.87837	-136.18283	-200.26787	-164.65616	34.046947	-95.975334	-205.05833	110.0	110.0	65999	-180.99767	8.091234	-153.36308	-203.43047	-180.99762	8.092549	-153.33221	-203.6262	180.69308	0.37382796	437.8207993507385
41	-162.76898	22.113432	-106.12592	-197.36703	-164.26466	24.843782	-104.12061	-188.16245	110.0	110.0	67649	-183.37158	8.427351	-154.88335	-207.71085	-183.37166	8.428241	-154.97357	-207.53786	183.03598	0.384615	450.8120093345642
42	-177.83232	22.181816	-143.16689	-206.00508	-170.55301	24.026146	-105.35496	-194.1382	110.0	110.0	69299	-185.6637	8.756814	-156.98369	-211.15549	-185.6636	8.758379	-157.0982	-211.36339	185.32265	0.38985378	463.40762639045715
43	-164.85445	30.25662	-105.691345	-203.93896	-178.25949	21.195759	-137.3484	-201.53352	110.0	110.0	70949	-188.0705	9.103205	-159.0797	-214.32777	-188.0704	9.104348	-158.99753	-214.67783	187.72318	0.39850602	474.0234954357147
44	-164.82927	21.905619	-116.14748	-211.33528	-168.70193	30.380371	-118.880135	-204.99916	110.0	110.0	72599	-190.34796	9.391101	-161.08998	-217.36685	-190.34789	9.392478	-161.03305	-217.41402	189.9932	0.3991009	484.02939558029175
45	-156.58282	24.057343	-108.39969	-198.52184	-164.37274	25.702421	-108.74017	-200.87904	110.0	110.0	74249	-192.64326	9.707563	-162.72168	-220.44527	-192.64328	9.708813	-162.79497	-220.36841	192.30286	0.4055064	494.84949231147766
46	-164.69261	17.921558	-140.34169	-209.11264	-159.98546	24.536463	-113.137054	-193.34105	110.0	110.0	75899	-194.68869	10.071978	-164.45468	-223.04128	-194.6888	10.072998	-164.64392	-223.39964	194.41777	0.41385236	507.00335359573364
47	-172.50267	18.226974	-134.03363	-202.40991	-164.72992	26.898472	-114.987625	-207.16037	110.0	110.0	77549	-196.76306	10.43981	-166.2136	-225.67477	-196.76294	10.441002	-166.30635	-225.46646	196.43022	0.4230772	519.1115126609802
48	-174.81592	25.490505	-116.5573	-210.13405	-179.08232	28.119053	-104.59027	-206.16754	110.0	110.0	79199	-198.74461	10.778223	-168.02919	-228.76242	-198.74472	10.779048	-168.03548	-229.04013	198.36317	0.42838365	531.5525107383728
49	-166.50116	23.66891	-121.651535	-209.36536	-154.80797	31.349651	-101.35061	-202.84879	110.0	110.0	80849	-200.76418	11.153936	-169.87138	-231.31607	-200.76405	11.15476	-170.03084	-231.2521	200.39539	0.4361904	542.3291206359863
50	-162.78851	24.748531	-115.6568	-195.78857	-167.11545	26.818775	-110.20235	-206.83093	110.0	110.0	82499	-202.71997	11.530109	-171.13509	-235.28833	-202.72003	11.53085	-171.46014	-234.52226	202.35367	0.4482098	552.5682663917542
51	-157.23982	26.393684	-103.52191	-196.72568	-148.91257	38.568172	-66.30083	-205.46199	110.0	110.0	84149	-204.50305	11.899566	-173.08676	-237.675	-204.503	11.89993	-173.36179	-237.53925	204.139	0.4387515	565.3067183494568
52	-164.11209	28.142448	-119.42106	-204.33528	-168.3202	27.993118	-88.89472	-195.901	110.0	110.0	85799	-206.32594	12.25852	-174.53987	-240.89603	-206.32596	12.259135	-174.75894	-240.4953	205.98672	0.4490958	578.0578379631042
53	-156.33377	29.432041	-85.59774	-197.68918	-163.58261	24.68727	-124.27829	-200.99615	110.0	110.0	87449	-208.03278	12.6090975	-176.38318	-243.69933	-208.03278	12.609516	-176.4985	-244.19244	207.74359	0.44878286	589.2601344585419
54	-166.4723	22.892632	-119.19907	-206.87946	-165.97131	25.874233	-113.50386	-200.91295	110.0	110.0	89099	-209.65437	12.955609	-177.89659	-246.62726	-209.65428	12.956475	-178.08408	-247.36496	209.30754	0.46110952	600.0035848617554
55	-170.65215	22.209229	-113.667755	-202.56738	-153.75607	32.9588	-115.83159	-195.2846	110.0	110.0	90749	-211.23013	13.305154	-179.42987	-250.21013	-211.23016	13.305383	-179.97289	-250.54002	210.85786	0.45666763	610.6746587753296
56	-153.98746	20.669844	-116.9106	-191.8492	-163.3134	18.852674	-135.118	-191.49315	110.0	110.0	92399	-212.84901	13.616993	-180.98665	-253.28036	-212.849	13.617624	-181.26729	-253.5185	212.50551	0.4678133	621.8502576351166
57	-161.01804	21.262245	-123.10491	-207.20937	-136.9833	41.240852	-71.659996	-183.17967	110.0	110.0	94049	-214.28683	13.879724	-182.71742	-255.9828	-214.28683	13.880506	-182.83269	-256.20007	213.95886	0.46538723	632.5855619907379
58	-151.97499	32.322693	-91.54438	-209.00536	-172.487	25.08553	-100.869446	-196.41214	110.0	110.0	95699	-215.86894	14.304211	-184.46886	-257.47598	-215.86897	14.304967	-184.54724	-258.09637	215.52989	0.47554237	643.408762216568
59	-166.6433	25.64416	-114.987465	-198.30032	-162.99675	30.177084	-108.672585	-207.92847	110.0	110.0	97349	-217.25162	14.633157	-186.21031	-260.50165	-217.25174	14.634341	-186.31029	-261.1418	216.85652	0.4936766	655.9789946079254
60	-157.59288	28.448492	-115.24821	-205.99352	-159.85147	31.528515	-81.39049	-193.97525	110.0	110.0	98999	-218.71744	14.953298	-187.18053	-263.6763	-218.71709	14.954501	-187.36693	-263.8844	218.32138	0.48802483	667.729608297348
61	-155.6246	26.936235	-118.58769	-200.68912	-152.54091	19.975054	-119.62238	-179.63614	110.0	110.0	100649	-220.10364	15.231622	-188.45757	-265.7318	-220.10368	15.232392	-188.52985	-266.22577	219.71185	0.4990329	679.4475636482239
62	-161.38762	16.871122	-129.45638	-189.20279	-135.16147	48.945187	-43.58482	-207.1111	110.0	110.0	102299	-221.3098	15.483266	-189.21974	-267.81177	-221.3096	15.484382	-189.326	-267.94522	220.8944	0.50231516	690.0725977420807
63	-166.21333	21.856417	-126.09024	-206.80197	-160.27664	25.223713	-124.10675	-205.09029	110.0	110.0	103949	-222.59071	15.789982	-190.72324	-270.24973	-222.5908	15.791108	-190.78864	-270.84998	222.2758	0.5042192	701.871753692627
64	-149.80061	18.311974	-115.79182	-184.20126	-156.81877	41.874878	-64.36289	-206.49072	110.0	110.0	105599	-223.99774	16.105854	-191.33295	-271.961	-223.9977	16.106571	-191.61496	-272.57938	223.6688	0.51077294	713.700094461441
65	-154.78836	19.974213	-119.15047	-184.24548	-153.66154	25.378399	-119.37706	-188.22661	110.0	110.0	107249	-225.04929	16.331652	-192.77597	-273.51364	-225.04926	16.332617	-192.8603	-273.9057	224.64857	0.5134992	724.4249782562256
66	-156.32126	22.806412	-122.49388	-197.53075	-152.07518	26.132076	-105.86968	-202.08871	110.0	110.0	108899	-226.16774	16.53715	-193.64975	-275.47058	-226.16768	16.537703	-193.87898	-276.38153	225.90306	0.5212425	734.4901020526886
67	-160.55786	22.19901	-112.14182	-199.94711	-140.0369	30.729004	-93.65734	-202.43353	110.0	110.0	110549	-227.39896	16.784601	-194.48676	-276.89432	-227.39905	16.785233	-194.49156	-278.14114	227.16656	0.5204494	746.597490310669
68	-158.73592	20.846659	-124.29438	-190.17966	-155.23872	27.36063	-106.23161	-199.40411	110.0	110.0	112199	-228.53307	17.037403	-195.11739	-279.78558	-228.53297	17.03849	-195.28342	-282.2146	228.13345	0.5239897	757.8099112510681
69	-152.01784	23.564774	-104.15585	-183.37335	-141.54501	33.684315	-75.11648	-188.04045	110.0	110.0	113849	-229.591	17.31464	-195.95781	-280.54706	-229.59087	17.315845	-196.02893	-281.84952	229.27484	0.5221663	768.4908592700958
70	-159.90741	29.297691	-104.79911	-205.02286	-150.22707	48.74121	-40.49708	-209.74945	110.0	110.0	115499	-230.63081	17.537544	-196.69394	-282.4242	-230.6306	17.538406	-197.0602	-283.64896	230.317	0.5311056	779.3798675537109
71	-156.25984	21.394213	-116.27864	-195.3602	-149.15721	24.540897	-117.799614	-192.23714	110.0	110.0	117149	-231.5591	17.811644	-197.55338	-285.15652	-231.55933	17.812225	-197.63092	-286.99176	231.2284	0.52315474	790.2058551311493
72	-156.88068	24.544695	-103.79575	-194.54083	-153.42798	36.909004	-75.11807	-199.38347	110.0	110.0	118799	-232.66281	18.089622	-197.87181	-286.76138	-232.66264	18.090467	-197.95099	-287.14816	232.39496	0.5293561	800.3233892917633
73	-152.37032	24.201468	-107.98073	-192.05634	-163.98384	23.162445	-130.8776	-194.28738	110.0	110.0	120449	-233.50749	18.336763	-198.1168	-288.3854	-233.50737	18.33752	-198.14679	-290.07806	233.10678	0.52682555	811.2090382575989
74	-150.27713	24.205374	-97.06386	-197.84119	-152.92738	24.60218	-104.04463	-186.56076	110.0	110.0	122099	-234.46146	18.550276	-198.54807	-289.557	-234.46147	18.550686	-198.61028	-290.254	234.14333	0.5334565	822.060875415802
75	-151.29376	20.744192	-114.87388	-200.06342	-146.20013	24.744547	-103.470375	-181.5778	110.0	110.0	123749	-235.23166	18.791817	-198.87155	-290.7236	-235.23175	18.792496	-199.10913	-291.3505	234.94519	0.5312666	833.5433583259583
76	-154.47176	23.213684	-98.08818	-192.21106	-143.25223	32.121532	-77.54824	-198.25113	110.0	110.0	125399	-236.11397	19.029062	-199.05496	-292.51874	-236.11389	19.029516	-198.95796	-293.68494	235.79262	0.54075605	845.384028673172
77	-155.85907	32.275692	-77.92322	-194.87135	-127.75968	25.167255	-93.65264	-176.71918	110.0	110.0	127049	-236.84933	19.297602	-199.00104	-293.76318	-236.84909	19.297808	-199.19136	-294.8218	236.51758	0.53713155	858.219485282898
78	-155.22894	20.466911	-115.01778	-191.51593	-164.35379	24.06618	-114.22873	-196.82451	110.0	110.0	128699	-237.68538	19.535679	-199.07936	-294.64688	-237.68546	19.536116	-199.27419	-296.25772	237.2961	0.535071	870.7119996547699
79	-155.71402	27.543264	-94.77878	-196.58434	-143.69707	35.864975	-95.346855	-192.34071	110.0	110.0	130349	-238.42075	19.727392	-199.02182	-297.061	-238.4207	19.728338	-199.08691	-297.84848	238.05498	0.5426865	881.5588159561157
80	-153.205	30.335129	-83.52171	-200.93576	-158.29575	25.664349	-99.58196	-198.76662	110.0	110.0	131999	-239.0705	20.003935	-199.03671	-301.77432	-239.07054	20.004623	-199.03775	-301.25116	238.71634	0.54552096	892.4103229045868
81	-148.94025	28.958757	-97.28326	-196.7645	-147.1162	22.408472	-96.610916	-170.86183	110.0	110.0	133649	-239.76088	20.285313	-199.15976	-303.7178	-239.76073	20.28655	-199.03502	-304.80652	239.3797	0.5526743	902.7694578170776
82	-147.66801	23.018055	-105.54834	-190.14368	-148.82912	28.295944	-87.56422	-189.62035	110.0	110.0	135299	-240.56497	20.55293	-199.59329	-304.14355	-240.56487	20.553669	-199.39119	-304.75836	240.16695	0.5357645	914.6956026554108
83	-149.51353	38.62017	-79.96847	-191.53596	-156.6938	36.21779	-70.47798	-198.94775	110.0	110.0	136949	-241.13394	20.790455	-199.72987	-306.7333	-241.13365	20.79188	-199.5523	-306.08127	240.82436	0.54449284	927.6611497402191
84	-138.61581	21.231302	-108.22423	-189.32768	-143.15918	32.4022	-89.029076	-195.46428	110.0	110.0	138599	-241.75775	21.062063	-200.0421	-309.21762	-241.75787	21.06342	-199.6011	-310.94403	241.47536	0.5335987	938.9686415195465
85	-155.28185	28.994787	-90.97305	-198.45015	-137.99237	32.33038	-91.34383	-189.71606	110.0	110.0	140249	-242.20341	21.21808	-199.9342	-310.1993	-242.20334	21.218975	-199.4491	-311.06348	241.94106	0.54340655	949.8848867416382
86	-146.37631	20.211807	-93.96093	-173.4668	-158.66258	29.514154	-110.29343	-197.38792	110.0	110.0	141899	-242.96051	21.364855	-199.60037	-309.99146	-242.96054	21.366335	-199.2462	-310.8113	242.64754	0.54851013	960.682235956192
87	-160.70322	30.360857	-116.02561	-206.21751	-157.94136	31.067715	-103.27736	-198.45798	110.0	110.0	143549	-243.66673	21.581753	-199.53485	-313.20248	-243.66669	21.583504	-199.17914	-314.5237	243.34871	0.541299	970.799195766449
88	-142.5727	26.991615	-95.08015	-186.09468	-157.56738	31.724453	-88.733246	-186.0514	110.0	110.0	145199	-244.1465	21.748396	-199.27391	-313.37506	-244.14642	21.749195	-199.17125	-313.21246	243.76784	0.5444117	981.5762090682983
89	-133.21992	21.2552	-102.07205	-171.7174	-128.53409	35.61397	-77.167114	-181.72021	110.0	110.0	146849	-244.53586	22.019337	-199.00897	-316.05768	-244.53575	22.020723	-198.79102	-316.31384	244.18205	0.54732454	992.5122239589691
90	-150.94283	26.576725	-89.69098	-196.50764	-165.47997	22.194452	-121.626816	-194.6313	110.0	110.0	148499	-244.95396	22.231369	-199.02132	-316.53296	-244.9538	22.233255	-198.73656	-315.55276	244.69116	0.5493747	1003.2901496887207
91	-154.22159	28.824362	-101.96233	-193.79399	-130.29633	34.378212	-38.748386	-159.68167	110.0	110.0	150149	-245.5259	22.555689	-198.95337	-319.04575	-245.52597	22.556635	-198.45848	-319.94507	245.15254	0.54945683	1015.013386964798
92	-159.55368	23.114744	-127.63546	-199.174	-145.72432	40.4758	-69.87509	-204.23828	110.0	110.0	151799	-246.0924	22.73442	-198.8087	-317.3039	-246.09222	22.735678	-198.24738	-317.9641	245.74622	0.5421897	1027.755674123764
93	-160.88747	25.464231	-93.99695	-198.11758	-145.89076	31.454273	-85.73371	-191.93095	110.0	110.0	153449	-246.48106	22.992334	-198.44002	-321.14206	-246.48117	22.993372	-198.32585	-321.9899	246.12996	0.55882454	1040.107292175293
94	-154.28006	25.956291	-101.73955	-196.53326	-147.18169	32.431904	-80.14753	-194.79181	110.0	110.0	155099	-246.81853	23.238619	-198.47508	-321.814	-246.81845	23.239258	-198.31596	-321.8213	246.43637	0.56842875	1051.7773280143738
95	-146.75955	18.63861	-116.63921	-176.28775	-165.12383	17.3883	-150.23004	-202.27634	110.0	110.0	156749	-247.01903	23.30116	-198.23338	-323.2147	-247.01901	23.302576	-197.89717	-323.81125	246.681	0.5634341	1064.4076354503632
96	-147.90805	27.633146	-86.72078	-189.18272	-157.1041	17.59926	-117.651474	-177.64551	110.0	110.0	158399	-247.40756	23.541002	-197.68945	-322.18134	-247.40752	23.541428	-197.71455	-322.77145	247.02238	0.5662022	1076.4177010059357
97	-149.57832	23.810217	-106.72353	-198.2464	-144.46588	32.32243	-97.32762	-193.49188	110.0	110.0	160049	-247.79128	23.76193	-197.57838	-324.4508	-247.79115	23.762592	-197.63826	-325.03845	247.49428	0.5681719	1088.222526550293
98	-157.51585	28.233288	-94.02393	-193.5417	-140.63678	29.329296	-101.72716	-187.23906	110.0	110.0	161699	-248.08676	23.890755	-197.24858	-326.815	-248.08679	23.891703	-197.30273	-327.3017	247.71428	0.566567	1099.502064704895
99	-144.55742	31.612734	-70.13065	-195.79079	-157.80325	26.486551	-111.54727	-193.00578	110.0	110.0	163349	-248.28226	24.091166	-196.91624	-325.67477	-248.28235	24.09173	-197.03006	-325.3042	247.89243	0.56096435	1110.5115756988525
100	-163.96288	29.084806	-115.42079	-203.75592	-148.2497	42.56951	-53.88042	-193.51834	110.0	110.0	164999	-248.52812	24.363264	-196.92433	-326.9421	-248.52797	24.364422	-196.68756	-326.07898	248.20364	0.5668935	1120.7680962085724
101	-147.2855	37.28912	-60.61604	-200.12079	-149.74567	29.45661	-99.081726	-187.59134	110.0	110.0	166649	-248.7156	24.573444	-196.83727	-327.04263	-248.71552	24.574697	-196.58281	-327.3231	248.2371	0.56944865	1131.610984325409
102	-126.18058	28.765978	-72.53227	-168.515	-171.76309	28.6364	-104.61219	-203.92036	110.0	110.0	168299	-248.91939	24.679094	-196.46141	-331.39957	-248.91925	24.679873	-196.3115	-330.6314	248.60097	0.57507515	1142.6483232975006
103	-157.1543	20.093466	-128.88249	-199.74097	-131.04518	34.67715	-82.06215	-181.98344	110.0	110.0	169949	-249.09372	24.803547	-196.30719	-328.97702	-249.0936	24.804813	-196.4174	-328.82166	248.80113	0.5835595	1155.4696638584137
104	-147.48763	18.46165	-116.117516	-181.56757	-154.97546	29.77101	-107.90055	-193.12335	110.0	110.0	171599	-249.43106	24.866693	-195.98058	-332.26834	-249.43091	24.867517	-195.93286	-331.6923	249.12302	0.58501834	1168.5483791828156
105	-149.30104	32.141235	-91.45329	-198.71196	-126.69647	28.41477	-65.75848	-161.38327	110.0	110.0	173249	-249.61382	24.9407	-195.90613	-329.78958	-249.61382	24.941843	-195.81096	-330.703	249.30177	0.5820224	1180.3442993164062
106	-148.33829	25.644135	-114.53237	-201.11053	-176.71172	9.635465	-160.52945	-188.72847	110.0	110.0	174899	-250.01947	25.105373	-195.56221	-332.89178	-250.01932	25.106573	-195.21492	-332.04874	249.63129	0.59036446	1190.387032032013
107	-145.99222	25.388924	-105.36338	-197.65674	-164.65036	22.255924	-136.94562	-206.02246	110.0	110.0	176549	-250.22523	25.216955	-195.3757	-331.71692	-250.22499	25.21806	-195.08897	-332.40674	249.78246	0.59412885	1200.8966052532196
108	-149.98375	24.34982	-96.024895	-192.28995	-149.6274	28.36397	-101.6762	-195.77701	110.0	110.0	178199	-250.47612	25.332537	-195.04553	-334.2368	-250.47609	25.333496	-194.6625	-334.4645	250.1009	0.58543825	1210.999115228653
109	-145.7501	24.715511	-108.85258	-200.85788	-148.36137	22.14532	-104.3473	-188.057	110.0	110.0	179849	-250.6753	25.375124	-194.58713	-334.92908	-250.67525	25.376343	-194.63083	-334.61722	250.20712	0.5969444	1221.2424564361572
110	-143.6411	25.297035	-105.698524	-197.70789	-157.70467	33.551666	-97.31882	-199.303	110.0	110.0	181499	-250.80623	25.414158	-194.32747	-333.55347	-250.80606	25.415094	-194.19539	-333.6943	250.47614	0.5929161	1231.3471457958221
111	-148.38872	26.334465	-118.29975	-203.47041	-145.89664	29.705194	-108.20849	-199.09732	110.0	110.0	183149	-250.94331	25.448935	-193.9661	-334.6239	-250.94322	25.44971	-193.6358	-334.78397	250.597	0.58252585	1241.4652428627014
112	-164.97505	25.792667	-109.88973	-199.0024	-163.10474	19.087753	-118.69656	-180.95717	110.0	110.0	184799	-251.2495	25.617323	-193.75047	-336.42532	-251.24956	25.618097	-193.52405	-336.76898	250.89394	0.6031549	1251.5036289691925
113	-149.35725	27.814743	-100.08365	-195.85469	-147.47665	39.6763	-66.26075	-202.3866	110.0	110.0	186449	-251.30527	25.702055	-193.24815	-337.76416	-251.305	25.703007	-193.0769	-337.51202	250.99586	0.6003125	1261.7454380989075
114	-164.93845	24.90447	-111.92844	-195.52992	-152.96335	27.43	-100.08192	-182.2594	110.0	110.0	188099	-251.56056	25.885265	-192.98375	-338.73822	-251.56049	25.885635	-193.01373	-337.85657	251.09212	0.59910554	1272.8908050060272
115	-138.52078	32.54613	-80.13492	-200.043	-146.3688	27.51303	-91.66502	-175.33691	110.0	110.0	189749	-251.79985	26.050858	-192.724	-339.32898	-251.79979	26.051825	-192.20932	-338.14886	251.45703	0.6083924	1283.4895482063293
116	-151.25087	31.178656	-93.53731	-193.26529	-148.83383	23.586357	-123.11036	-200.59256	110.0	110.0	191399	-251.81364	26.099672	-192.71931	-339.16193	-251.81363	26.10101	-192.31053	-338.86035	251.48097	0.6043336	1296.262516260147
117	-137.73651	28.333233	-67.54107	-185.28012	-157.02739	28.782887	-103.72184	-186.5243	110.0	110.0	193049	-251.85925	26.259188	-192.10149	-340.3942	-251.85902	26.260424	-191.92886	-338.9186	251.51991	0.6042284	1308.2652673721313
118	-151.7228	31.64565	-102.61092	-191.74567	-142.09268	24.091595	-90.35584	-171.99794	110.0	110.0	194699	-251.99321	26.463022	-191.7831	-338.95245	-251.99324	26.464596	-191.5209	-338.86197	251.626	0.6001206	1320.1603972911835
119	-152.95491	28.219467	-92.573746	-195.90038	-139.97624	30.95406	-76.296425	-180.64084	110.0	110.0	196349	-252.13757	26.49731	-191.25656	-342.08536	-252.13733	26.498657	-191.24033	-340.26447	251.87875	0.6091754	1331.973711013794
120	-148.48886	28.181295	-94.596	-199.38206	-148.6867	12.361013	-127.60831	-169.59462	110.0	110.0	197999	-252.24417	26.60917	-190.80035	-341.96597	-252.24413	26.610855	-190.7566	-340.89178	251.82245	0.61050886	1343.035043478012
121	-139.26802	24.557137	-90.8184	-179.31613	-153.34491	29.995121	-91.419685	-189.02367	110.0	110.0	199649	-252.44638	26.656033	-190.88683	-342.28918	-252.44606	26.657543	-190.74431	-340.60458	252.12701	0.60918474	1355.769719839096
122	-149.39886	32.444252	-98.01176	-209.41904	-107.179054	27.888252	-45.021038	-153.90776	110.0	110.0	201299	-252.4181	26.7914	-190.27533	-341.0135	-252.41809	26.792784	-190.4665	-340.8004	252.01247	0.60709405	1367.9881038665771
123	-143.0019	36.244293	-71.9524	-204.58292	-142.97076	29.969166	-85.06879	-174.50168	110.0	110.0	202949	-252.59375	26.938616	-190.3901	-343.2651	-252.5936	26.939909	-190.2213	-342.0528	252.14307	0.6109587	1378.8531169891357
124	-159.71896	26.10737	-115.469025	-208.84012	-146.54025	21.976105	-117.75747	-199.77473	110.0	110.0	204599	-252.82182	26.985868	-190.09804	-343.40906	-252.82176	26.987381	-190.07436	-342.12335	252.48311	0.61510974	1389.0068345069885
125	-145.32161	28.515604	-96.8562	-198.62706	-152.23761	32.512215	-109.17131	-201.69945	110.0	110.0	206249	-252.89995	27.135933	-189.79305	-342.46173	-252.89986	27.137249	-189.91129	-342.30515	252.472	0.61600614	1401.2602944374084
126	-142.35945	33.11643	-87.64329	-194.79366	-134.37708	35.325832	-42.52755	-168.42583	110.0	110.0	207899	-253.00221	27.240208	-189.81273	-343.74954	-253.00203	27.242006	-189.64049	-342.90955	252.66928	0.6204621	1413.9035468101501
127	-144.23192	30.091034	-98.834465	-206.42914	-148.16748	19.872683	-105.7784	-176.94164	110.0	110.0	209549	-253.17879	27.205357	-189.57924	-345.22824	-253.17867	27.20696	-189.29762	-343.9055	252.82858	0.62497145	1424.025675535202
128	-146.84155	26.443508	-88.32157	-188.60799	-152.25966	22.965588	-112.41399	-178.36707	110.0	110.0	211199	-253.13974	27.429785	-189.2944	-344.01013	-253.13968	27.43181	-189.25266	-343.71567	252.78777	0.61296636	1434.9296643733978
129	-136.29176	22.719234	-94.2569	-182.12373	-155.67404	23.151377	-113.61019	-196.79182	110.0	110.0	212849	-253.07025	27.585354	-189.36046	-344.06528	-253.07005	27.5868	-189.11938	-344.57498	252.71782	0.60857195	1445.210575580597
130	-148.22853	26.447145	-96.16406	-194.79721	-130.84383	24.685724	-84.94259	-155.6296	110.0	110.0	214499	-253.11993	27.749474	-189.03218	-344.63425	-253.1197	27.75142	-188.92085	-345.09055	252.62715	0.6268388	1458.1322076320648
131	-151.2652	19.7802	-113.56581	-180.82593	-139.77379	25.34347	-99.37641	-176.58087	110.0	110.0	216149	-253.16591	27.791182	-188.44937	-345.3556	-253.16585	27.793417	-188.42133	-346.29535	252.76816	0.60494065	1470.886048078537
132	-165.17934	24.842903	-131.74634	-203.8942	-146.15866	25.076302	-100.14448	-178.80556	110.0	110.0	217799	-253.25151	28.105661	-188.32205	-347.0227	-253.25145	28.107246	-188.16895	-346.7923	252.9433	0.62257725	1481.1465752124786
133	-146.46469	24.165695	-87.475716	-176.28578	-133.2267	20.681326	-86.8395	-158.55595	110.0	110.0	219449	-253.40555	28.141445	-188.14061	-346.4589	-253.40533	28.142992	-187.72575	-346.3344	252.95964	0.6174343	1494.0595593452454
134	-144.78813	29.51011	-99.88888	-191.30675	-126.03093	30.216316	-82.208664	-163.81146	110.0	110.0	221099	-253.4248	28.191048	-187.4358	-349.80566	-253.42465	28.192247	-187.40074	-348.3933	253.10072	0.6168931	1506.0247094631195
135	-152.30109	23.346111	-118.59319	-192.96832	-135.63339	30.424126	-90.10137	-184.11324	110.0	110.0	222749	-253.31364	28.326845	-187.21547	-349.1289	-253.3136	28.328806	-187.1472	-349.01224	253.05588	0.6126757	1517.0403587818146
136	-145.69795	30.152212	-65.687584	-193.91975	-146.96078	35.261787	-76.7832	-202.41464	110.0	110.0	224399	-253.53574	28.489515	-187.13544	-349.37317	-253.53563	28.491188	-187.03241	-349.11862	253.19095	0.62444586	1529.8858160972595
137	-153.67506	25.683046	-117.039696	-197.21559	-136.26779	20.412207	-104.018845	-177.44939	110.0	110.0	226049	-253.41803	28.615759	-186.82068	-350.55554	-253.41782	28.617298	-186.66562	-349.7528	252.94666	0.61524814	1542.1406888961792
138	-141.82903	29.6692	-90.97768	-189.58206	-153.30455	24.61404	-115.80926	-197.1478	110.0	110.0	227699	-253.70378	28.77283	-186.35019	-350.1691	-253.70358	28.77475	-186.44281	-350.64526	253.31209	0.6237762	1553.0020306110382
139	-149.47398	24.193226	-104.14794	-181.70009	-151.742	27.693573	-92.66107	-187.55945	110.0	110.0	229349	-253.68431	28.827631	-186.2119	-350.9064	-253.68417	28.82986	-185.97586	-351.08847	253.4547	0.6097835	1563.8463401794434
140	-153.66225	23.914862	-113.59913	-192.54836	-142.98288	38.02493	-91.84285	-191.71655	110.0	110.0	230999	-253.86128	28.807692	-185.87137	-351.88843	-253.86104	28.809513	-185.77519	-352.25525	253.5131	0.6159074	1574.0288643836975
141	-129.91724	34.161636	-65.117386	-201.26357	-140.72604	17.860916	-106.68196	-165.47945	110.0	110.0	232649	-254.02808	29.035322	-185.61407	-352.08676	-254.02792	29.037485	-185.49045	-352.9553	253.52458	0.61373687	1584.3014426231384
142	-151.95541	25.914751	-85.69977	-194.89856	-139.32895	21.037916	-101.36897	-173.2868	110.0	110.0	234299	-254.12854	29.109465	-185.32312	-353.4999	-254.12834	29.111488	-185.33519	-353.8398	253.72632	0.6180853	1595.3862404823303
143	-145.7717	36.74799	-68.13584	-191.33673	-114.21403	23.739044	-72.28394	-164.749	110.0	110.0	235949	-254.21193	29.27696	-184.92848	-354.276	-254.21176	29.27879	-184.6563	-353.89084	253.84369	0.62604344	1605.5035223960876
144	-148.36952	22.211084	-123.775894	-203.98637	-133.6123	31.357391	-94.73676	-203.02625	110.0	110.0	237599	-254.16393	29.412909	-185.09752	-354.24017	-254.16391	29.41501	-184.69818	-354.77615	253.91125	0.611906	1616.1969828605652
145	-145.44554	28.912922	-96.29959	-198.55905	-139.59091	33.59313	-99.25736	-187.46547	110.0	110.0	239249	-254.32475	29.549192	-184.55806	-354.88135	-254.32443	29.55095	-184.49689	-354.79303	254.02994	0.6167135	1627.0517117977142
146	-147.85971	26.39875	-97.50707	-182.8081	-147.6677	25.890316	-113.09556	-184.37407	110.0	110.0	240899	-254.13155	29.612688	-184.20934	-355.8349	-254.13127	29.614357	-184.20547	-355.92313	253.82678	0.614041	1637.9105746746063
147	-138.72614	35.857063	-56.99626	-194.54028	-139.39766	43.99772	-65.9264	-203.79706	110.0	110.0	242549	-254.2438	29.757172	-183.94254	-355.91766	-254.24371	29.758533	-183.87859	-356.31436	254.02364	0.6143666	1648.6118211746216
148	-130.22397	28.685047	-80.01874	-202.03925	-128.4548	27.285181	-92.6574	-189.13777	110.0	110.0	244199	-254.06947	29.84199	-183.63629	-356.6233	-254.06918	29.84328	-183.55573	-356.55917	253.78735	0.6212844	1659.465137720108
149	-142.11285	31.260939	-83.82428	-191.79018	-127.48395	36.531433	-41.68197	-166.0552	110.0	110.0	245849	-254.1678	29.862438	-183.48378	-357.69696	-254.16762	29.864368	-183.38994	-357.31216	253.75455	0.61717147	1670.4314105510712
150	-136.66975	29.261463	-87.69901	-194.50728	-133.61186	28.70206	-99.7171	-184.83067	110.0	110.0	247499	-254.06575	30.07759	-182.54283	-357.8874	-254.06575	30.07973	-182.85684	-357.63824	253.80035	0.6209991	1681.4678695201874
151	-126.921196	31.299269	-88.16111	-201.69542	-152.24507	33.35781	-81.20761	-194.18521	110.0	110.0	249149	-253.873	30.24228	-182.63582	-357.85065	-253.8728	30.244125	-182.56676	-358.37442	253.62346	0.62749994	1692.3958139419556
152	-142.0627	31.789455	-90.63874	-205.35274	-149.39551	33.252514	-98.62089	-197.48512	110.0	110.0	250799	-253.71378	30.318163	-182.20961	-358.7078	-253.71355	30.320045	-182.4496	-358.49225	253.38412	0.61667955	1702.621105670929
153	-140.2425	35.56325	-87.62509	-199.38152	-133.65366	44.379265	-63.57372	-193.00725	110.0	110.0	252449	-253.56094	30.49591	-181.9322	-359.56854	-253.56065	30.49803	-181.84758	-359.74454	253.20279	0.61943716	1713.5462894439697
154	-137.76833	29.29293	-103.72209	-185.08534	-144.12833	29.697712	-94.732544	-192.39003	110.0	110.0	254099	-253.50836	30.604519	-181.57497	-360.16122	-253.50827	30.606709	-181.01398	-360.4956	253.08794	0.62371033	1724.4060196876526
155	-124.11956	23.39558	-95.2338	-173.15057	-130.93686	28.863241	-82.17816	-172.09369	110.0	110.0	255749	-253.36528	30.558369	-181.3721	-360.42706	-253.36519	30.56015	-181.23936	-360.94632	253.1341	0.6276102	1735.190260887146
156	-133.92886	26.735704	-88.61747	-198.4436	-127.663315	29.519941	-76.60225	-168.60693	110.0	110.0	257399	-253.07619	30.741943	-180.97873	-361.33383	-253.0758	30.743986	-180.88141	-361.80814	252.87854	0.62553775	1745.3289051055908
157	-129.53033	29.684896	-83.725624	-191.9	-148.33365	28.299992	-100.94279	-184.54823	110.0	110.0	259049	-253.03882	30.777088	-180.38419	-361.49384	-253.03871	30.779032	-180.262	-361.431	252.57568	0.6255636	1756.2003524303436
158	-140.47272	32.800213	-82.68416	-199.76033	-128.65958	31.491623	-74.51128	-187.69037	110.0	110.0	260699	-252.67717	30.797396	-179.81021	-362.64407	-252.67699	30.798796	-179.80072	-362.28613	252.40793	0.62188816	1767.066074371338
159	-132.38481	19.841694	-96.19946	-157.29466	-135.55754	30.86679	-86.181435	-196.53423	110.0	110.0	262349	-252.5944	31.0445	-179.47173	-362.39368	-252.5943	31.046165	-179.38567	-362.8143	252.26523	0.6232382	1777.2566239833832
160	-131.94377	33.228058	-74.7598	-195.65999	-146.19806	34.911037	-71.79811	-206.11871	110.0	110.0	263999	-252.36533	31.244457	-179.07341	-362.9026	-252.36514	31.245514	-178.78584	-363.505	252.14331	0.6328716	1787.4398612976074
161	-143.01686	26.794891	-70.14777	-179.08818	-128.85219	38.095215	-24.359238	-166.39597	110.0	110.0	265649	-252.26611	31.450008	-178.30399	-363.93307	-252.26599	31.451958	-178.36902	-364.06485	251.83713	0.62385577	1798.4608948230743
162	-123.563156	29.364805	-78.622795	-183.02058	-137.18327	27.41348	-90.06444	-190.60687	110.0	110.0	267299	-251.90533	31.576073	-177.67264	-363.9184	-251.90521	31.57737	-177.75644	-363.9545	251.61337	0.6348804	1808.842830657959
163	-131.83421	19.470465	-105.86982	-172.48756	-127.83966	41.71934	-58.385983	-188.3226	110.0	110.0	268949	-251.6553	31.494833	-177.14888	-364.41226	-251.65495	31.496578	-176.96384	-364.6789	251.40671	0.63486934	1819.6755270957947
164	-138.95094	36.148563	-88.845	-203.47762	-126.7781	34.877346	-69.471214	-173.8361	110.0	110.0	270599	-251.61707	31.647058	-176.82375	-364.68744	-251.61703	31.648361	-176.77617	-365.29504	251.30788	0.6340123	1832.8228523731232
165	-129.30531	36.938587	-83.17779	-201.28171	-139.62724	25.516726	-102.98617	-178.54512	110.0	110.0	272249	-251.50189	31.738712	-176.31067	-365.22507	-251.5018	31.74033	-176.34518	-365.34106	251.13425	0.62267226	1845.8027732372284
166	-141.90863	18.20986	-110.20158	-164.40057	-139.49458	33.30746	-81.488914	-189.75754	110.0	110.0	273899	-251.20453	31.815792	-175.51266	-365.89685	-251.20435	31.817421	-175.8908	-365.55927	250.82663	0.6375646	1858.785492658615
167	-131.81386	20.811256	-83.66091	-163.45514	-126.99922	36.290768	-76.087814	-176.65494	110.0	110.0	275549	-250.9279	31.911055	-175.29341	-365.66904	-250.92773	31.912533	-175.46387	-365.83505	250.5894	0.63023794	1871.6761529445648
168	-129.59325	24.940968	-73.96061	-188.79306	-137.44034	33.520073	-86.65743	-195.29285	110.0	110.0	277199	-250.93938	32.03105	-174.96931	-366.01697	-250.93922	32.03256	-175.00063	-366.86002	250.59737	0.6258209	1884.181607723236
169	-138.89966	18.808205	-95.286	-173.7838	-129.49055	32.68395	-67.21218	-196.41461	110.0	110.0	278849	-250.42972	31.954151	-174.40678	-366.03302	-250.42958	31.95529	-174.31416	-366.0013	250.01485	0.62696826	1894.7851569652557
170	-134.64963	39.47977	-55.77631	-193.29713	-127.839905	33.512077	-83.677895	-183.54584	110.0	110.0	280499	-250.3276	32.200283	-173.97067	-365.5536	-250.32738	32.20169	-174.20535	-365.9477	249.82642	0.6295396	1905.0720009803772
171	-136.455	34.51759	-69.59099	-180.21147	-122.3582	34.17824	-59.5776	-200.20148	110.0	110.0	282149	-250.19176	32.341373	-173.56909	-365.22446	-250.19156	32.342808	-173.61723	-364.91376	249.82655	0.6432868	1915.3305065631866
172	-123.54347	24.697083	-79.36073	-152.4048	-125.81134	26.432728	-82.44116	-170.38719	110.0	110.0	283799	-249.99641	32.30057	-173.15712	-365.3036	-249.99637	32.301853	-173.33267	-365.15732	249.62822	0.6383033	1925.844111919403
173	-117.96768	36.64583	-63.092247	-189.30107	-131.5509	20.444847	-100.75212	-161.23015	110.0	110.0	285449	-249.80939	32.425713	-172.8614	-365.43347	-249.80916	32.42663	-173.0813	-366.11346	249.40114	0.6352978	1936.1069176197052
174	-129.31728	28.181591	-83.13513	-183.62482	-121.573	35.44316	-52.153053	-163.07388	110.0	110.0	287099	-249.52058	32.419624	-172.47678	-367.1819	-249.52058	32.42072	-172.48901	-365.9533	249.07152	0.6344614	1946.9075124263763
175	-149.78786	24.72488	-95.66201	-193.59892	-132.21579	45.90451	-57.155407	-197.25005	110.0	110.0	288749	-249.29024	32.498215	-171.9886	-366.18063	-249.29018	32.49928	-172.0891	-366.57083	248.875	0.6340075	1957.5899798870087
176	-132.99828	23.567163	-100.642166	-192.91919	-131.84326	29.009787	-89.83	-180.80328	110.0	110.0	290399	-249.10631	32.5058	-171.76732	-365.56485	-249.10619	32.507225	-171.63664	-365.30396	248.81404	0.6292958	1968.3942997455597
177	-127.56704	22.330643	-91.32197	-162.1305	-131.71304	30.366331	-92.40981	-202.47858	110.0	110.0	292049	-248.81352	32.57463	-171.22314	-368.00586	-248.81335	32.575348	-171.03493	-366.5909	248.34383	0.6355422	1979.390243768692
178	-127.862434	29.469717	-84.64611	-179.33313	-140.82956	23.395924	-101.489914	-183.76869	110.0	110.0	293699	-248.58997	32.66368	-170.64726	-365.94165	-248.58977	32.664436	-170.59123	-365.14352	248.31897	0.6401107	1990.3509855270386
179	-127.74472	27.806473	-69.615364	-159.7316	-143.60611	26.603382	-93.699615	-179.73137	110.0	110.0	295349	-248.2611	32.569008	-170.26686	-365.74094	-248.26102	32.56991	-170.30531	-364.94724	247.75716	0.63549435	2000.598295211792
180	-140.43394	18.09805	-119.604935	-191.86829	-130.70331	36.84503	-94.92317	-199.06476	110.0	110.0	296999	-247.98572	32.599365	-169.88603	-366.32022	-247.98567	32.600033	-170.01057	-365.29718	247.63379	0.6367035	2011.1537182331085
181	-136.50789	36.4763	-73.90822	-194.69102	-135.19328	37.829895	-61.763565	-187.87779	110.0	110.0	298649	-247.87137	32.716087	-169.01785	-364.98367	-247.8714	32.71657	-169.19687	-364.71704	247.47816	0.642165	2021.4076659679413
182	-136.71484	26.526981	-93.16094	-192.63803	-138.88474	44.541767	-66.18197	-192.62401	110.0	110.0	300299	-247.51228	32.747173	-168.7429	-364.52548	-247.51202	32.74848	-168.84274	-364.41022	247.08566	0.63602686	2031.5984001159668
183	-121.36613	35.68122	-59.915306	-205.68329	-115.06813	30.119345	-54.81665	-161.56113	110.0	110.0	301949	-247.20897	32.911892	-168.30122	-365.94913	-247.20909	32.913063	-168.43903	-364.78696	246.63803	0.6322282	2041.8161494731903
184	-118.66548	22.519754	-73.61453	-157.2019	-122.08264	42.892197	-50.280945	-186.82983	110.0	110.0	303599	-247.02705	32.88593	-167.94397	-364.9783	-247.0268	32.887043	-168.10332	-363.38257	246.67488	0.63287485	2052.8940942287445
185	-129.40662	27.575315	-88.37247	-179.39082	-121.796974	31.409222	-75.8644	-178.22403	110.0	110.0	305249	-246.68073	32.82054	-167.68097	-364.3552	-246.68053	32.821228	-167.81743	-363.6836	246.31636	0.6322175	2063.143812417984
186	-123.53867	20.899315	-89.23713	-167.14435	-126.67981	28.703266	-85.34083	-171.29085	110.0	110.0	306899	-246.57423	32.827457	-167.17891	-361.9415	-246.57423	32.82857	-167.30318	-362.08258	246.29478	0.64376336	2073.9352185726166
187	-114.962425	28.336346	-62.013424	-163.63536	-137.3734	36.648155	-64.48134	-184.5258	110.0	110.0	308549	-246.20291	32.809193	-166.85544	-363.9929	-246.20276	32.809975	-166.96391	-361.51907	245.75926	0.630369	2086.0235443115234
188	-135.35574	25.481535	-84.907425	-170.84384	-117.13603	36.00916	-46.025288	-173.76541	110.0	110.0	310199	-245.79544	32.86344	-166.32181	-364.27264	-245.79543	32.863785	-166.34569	-363.04382	245.38484	0.6377042	2098.0531339645386
189	-130.76091	29.687885	-82.487885	-183.74591	-129.81396	31.109928	-62.726994	-189.42259	110.0	110.0	311849	-245.59067	32.77152	-166.2188	-363.5413	-245.59045	32.772785	-166.12665	-361.87326	245.22043	0.634823	2111.103223323822
190	-130.16669	30.580242	-76.47096	-183.11346	-122.58246	34.861355	-70.60664	-188.79536	110.0	110.0	313499	-245.49342	32.872715	-165.64752	-363.9535	-245.4932	32.873436	-165.91037	-362.64557	245.02545	0.6319263	2124.057532310486
191	-132.10841	33.016857	-92.36103	-194.49731	-126.94563	29.01309	-90.20597	-168.70819	110.0	110.0	315149	-245.1043	32.917763	-165.67218	-362.55103	-245.10434	32.91814	-165.73825	-360.8597	244.76796	0.6293648	2136.6824111938477
192	-116.658615	21.685925	-93.07038	-178.4457	-132.4973	20.222437	-107.40204	-169.1657	110.0	110.0	316799	-244.75835	32.977264	-165.31512	-363.5227	-244.75829	32.97782	-165.33661	-361.27386	244.33379	0.64502084	2147.185118198395
193	-141.22325	27.667818	-75.8343	-183.70145	-123.1158	35.693172	-62.720226	-168.69733	110.0	110.0	318449	-244.47868	32.81447	-164.6516	-361.1711	-244.47864	32.815235	-165.03745	-359.39822	244.14583	0.64497954	2158.3084285259247
194	-122.35283	23.351183	-78.25211	-157.73587	-144.97256	34.420567	-92.49259	-199.4563	110.0	110.0	320099	-244.17133	32.991753	-164.88274	-363.261	-244.17128	32.992115	-164.83514	-361.2481	243.81265	0.65456146	2168.550664663315
195	-131.8616	21.254404	-96.725746	-167.14948	-132.31888	34.790176	-75.56498	-197.04369	110.0	110.0	321749	-243.94218	33.09137	-164.19685	-362.02612	-243.94211	33.092186	-164.46622	-360.17328	243.5753	0.6541426	2178.913722515106
196	-126.00399	34.51418	-75.46115	-167.26564	-117.44999	28.322899	-53.617672	-149.07661	110.0	110.0	323399	-243.6762	33.126335	-164.03815	-362.99905	-243.67612	33.126667	-164.16505	-360.8798	243.35919	0.65567195	2189.2820994853973
197	-132.48198	33.784412	-70.8546	-189.66312	-121.09009	32.227974	-78.054344	-172.75159	110.0	110.0	325049	-243.20963	33.112804	-163.83499	-358.68103	-243.20938	33.1136	-163.90952	-358.09955	242.84818	0.6474738	2199.530700445175
198	-126.2117	25.38075	-88.50956	-175.94458	-118.17671	24.31153	-92.29003	-176.45242	110.0	110.0	326699	-243.158	33.192123	-163.34044	-361.17603	-243.1579	33.193043	-163.43884	-359.311	242.81693	0.65899456	2209.7874064445496
199	-122.745125	33.391933	-76.24453	-169.44415	-120.615585	38.64869	-39.59161	-180.77838	110.0	110.0	328349	-242.82104	33.185036	-162.993	-361.60678	-242.82112	33.18535	-163.14833	-358.75244	242.53784	0.64308614	2220.9524986743927
200	-114.99194	33.097282	-57.182484	-175.16296	-135.13481	27.20062	-95.617615	-189.6412	110.0	110.0	329999	-242.60788	33.28644	-162.47456	-359.38837	-242.60791	33.28731	-162.45639	-358.56226	242.11716	0.6485463	2231.336188554764
201	-130.90294	26.151812	-90.64828	-169.99973	-117.71098	32.30246	-53.60603	-156.4964	110.0	110.0	331649	-242.4272	33.32785	-162.03555	-360.60513	-242.427	33.328033	-161.99333	-359.59616	242.06303	0.6462601	2241.6067736148834
202	-146.73714	27.094692	-65.01654	-181.2809	-131.88705	31.625893	-72.12056	-172.57062	110.0	110.0	333299	-242.0537	33.379982	-161.76486	-358.89648	-242.0536	33.38063	-161.64497	-358.02975	241.71318	0.6519536	2252.899234056473
203	-125.30671	30.80697	-82.25927	-195.50134	-124.54109	34.829273	-52.07636	-169.4447	110.0	110.0	334949	-241.95149	33.44203	-161.3708	-358.56232	-241.95154	33.442226	-161.17804	-357.8035	241.52986	0.6562168	2264.5927734375
204	-116.80665	19.04014	-81.08247	-145.46547	-140.41246	32.53856	-85.46249	-172.09315	110.0	110.0	336599	-241.37498	33.419228	-160.64993	-359.54272	-241.37491	33.419525	-160.38231	-356.8566	241.0545	0.6447919	2277.5546452999115
205	-126.220924	29.995031	-91.41799	-181.67487	-125.76328	33.342125	-47.808693	-163.87328	110.0	110.0	338249	-241.27344	33.48857	-160.48613	-357.9531	-241.27336	33.488785	-160.52423	-355.82724	240.93205	0.65180355	2289.581606388092
206	-136.66327	35.601234	-66.07692	-190.10466	-146.17401	22.965303	-103.96012	-182.89262	110.0	110.0	339899	-240.9837	33.49027	-159.8923	-354.39615	-240.98366	33.49112	-159.79251	-354.38522	240.76326	0.6590131	2301.5475137233734
207	-127.54221	26.461937	-90.8987	-189.18768	-94.94142	24.197716	-57.446945	-141.73276	110.0	110.0	341549	-240.84045	33.506687	-159.4169	-353.8765	-240.8402	33.507168	-159.56645	-353.91333	240.57834	0.6507231	2312.5651783943176
208	-142.71683	29.449024	-80.72091	-184.20657	-116.99547	25.09817	-66.42688	-167.63234	110.0	110.0	343199	-240.46112	33.595615	-159.18062	-355.24954	-240.46129	33.596157	-159.28041	-354.8368	240.16805	0.6730168	2323.521765232086
209	-128.7323	30.234516	-70.95347	-185.3897	-151.28297	29.81224	-103.96391	-189.70842	110.0	110.0	344849	-240.11668	33.56188	-158.54152	-354.32672	-240.11649	33.562576	-158.48999	-352.6977	239.82733	0.6591159	2334.089237689972
210	-124.726654	34.71588	-85.4021	-182.42267	-126.308716	26.199326	-71.78736	-166.22185	110.0	110.0	346499	-239.88696	33.76794	-157.79317	-353.8655	-239.8869	33.768917	-157.43787	-353.26324	239.5855	0.67370915	2344.478180170059
211	-126.34014	32.500423	-85.21871	-180.01614	-139.72545	28.58777	-95.63114	-189.91809	110.0	110.0	348149	-239.57188	33.753536	-157.82585	-356.49112	-239.57188	33.75416	-157.54385	-353.52594	239.12585	0.66495234	2355.496066093445
212	-124.82812	21.02402	-80.47911	-155.91139	-130.0318	21.669128	-96.8415	-165.05943	110.0	110.0	349799	-239.3344	33.820194	-157.3828	-355.00867	-239.33409	33.821087	-157.32103	-352.79117	238.9964	0.6597013	2367.1055533885956
213	-125.46227	36.091473	-70.76305	-185.17033	-131.47804	23.338108	-92.78711	-176.66454	110.0	110.0	351449	-238.80524	33.776413	-157.01201	-350.53925	-238.80511	33.777157	-156.75066	-350.93915	238.5094	0.6652886	2380.037502527237
214	-124.67244	31.218939	-83.217125	-193.21187	-125.898476	17.507809	-101.797646	-161.07262	110.0	110.0	353099	-238.70789	33.85004	-156.87866	-353.71808	-238.7077	33.851097	-156.64935	-354.85663	238.35513	0.6755168	2392.948479652405
215	-122.170364	22.511015	-79.90052	-154.02473	-118.675514	23.159348	-76.834785	-147.29463	110.0	110.0	354749	-238.39578	33.891075	-156.64703	-354.52106	-238.3959	33.891624	-156.33325	-353.68134	238.14871	0.6643717	2406.0333251953125
216	-132.1976	32.899998	-82.45959	-194.61737	-137.21193	32.776634	-79.21954	-174.57991	110.0	110.0	356399	-238.16466	33.878063	-156.03139	-353.54697	-238.1645	33.87912	-155.77707	-352.3122	237.97	0.6678455	2417.384229660034
217	-122.32002	28.234766	-84.61968	-185.02216	-120.4374	14.781914	-104.9133	-151.15724	110.0	110.0	358049	-237.81734	33.906628	-155.59248	-352.31473	-237.81726	33.907944	-155.52887	-353.98907	237.34464	0.6718346	2430.2631623744965
218	-124.312225	16.497421	-98.954765	-153.89633	-112.98515	25.601627	-56.83601	-148.86552	110.0	110.0	359699	-237.74574	33.97902	-155.4041	-352.21545	-237.7456	33.979256	-155.05544	-354.6277	237.2837	0.6856702	2441.6645658016205
219	-128.06236	23.925152	-87.06161	-170.2794	-142.34439	27.701532	-102.870834	-198.1872	110.0	110.0	361349	-237.39925	33.86529	-155.01782	-351.68134	-237.39917	33.865536	-154.81625	-350.98663	237.10614	0.68427914	2452.6590614318848
220	-130.29428	22.82463	-89.043564	-165.38191	-105.60166	33.54253	-53.408024	-168.81238	110.0	110.0	362999	-237.26686	33.978832	-154.69373	-350.26944	-237.26682	33.97983	-154.59033	-351.35468	236.80334	0.6787923	2463.7166771888733
221	-124.14566	29.663122	-73.875755	-188.79457	-119.37553	19.834028	-86.59204	-164.30956	110.0	110.0	364649	-236.80376	33.927177	-154.34218	-350.12573	-236.80363	33.928043	-154.05487	-350.42227	236.45831	0.69008887	2474.75905752182
222	-132.88539	27.925339	-89.43648	-183.88213	-112.52036	29.642025	-58.260002	-162.26064	110.0	110.0	366299	-236.59758	34.053085	-153.92874	-349.04858	-236.59755	34.05344	-153.76727	-349.186	236.17296	0.68491685	2487.962431907654
223	-139.96205	23.199257	-90.13491	-178.9995	-121.878296	25.036436	-78.21426	-159.33702	110.0	110.0	367949	-236.34482	34.123005	-153.33733	-348.66327	-236.34468	34.12367	-153.451	-350.04803	236.00708	0.6924617	2501.116870164871
224	-124.37753	26.677505	-83.234505	-179.54715	-106.974915	33.47137	-44.057384	-154.59439	110.0	110.0	369599	-236.16989	34.00174	-152.91185	-347.1682	-236.16985	34.002216	-152.73372	-347.42142	235.64716	0.68580157	2511.6961994171143
225	-125.02009	28.511642	-79.625595	-172.89906	-127.85449	38.44974	-45.76868	-181.1598	110.0	110.0	371249	-236.09158	34.027122	-152.54053	-350.50964	-236.09149	34.02789	-152.40326	-347.98013	235.55212	0.69326127	2522.461152791977
226	-123.22511	32.657166	-73.98748	-197.02402	-114.337814	36.191444	-63.554554	-173.80614	110.0	110.0	372899	-235.66849	34.08873	-152.44138	-347.30237	-235.66844	34.08973	-152.38554	-347.94193	235.249	0.6726797	2533.4983813762665
227	-134.89067	24.483995	-87.70874	-189.44145	-131.48454	22.65397	-87.31456	-163.18506	110.0	110.0	374549	-235.51775	34.119595	-152.13959	-346.83673	-235.51755	34.1204	-152.0421	-347.89893	235.22983	0.6928348	2544.453975200653
228	-127.591896	20.54254	-89.855644	-166.33096	-109.74782	23.963522	-72.57802	-151.03903	110.0	110.0	376199	-235.13535	34.13105	-151.65303	-347.2883	-235.13547	34.13183	-151.52066	-347.67905	234.85373	0.6822385	2555.2907721996307
229	-113.50844	25.11485	-70.50456	-166.68826	-120.2448	23.113771	-91.1225	-168.05722	110.0	110.0	377849	-234.90288	34.22102	-151.22261	-348.02698	-234.9027	34.221275	-151.22446	-347.64606	234.65909	0.69257903	2566.4562306404114
230	-113.16139	28.730532	-64.87008	-177.15286	-131.37637	34.735676	-71.721146	-195.8696	110.0	110.0	379499	-234.71399	34.164845	-151.00534	-348.57263	-234.71384	34.165993	-150.8314	-346.02457	234.36057	0.68940806	2577.4695615768433
231	-126.34776	31.455645	-72.59339	-198.24686	-129.9144	36.82291	-84.70467	-201.19804	110.0	110.0	381149	-234.39627	34.230553	-150.42421	-345.97754	-234.39624	34.231644	-150.45186	-345.46832	234.02435	0.69734126	2588.5008747577667
232	-130.78316	17.557684	-95.70768	-159.57277	-139.67227	22.85218	-84.21175	-167.26189	110.0	110.0	382799	-234.05698	34.13753	-150.12973	-347.1504	-234.05673	34.1386	-149.96368	-345.64212	233.70012	0.70780754	2599.6180992126465
233	-131.25044	24.071209	-87.66378	-169.17944	-108.35481	20.243734	-53.83826	-130.06514	110.0	110.0	384449	-234.01418	34.283012	-149.78809	-344.77112	-234.01416	34.284027	-149.61208	-345.41858	233.65144	0.703532	2610.2956080436707
234	-119.18154	20.58035	-67.6037	-151.2396	-103.27721	22.008371	-56.116993	-133.69234	110.0	110.0	386099	-233.68701	34.20713	-149.41673	-345.06195	-233.68684	34.20815	-149.3317	-344.7424	233.48735	0.69827664	2621.1898999214172
235	-126.0583	26.020555	-79.746346	-170.56795	-122.7796	28.101397	-92.40535	-173.05345	110.0	110.0	387749	-233.15549	34.160694	-148.89507	-348.42844	-233.15541	34.162064	-148.94096	-347.21005	232.73906	0.69300884	2634.285209417343
236	-131.76154	19.329458	-84.61642	-151.78105	-121.84053	37.887005	-76.59187	-199.4321	110.0	110.0	389399	-233.11143	34.21915	-148.87871	-346.28363	-233.11134	34.219772	-148.76839	-345.4481	232.65594	0.6996086	2647.240590572357
237	-132.51424	18.455734	-86.14226	-162.84853	-112.81173	21.905363	-72.63567	-158.13248	110.0	110.0	391049	-232.84752	34.23476	-148.3167	-347.62973	-232.8474	34.2363	-148.64397	-346.03836	232.61296	0.6994306	2660.3840255737305
238	-134.44994	22.738478	-93.82471	-165.64252	-135.5209	25.08653	-99.35031	-183.75319	110.0	110.0	392699	-232.5068	34.34343	-148.2057	-346.79535	-232.5068	34.34411	-148.14299	-346.07962	232.1053	0.6982481	2672.4548983573914
239	-114.93437	29.741076	-61.771378	-189.62828	-128.55077	34.58768	-55.123325	-182.23344	110.0	110.0	394349	-232.34901	34.30123	-147.67473	-345.92297	-232.34889	34.30197	-147.83072	-345.0566	231.98013	0.7016986	2683.482100009918
240	-124.24052	29.97406	-78.87399	-176.00723	-116.90702	14.719824	-90.04859	-137.87328	110.0	110.0	395999	-231.99844	34.210094	-147.32837	-344.1398	-231.9983	34.211155	-147.67065	-344.21317	231.60216	0.70104223	2694.748049736023
241	-128.21434	28.746656	-90.92454	-185.4046	-122.65387	35.71013	-75.35368	-165.73494	110.0	110.0	397649	-231.85048	34.29035	-147.43094	-344.65982	-231.85048	34.2914	-147.3083	-344.414	231.5221	0.7015644	2706.8015961647034
242	-110.73758	20.849943	-83.37956	-145.90909	-122.13149	35.25798	-68.688286	-183.71587	110.0	110.0	399299	-231.52136	34.295452	-146.87344	-345.44775	-231.52107	34.29651	-147.11073	-344.79822	231.07693	0.70639473	2719.928674697876
243	-128.33316	31.620096	-60.158	-170.63632	-110.25679	26.86208	-72.08452	-153.9909	110.0	110.0	400949	-231.35538	34.243954	-146.8583	-346.13654	-231.3554	34.2449	-146.87259	-345.44232	230.94191	0.69358057	2730.836292743683
244	-119.325455	25.926142	-70.48756	-162.799	-119.72115	38.474625	-58.79125	-195.71896	110.0	110.0	402599	-231.16808	34.338715	-146.51114	-342.85297	-231.16776	34.339653	-146.3549	-343.37122	230.85315	0.7031466	2743.6212232112885
245	-115.19937	21.17543	-80.41816	-159.50938	-118.75735	30.90165	-65.96143	-172.29037	110.0	110.0	404249	-230.78658	34.22487	-146.29031	-345.08456	-230.78671	34.225636	-146.37357	-344.39352	230.50069	0.70106596	2755.5140018463135
246	-114.90589	19.095999	-73.138336	-148.4777	-137.04779	29.75888	-90.37671	-180.12637	110.0	110.0	405899	-230.56291	34.272236	-146.02428	-344.98746	-230.56267	34.27299	-146.07982	-346.19794	230.25092	0.70362747	2765.8152651786804
247	-124.765205	34.53542	-79.21172	-188.91312	-111.31648	23.65167	-74.40132	-148.33038	110.0	110.0	407549	-230.26671	34.2303	-145.79178	-343.6514	-230.26648	34.231422	-145.75085	-344.38547	229.8828	0.69823074	2776.283941745758
248	-138.93022	12.23484	-112.09792	-168.26932	-127.1813	28.199419	-77.149704	-173.65807	110.0	110.0	409199	-229.92662	34.15604	-145.4855	-342.7049	-229.92645	34.15741	-145.58733	-343.15717	229.6583	0.69817144	2788.3695063591003
249	-128.56235	28.233648	-86.21576	-176.93707	-135.30133	25.08179	-93.01226	-176.44217	110.0	110.0	410849	-229.8294	34.280983	-145.34189	-343.18234	-229.82925	34.28149	-145.42285	-343.258	229.51619	0.7065096	2800.799217224121
250	-122.06247	21.36079	-85.008835	-165.83728	-124.519226	25.949005	-79.08193	-178.75238	110.0	110.0	412499	-229.76431	34.12035	-145.21498	-341.69785	-229.76431	34.12109	-145.20338	-342.75778	229.48343	0.7142109	2811.999227285385
251	-129.4273	28.20107	-84.155	-175.46544	-118.076126	36.454647	-45.570423	-169.83708	110.0	110.0	414149	-229.35048	34.192516	-145.25114	-340.9664	-229.35042	34.193165	-145.22891	-338.69373	229.09196	0.69922435	2824.0741856098175
252	-133.4475	34.129303	-58.667206	-185.12355	-146.15366	24.945137	-108.36003	-188.7304	110.0	110.0	415799	-229.02507	34.153015	-145.0515	-339.5273	-229.02504	34.153187	-145.16081	-339.19907	228.69371	0.70588315	2835.2808034420013
253	-124.31101	26.316116	-81.51	-173.69116	-118.05336	34.472492	-62.245182	-189.52988	110.0	110.0	417449	-228.8486	33.979923	-144.98035	-339.40057	-228.84853	33.980602	-144.90541	-339.6242	228.43985	0.72223127	2846.6457028388977
254	-129.96771	19.467724	-88.20425	-165.12465	-99.31087	28.253458	-63.02047	-161.16638	110.0	110.0	419099	-228.50783	34.022724	-144.95818	-338.3172	-228.50781	34.02319	-144.77577	-339.85974	228.24217	0.70299345	2859.0468168258667
255	-131.04001	26.254536	-86.5137	-173.7789	-118.599625	28.032911	-81.8572	-165.70602	110.0	110.0	420749	-228.38661	33.930145	-144.74182	-336.25702	-228.38643	33.93046	-144.86787	-338.1639	228.13522	0.71674263	2871.281019926071
256	-132.75894	29.469849	-85.54762	-191.49477	-116.361855	27.598146	-68.38704	-156.5399	110.0	110.0	422399	-228.04694	33.923164	-145.02086	-338.9034	-228.04681	33.924515	-144.8493	-338.20544	227.6673	0.72210824	2882.476979970932
257	-121.41912	26.347305	-78.46536	-160.55733	-133.61115	29.783947	-76.25453	-168.9209	110.0	110.0	424049	-227.94812	33.90742	-144.94974	-336.86212	-227.94827	33.907608	-144.74265	-336.13654	227.56856	0.7305424	2893.0337059497833
258	-123.82607	33.549934	-69.65322	-193.4524	-136.7255	29.678406	-95.84947	-192.33095	110.0	110.0	425699	-227.77054	33.96331	-144.968	-337.71484	-227.77013	33.96402	-144.78015	-338.32593	227.39534	0.7260602	2903.328969478607
259	-128.8661	26.073446	-94.00468	-174.6827	-126.29915	18.422049	-87.66133	-162.84773	110.0	110.0	427349	-227.4982	33.816826	-144.67949	-338.01215	-227.49843	33.81748	-144.64546	-337.32785	227.25471	0.71912414	2913.7299344539642
260	-127.139244	28.198584	-83.89168	-174.5593	-126.23352	23.45829	-91.055664	-181.17093	110.0	110.0	428999	-227.2697	33.864582	-144.96883	-334.42975	-227.26938	33.865726	-144.70883	-335.2908	227.00151	0.7355784	2924.0549426078796
261	-118.05666	17.49477	-90.37648	-149.79669	-113.84761	32.764526	-63.98869	-174.86943	110.0	110.0	430649	-227.12671	33.82202	-144.90918	-332.9644	-227.12683	33.82236	-144.78035	-333.2255	226.80925	0.71020323	2934.3976109027863
262	-126.68875	27.745007	-72.00504	-190.26978	-111.63857	33.830914	-74.38018	-191.2055	110.0	110.0	432299	-227.21773	33.791607	-145.02808	-335.361	-227.21762	33.79229	-144.84056	-336.47958	226.80588	0.7115969	2944.7868609428406
263	-138.0508	23.952372	-97.910645	-175.65982	-133.91788	26.830544	-94.815895	-185.9872	110.0	110.0	433949	-226.97932	33.830692	-144.96413	-334.06137	-226.97937	33.83148	-144.69383	-335.7935	226.64636	0.7143868	2955.900768995285
264	-122.964134	27.412445	-68.6353	-173.84055	-124.84341	21.928083	-92.736465	-161.60754	110.0	110.0	435599	-226.80084	33.78609	-144.93271	-335.60483	-226.80066	33.786884	-144.6645	-335.82898	226.42934	0.71965563	2967.6462330818176
265	-135.5843	33.450584	-81.92183	-190.81522	-125.47805	39.27813	-56.381294	-168.94174	110.0	110.0	437249	-226.5236	33.63058	-144.9658	-334.07468	-226.52364	33.63085	-144.58072	-335.41733	226.05042	0.72201556	2979.8387467861176
266	-132.35492	27.584394	-86.23705	-175.44104	-127.453896	44.089954	-35.5582	-190.86812	110.0	110.0	438899	-226.41138	33.67202	-144.77502	-334.88202	-226.41138	33.672882	-144.45381	-336.05203	226.12126	0.7266362	2992.161327123642
267	-112.76941	24.470592	-82.37029	-162.84128	-119.77037	34.878723	-71.926765	-177.06015	110.0	110.0	440549	-226.28629	33.67748	-144.63953	-335.86075	-226.28647	33.67768	-144.41185	-334.95782	226.03882	0.7194015	3005.1719348430634
268	-123.16971	16.54403	-94.78488	-160.3384	-128.40817	23.697824	-103.52504	-191.35832	110.0	110.0	442199	-225.88359	33.73612	-144.75627	-335.59528	-225.88332	33.73707	-144.4493	-335.1287	225.54648	0.71849453	3015.941733121872
269	-132.01839	29.021109	-83.00305	-188.47816	-116.280785	18.028757	-88.233826	-146.02199	110.0	110.0	443849	-225.91057	33.564014	-144.66544	-333.33554	-225.91035	33.56484	-144.66516	-333.25262	225.53094	0.726342	3029.4487273693085
270	-119.30983	20.582617	-85.3734	-151.6781	-121.50319	33.317867	-47.939728	-174.81322	110.0	110.0	445499	-225.68253	33.511814	-145.00066	-335.888	-225.6827	33.51293	-144.72063	-337.1256	225.4175	0.7200165	3040.4168331623077
271	-123.6129	33.683926	-74.80557	-193.63985	-144.50307	31.154202	-80.30956	-185.26437	110.0	110.0	447149	-225.5551	33.544	-144.73135	-335.71115	-225.55501	33.544434	-144.61584	-335.92227	225.2475	0.7245039	3051.3888840675354
272	-127.59105	30.079418	-91.77179	-188.52145	-121.08002	33.350666	-74.6124	-182.98183	110.0	110.0	448799	-225.37236	33.41383	-145.12465	-332.25095	-225.3722	33.414665	-144.66438	-332.16678	225.06808	0.71575993	3064.3413033485413
273	-118.5088	18.878859	-97.74576	-157.82254	-133.88095	36.271545	-83.57964	-180.48756	110.0	110.0	450449	-225.22058	33.353928	-145.1395	-334.65433	-225.22067	33.353493	-144.8145	-335.25757	224.79556	0.7237953	3076.7858254909515
274	-127.38323	23.337778	-91.25723	-169.71513	-111.08024	22.835447	-60.730953	-137.52856	110.0	110.0	452099	-224.96278	33.438797	-145.19669	-335.67657	-224.96257	33.439873	-145.08968	-337.0795	224.65538	0.7101848	3087.4620654582977
275	-120.645546	28.805664	-78.33646	-186.8836	-134.62776	32.153618	-74.65017	-184.9201	110.0	110.0	453749	-224.9652	33.29467	-145.45934	-335.59167	-224.9653	33.295612	-145.35889	-335.15247	224.5719	0.7218879	3097.786481618881
276	-125.069336	23.68807	-83.78522	-167.50887	-115.52108	31.621254	-58.17411	-175.84445	110.0	110.0	455399	-224.44841	33.211678	-145.40714	-334.3816	-224.44841	33.21268	-145.28659	-333.8612	224.09782	0.72372174	3108.449676513672
277	-133.08727	31.335695	-84.31926	-183.55736	-124.51479	37.370335	-55.657906	-171.36012	110.0	110.0	457049	-224.46773	33.240185	-145.52357	-332.9937	-224.46767	33.24082	-145.55243	-334.3657	224.15796	0.7180247	3119.564976453781
278	-124.74355	24.359137	-82.332634	-180.77496	-128.39348	36.622334	-79.85042	-181.69266	110.0	110.0	458699	-224.38202	33.183327	-145.52779	-334.84442	-224.38196	33.184204	-145.49432	-334.38367	223.93658	0.7229143	3129.914554834366
279	-131.67673	23.589325	-90.12216	-168.14981	-112.56035	31.951008	-63.80145	-169.96371	110.0	110.0	460349	-223.85835	33.14245	-145.68378	-336.2309	-223.85818	33.143333	-145.5648	-335.97675	223.492	0.70647967	3140.542968273163
280	-118.88011	28.374949	-93.59803	-182.65337	-118.331726	24.13958	-70.073524	-148.46793	110.0	110.0	461999	-223.91748	33.024506	-145.67458	-333.15176	-223.91757	33.025146	-145.74123	-333.035	223.44707	0.71073323	3152.2024445533752
281	-120.96868	26.230919	-68.99943	-161.64877	-117.79076	30.898302	-58.192528	-164.8885	110.0	110.0	463649	-223.56033	33.048065	-145.59955	-334.91925	-223.56029	33.04907	-145.55278	-333.43677	223.14456	0.71137774	3165.3267905712128
282	-117.912895	26.757547	-79.86358	-175.49342	-127.68744	33.696033	-78.33997	-195.17297	110.0	110.0	465299	-223.48575	33.000877	-145.53596	-334.2045	-223.48592	33.00123	-145.64157	-333.1686	223.15958	0.71536034	3178.204582929611
283	-114.74624	16.05035	-90.440384	-147.15118	-129.85176	39.004677	-63.401764	-185.44205	110.0	110.0	466949	-223.21086	32.89441	-145.67188	-333.77237	-223.21059	32.895557	-145.59375	-333.7272	222.85027	0.72884256	3189.909858226776
284	-119.20187	41.604065	-57.32008	-192.6105	-125.55009	36.088535	-57.50139	-186.01718	110.0	110.0	468599	-222.9962	32.817837	-145.6186	-333.53647	-222.99614	32.818634	-145.62971	-333.6858	222.66177	0.72021055	3200.2620754241943
285	-111.86818	22.59466	-78.765526	-155.04564	-135.03381	25.061539	-98.60205	-184.07349	110.0	110.0	470249	-222.87541	32.69024	-146.01225	-334.29395	-222.87549	32.691257	-145.85452	-334.6476	222.32516	0.7270682	3210.9380741119385
286	-127.631004	21.506954	-79.54878	-158.25093	-116.04221	40.33408	-54.527416	-172.32695	110.0	110.0	471899	-222.5264	32.69957	-146.23016	-334.98212	-222.5263	32.700226	-145.98647	-334.34225	222.16986	0.71107256	3221.7321105003357
287	-106.85931	23.761847	-74.61168	-155.39996	-109.472534	21.278912	-83.329544	-155.37689	110.0	110.0	473549	-222.47064	32.63882	-146.02664	-334.4559	-222.47073	32.639576	-145.96571	-334.77094	222.15677	0.73047465	3232.067758321762
288	-118.721825	24.21936	-74.84462	-166.74606	-123.3636	34.71962	-63.215363	-178.95003	110.0	110.0	475199	-222.3446	32.622288	-146.30397	-333.7	-222.34448	32.62354	-146.29973	-333.57376	222.06227	0.7274409	3242.5968918800354
289	-126.34107	24.691017	-69.09618	-154.04053	-118.67638	28.469078	-68.47259	-174.51381	110.0	110.0	476849	-222.13773	32.53224	-146.44325	-330.13156	-222.13779	32.533157	-146.06253	-330.6977	221.77678	0.72958195	3252.915978908539
290	-112.212074	21.342802	-76.874054	-152.01193	-131.16031	36.093845	-78.93712	-195.95035	110.0	110.0	478499	-221.9979	32.48502	-146.26942	-333.19135	-221.9977	32.48579	-146.13057	-334.2786	221.68965	0.74085474	3264.059724330902
291	-108.14188	22.526644	-80.730965	-158.84946	-120.1537	26.106533	-79.90474	-167.01683	110.0	110.0	480149	-221.66618	32.42299	-146.26091	-334.39777	-221.66615	32.423996	-146.24152	-333.65634	221.27098	0.723779	3274.653686761856
292	-108.57998	22.08589	-79.005295	-146.22826	-118.85895	29.051023	-64.70956	-151.68665	110.0	110.0	481799	-221.68361	32.41024	-146.24693	-334.1416	-221.68372	32.41137	-146.02747	-334.33392	221.2818	0.73487717	3285.0015573501587
293	-112.99451	24.05244	-79.49393	-161.16087	-135.15042	32.186707	-85.6857	-178.07526	110.0	110.0	483449	-221.4209	32.3059	-146.25458	-332.73105	-221.42075	32.3067	-145.72449	-334.50873	221.23573	0.7284139	3296.121509552002
294	-112.43458	24.930683	-74.137054	-161.48274	-114.35402	31.80133	-78.2187	-169.91956	110.0	110.0	485099	-221.14815	32.309494	-145.98674	-335.90103	-221.14822	32.31038	-145.89462	-334.57108	220.81389	0.7432398	3306.5811631679535
295	-117.96378	29.598824	-75.63699	-204.09439	-122.94014	28.424831	-83.238335	-176.46251	110.0	110.0	486749	-220.98924	32.2814	-145.97346	-334.84912	-220.98917	32.28207	-146.01202	-334.5047	220.61371	0.7532607	3317.257068157196
296	-109.22787	29.322369	-71.597206	-155.76094	-128.69722	25.546984	-80.210724	-164.5474	110.0	110.0	488399	-220.80202	32.22524	-145.44559	-334.86438	-220.80211	32.22681	-145.52722	-334.9007	220.39378	0.732653	3329.649615764618
297	-115.18257	16.812834	-90.63046	-152.01573	-110.14644	15.456163	-81.06673	-126.487045	110.0	110.0	490049	-220.581	32.074905	-145.75278	-330.50937	-220.58092	32.07489	-145.71649	-328.43225	220.24551	0.73431224	3342.670740365982
298	-120.241875	23.951202	-82.26478	-154.85507	-117.79282	34.555805	-69.10275	-178.49654	110.0	110.0	491699	-220.42168	32.13515	-145.7747	-334.9571	-220.42168	32.135254	-145.76077	-334.58347	220.11447	0.7282084	3355.847220182419
299	-112.71233	26.511173	-64.19016	-157.46196	-112.554794	32.039104	-64.054855	-170.96019	110.0	110.0	493349	-220.44667	32.048714	-145.56525	-334.0756	-220.44662	32.04924	-145.66014	-333.4	219.95781	0.743134	3368.5252442359924
300	-118.942955	26.57849	-79.84385	-171.08621	-119.20425	28.97053	-68.77689	-172.34206	110.0	110.0	494999	-220.17413	31.904259	-145.38097	-335.12735	-220.17422	31.904488	-145.47415	-335.154	219.89291	0.72972375	3378.9060549736023
