Epoch	AverageEpRet	StdEpRet	MaxEpRet	MinEpRet	AverageTestEpRet	StdTestEpRet	MaxTestEpRet	MinTestEpRet	EpLen	TestEpLen	TotalEnvInteracts	AverageQ1Vals	StdQ1Vals	MaxQ1Vals	MinQ1Vals	AverageQ2Vals	StdQ2Vals	MaxQ2Vals	MinQ2Vals	AverageLogPi	StdLogPi	MaxLogPi	MinLogPi	LossPi	LossQ	Time
1	-24292.6	3439.953	-19987.883	-30377.18	-23882.688	13869.354	-6337.281	-51242.53	400.0	400.0	5999	-600.2189	389.5564	2.5003982	-2104.9846	-600.24133	389.58023	1.7926284	-2103.4873	2.7687085	1.7316017	24.860786	-11.172376	586.03766	3189.832	42.13442134857178
2	-20338.666	6377.704	-3790.0767	-27407.729	-12046.023	7833.697	-1377.7714	-32158.832	400.0	400.0	11999	-1820.0773	661.86304	-311.03366	-4632.1436	-1819.9866	662.04584	-308.52386	-4626.569	4.9043517	3.314465	29.156843	-10.656692	1797.9261	10624.183	84.58605170249939
3	-12587.793	8649.741	-2553.015	-31543.43	-10142.829	7784.66	-3220.1826	-26512.227	400.0	400.0	17999	-2823.3962	813.05383	-728.77747	-6204.4907	-2823.3584	812.99115	-721.3207	-6209.7017	5.125345	3.6331177	28.609066	-11.144923	2798.8127	12094.203	129.14387106895447
4	-8145.1553	5648.3154	-1139.6127	-20970.488	-7673.4326	3962.3584	-700.38904	-15390.538	400.0	400.0	23999	-3485.9756	928.9492	-1083.8124	-7086.432	-3485.9639	928.76776	-1089.8119	-7090.7915	4.7993164	3.5596538	29.883724	-10.094191	3461.5193	8840.911	172.67893958091736
5	-9852.315	5389.587	-2110.94	-21289.307	-7148.3877	7305.0034	-1285.7375	-25230.85	400.0	400.0	29999	-4034.891	1016.83057	-1479.4816	-8202.11	-4034.9392	1016.51013	-1482.7688	-8216.352	4.441654	3.2872796	28.008894	-9.137364	4012.4827	6590.9653	219.65181732177734
6	-5813.3003	4124.332	-634.3737	-15193.981	-9537.955	5252.951	-3773.6755	-20661.947	400.0	400.0	35999	-4441.692	1130.905	-1810.4788	-9110.99	-4441.7993	1130.4319	-1814.3333	-9136.3125	4.1991525	3.271324	48.428314	-9.677963	4422.8203	5155.2065	266.8796000480652
7	-6960.45	5179.7485	-875.2275	-22090.973	-8669.436	4858.18	-1189.7999	-19001.965	400.0	400.0	41999	-4851.46	1296.4647	-1899.9005	-10183.722	-4851.5767	1295.98	-1895.2144	-10170.368	4.179438	3.4790492	37.545143	-9.392204	4834.784	4617.8745	311.4196527004242
8	-5671.2397	3169.2278	-1486.3495	-10963.955	-6984.819	3792.929	-2629.1807	-14206.795	400.0	400.0	47999	-5283.597	1465.1888	-2013.7184	-11077.631	-5283.706	1464.7141	-2014.308	-11082.78	4.1594214	3.447234	37.116142	-9.817265	5267.0264	4581.641	354.4118278026581
9	-8320.788	6188.5215	-527.77496	-24508.002	-10956.712	8603.052	-1379.1843	-32070.254	400.0	400.0	53999	-5687.3096	1592.3605	-2217.7683	-11848.858	-5687.405	1591.913	-2217.755	-11845.137	4.0770025	3.369517	48.93479	-10.072091	5671.102	4639.294	398.63640904426575
10	-8526.536	5449.4453	-1013.4874	-19269.375	-4060.5618	2894.534	-297.52478	-10027.275	400.0	400.0	59999	-6089.946	1692.6635	-2435.4932	-12578.35	-6090.027	1692.2686	-2436.6584	-12567.742	4.034088	3.2209923	35.886627	-9.634612	6073.7695	4881.429	441.39978313446045
11	-5069.683	4291.5757	-313.6246	-13863.603	-6522.5723	2338.1875	-2641.5376	-9804.41	400.0	400.0	65999	-6429.1274	1746.5887	-2652.844	-13179.821	-6429.188	1746.2528	-2662.2563	-13163.627	3.9705412	3.1428225	45.957764	-13.493741	6413.7065	4976.4478	486.8781723976135
12	-5777.837	3798.1265	-1082.9939	-14571.46	-3514.9688	2317.5498	-544.9041	-7911.793	400.0	400.0	71999	-6730.249	1822.3604	-2898.247	-13815.749	-6730.308	1822.0776	-2900.5542	-13836.826	3.9195712	3.0978203	39.545403	-9.658691	6715.3774	4954.3936	531.1952078342438
13	-4909.7114	5751.5737	-697.3603	-22287.592	-3982.6152	3227.0874	-514.7412	-9585.954	400.0	400.0	77999	-7015.143	1915.4485	-3165.2742	-14606.396	-7015.189	1915.2052	-3170.4595	-14590.195	3.926015	3.1005125	47.42861	-11.8836155	7000.949	4879.5024	576.3661131858826
14	-6568.27	4474.7134	-972.56586	-17140.986	-9054.389	8325.0	-904.743	-27862.105	400.0	400.0	83999	-7334.633	2015.7194	-3388.7026	-15491.424	-7334.7124	2015.3429	-3395.2156	-15483.856	3.968627	3.197449	45.546017	-9.84897	7320.7944	4835.509	619.3376936912537
15	-6363.065	3876.6787	-2423.1235	-15362.8	-3168.7307	2119.4568	-554.0968	-7606.894	400.0	400.0	89999	-7607.741	2162.1711	-3551.476	-16197.721	-7607.824	2161.7668	-3554.2178	-16207.601	4.033813	3.2155943	51.688168	-10.44287	7594.115	4759.9316	661.6354475021362
16	-4577.1016	2531.7354	-1433.9774	-10859.861	-2946.7207	2304.27	-219.27466	-7154.6685	400.0	400.0	95999	-7886.2207	2288.9712	-3715.1733	-16820.598	-7886.291	2288.6484	-3687.0383	-16818.684	3.9646888	3.096456	44.41662	-9.410975	7872.5254	4551.42	705.0325331687927
17	-5280.643	4034.8308	-472.17258	-15379.188	-3031.528	2534.4712	-314.7133	-8134.8794	400.0	400.0	101999	-8171.7197	2424.186	-3735.8523	-17614.605	-8171.777	2423.8955	-3720.6099	-17630.555	3.8970318	3.0456471	50.603874	-11.333551	8159.4873	4292.63	749.3717858791351
18	-4831.771	3265.3704	-247.58809	-11829.66	-4797.0435	4087.3826	-738.999	-14807.685	400.0	400.0	107999	-8415.442	2557.9727	-3633.7944	-18473.262	-8415.508	2557.669	-3638.7798	-18463.232	3.9581754	3.144072	61.98138	-10.736713	8403.207	4332.5327	794.1495196819305
19	-3299.8735	3495.5706	-600.95746	-11252.855	-3478.7605	3390.2559	-345.4769	-12879.318	400.0	400.0	113999	-8653.128	2708.2996	-3566.9678	-19356.424	-8653.191	2708.03	-3593.2483	-19334.1	4.017418	3.1962802	50.16741	-9.752232	8640.499	4223.9487	838.8745501041412
20	-6361.546	6215.9004	-994.75195	-24269.014	-2667.9023	2087.854	-391.19016	-7294.795	400.0	400.0	119999	-8822.97	2847.0942	-3495.3733	-20124.059	-8823.022	2846.8867	-3510.5105	-20100.102	4.023775	3.2163057	58.835567	-11.124814	8810.116	4024.723	882.8736491203308
21	-5903.7856	6841.292	-500.60956	-25453.73	-2974.7395	3777.891	-206.32768	-13472.808	400.0	400.0	125999	-9080.667	3049.4568	-3502.4617	-21062.32	-9080.707	3049.2705	-3512.4822	-21037.254	3.9714437	3.1085095	53.378105	-12.183631	9069.564	4067.4194	928.5585844516754
22	-2983.326	1938.7249	-437.07147	-7814.0513	-5393.489	6126.2905	-841.3503	-23018.393	400.0	400.0	131999	-9297.877	3174.8535	-3518.157	-21813.205	-9297.956	3174.5015	-3523.583	-21814.475	4.031652	2.996801	71.4724	-11.491299	9286.172	4246.035	973.6330916881561
23	-4529.835	2949.2422	-252.47836	-8634.274	-4567.0244	5317.1963	-782.38947	-18845.475	400.0	400.0	137999	-9508.383	3292.5159	-3510.77	-22668.938	-9508.466	3292.1255	-3517.9358	-22684.396	3.9619358	2.9225457	45.062244	-9.0275135	9497.908	4258.9727	1018.8706803321838
24	-3533.7644	2170.2327	-183.20982	-7638.73	-4135.876	2462.002	-472.21625	-8491.129	400.0	400.0	143999	-9727.493	3415.9324	-3552.4575	-23518.938	-9727.582	3415.5457	-3577.3818	-23528.684	3.9893312	2.86937	50.19774	-12.55054	9717.674	4235.299	1064.6859724521637
25	-4742.4663	4162.6157	-1077.1168	-17655.998	-2967.4543	3504.5215	-325.24655	-13113.57	400.0	400.0	149999	-9939.695	3520.8933	-3590.4556	-24259.604	-9939.795	3520.4685	-3606.5876	-24349.705	3.9458878	2.840871	48.05365	-8.638875	9930.293	4242.642	1110.2108471393585
26	-3069.24	1757.9603	-352.07693	-6586.924	-3056.8857	3035.0884	-388.6684	-9021.054	400.0	400.0	155999	-10153.688	3638.8242	-3670.1423	-24971.348	-10153.792	3638.3967	-3683.968	-25080.982	3.932308	2.8651898	49.387733	-11.155433	10144.932	4304.3135	1155.8531749248505
27	-4336.8613	3132.664	-694.9496	-12683.305	-2213.9507	1261.8066	-417.17545	-4613.936	400.0	400.0	161999	-10397.204	3742.6636	-3729.297	-25787.297	-10397.298	3742.281	-3725.7437	-25879.623	3.8994	2.775154	45.90389	-10.642751	10388.982	4167.3022	1200.2817959785461
28	-5835.034	4339.404	-1211.1898	-16614.148	-2458.783	1514.7528	-418.37442	-5467.5435	400.0	400.0	167999	-10702.559	3910.561	-3732.2468	-26625.531	-10702.664	3910.173	-3714.5657	-26758.527	3.8736486	2.7145412	59.724525	-8.738602	10694.252	4216.862	1243.9563264846802
29	-4280.304	3266.507	-901.27155	-13034.929	-5180.0073	4819.991	-194.33646	-16415.354	400.0	400.0	173999	-10977.607	4069.203	-3743.8523	-27453.775	-10977.718	4068.8125	-3723.5315	-27576.795	3.8625162	2.7284923	49.801422	-11.681614	10969.736	4237.2305	1288.2466361522675
30	-2194.4626	1343.4075	-433.49826	-5371.5835	-2430.2095	2454.7307	-943.0388	-8884.388	400.0	400.0	179999	-11180.481	4192.711	-3784.514	-28358.844	-11180.578	4192.352	-3772.6763	-28455.578	3.9121978	2.7509136	52.016335	-10.740009	11172.102	4205.613	1333.938068151474
31	-2881.1472	2675.9795	-181.24686	-9504.968	-4519.9424	3578.6248	-802.9871	-10353.482	400.0	400.0	185999	-11329.775	4335.1733	-3812.804	-29252.203	-11329.879	4334.8213	-3794.033	-29379.941	3.9169846	2.7570777	52.880043	-9.929516	11320.92	4118.111	1379.600445508957
32	-3937.2312	2669.9268	-234.84097	-10791.876	-2993.2515	2120.622	-134.13112	-6552.509	400.0	400.0	191999	-11500.21	4478.282	-3842.0442	-30087.578	-11500.317	4477.9326	-3820.765	-30187.6	3.9306087	2.723903	50.778427	-9.58264	11492.179	4137.942	1422.9068796634674
33	-4844.021	3304.2668	-446.0742	-11924.449	-3669.1692	2492.735	-356.538	-6638.841	400.0	400.0	197999	-11719.712	4619.5513	-3856.7737	-30941.135	-11719.814	4619.2085	-3825.6123	-31034.893	4.017555	2.7867746	59.5495	-9.762837	11711.216	4104.96	1468.27743601799
34	-2641.0452	1749.1906	-769.226	-7369.12	-3100.8616	2951.222	-307.90753	-9135.519	400.0	400.0	203999	-11931.004	4733.009	-3847.6462	-31720.02	-11931.104	4732.673	-3818.7363	-31836.957	3.9562972	2.7291536	61.034504	-11.302022	11923.197	4016.9478	1513.7917122840881
35	-3992.472	3353.317	-630.5503	-10483.526	-4192.036	3065.673	-527.3497	-9187.491	400.0	400.0	209999	-12129.076	4877.257	-3878.0674	-32271.744	-12129.149	4876.99	-3883.4153	-32385.264	3.9026008	2.6307526	49.92275	-10.88092	12121.48	3844.878	1559.8127250671387
36	-4346.3003	3615.7212	-479.52853	-13584.504	-3151.8667	3475.2595	-107.75038	-12749.866	400.0	400.0	215999	-12344.866	5038.068	-3868.6497	-32966.008	-12344.934	5037.83	-3883.8652	-33037.363	3.9376438	2.7074027	53.435257	-9.443214	12336.981	3751.7434	1604.91921377182
37	-3326.194	1883.0809	-637.8341	-8366.437	-2786.304	1739.64	-560.3846	-7164.81	400.0	400.0	221999	-12544.214	5192.919	-3847.3015	-33601.645	-12544.275	5192.699	-3829.5002	-33704.902	3.8933036	2.727436	54.346592	-10.391671	12536.541	3685.0645	1650.742800951004
38	-3920.517	2354.1938	-452.74103	-8341.965	-3598.575	2864.9888	-571.89435	-11051.813	400.0	400.0	227999	-12732.83	5327.3223	-3861.5857	-34236.035	-12732.906	5327.0835	-3807.859	-34324.977	3.8734372	2.6958673	56.47161	-10.1348095	12725.19	3555.8513	1696.5457818508148
39	-3292.9292	3182.5708	-227.24811	-13155.539	-3736.6387	2100.8403	-1070.6522	-7005.3784	400.0	400.0	233999	-12951.552	5430.308	-3839.8013	-34825.12	-12951.615	5430.0684	-3796.837	-34846.766	3.8885374	2.721951	51.33843	-9.293654	12943.511	3471.5283	1742.4668653011322
40	-3949.4507	2245.7373	-1215.9551	-9270.549	-3782.433	3040.9548	-670.9953	-11031.091	400.0	400.0	239999	-13138.675	5578.0625	-3770.6733	-35611.066	-13138.741	5577.8447	-3769.8684	-35687.04	3.8845959	2.7730353	60.12399	-9.435116	13130.966	3426.6553	1788.7009279727936
41	-3264.5454	2252.4617	-356.64792	-8921.842	-4128.687	2853.3962	-134.94643	-7818.6685	400.0	400.0	245999	-13353.061	5728.8086	-3744.215	-36256.867	-13353.125	5728.6055	-3732.9612	-36335.145	3.9307892	2.8614857	74.915634	-12.013366	13345.212	3329.7773	1833.4803214073181
42	-3791.6611	2336.91	-719.6349	-8825.143	-3825.1785	3611.0515	-892.78955	-10997.182	400.0	400.0	251999	-13505.587	5808.2305	-3734.2732	-36947.78	-13505.639	5808.0566	-3741.2947	-36945.332	3.9349804	2.887247	55.842094	-9.689484	13497.974	3260.8328	1878.4528732299805
43	-4301.8506	4013.3416	-618.2623	-14273.566	-3891.98	3468.3923	-642.1349	-12129.408	400.0	400.0	257999	-13719.835	5962.4746	-3687.9446	-40698.758	-13719.885	5962.295	-3691.3047	-40618.836	3.9482508	2.906792	60.19838	-8.946824	13712.264	3233.874	1921.7817673683167
44	-4122.724	4538.52	-951.5975	-15628.152	-2591.1765	1581.1112	-285.05576	-6134.544	400.0	400.0	263999	-13855.309	6143.3257	-3657.3577	-41474.445	-13855.36	6143.1685	-3662.7756	-41456.773	3.8772016	2.9056048	64.85725	-12.387829	13848.354	3166.96	1967.9627492427826
45	-3406.8235	2762.6055	-502.1436	-9388.965	-4536.8467	3480.2874	-86.02389	-12207.992	400.0	400.0	269999	-14017.961	6300.5576	-3630.5994	-42296.227	-14018.005	6300.392	-3621.2124	-42304.965	3.8677347	2.9213908	60.57358	-9.921388	14011.288	3209.6758	2014.1649498939514
46	-3819.7383	3561.7817	-902.9878	-14057.681	-2312.8093	1199.9308	-636.7824	-4178.4277	400.0	400.0	275999	-14240.273	6446.6924	-3555.3108	-43234.625	-14240.321	6446.528	-3536.8174	-43182.7	3.8796554	2.9410057	72.37231	-8.880797	14233.533	3229.884	2060.2473096847534
47	-2088.593	927.2579	-552.3506	-4225.1665	-2931.5552	1652.3702	-1128.842	-6792.5376	400.0	400.0	281999	-14423.368	6571.129	-3362.665	-44072.016	-14423.433	6570.916	-3357.198	-44017.215	3.858671	2.9460223	67.750854	-10.90882	14417.376	3329.45	2104.719339609146
48	-2714.0781	3153.2527	-437.8488	-13786.0205	-1892.0511	1512.0831	-426.19547	-5612.9136	400.0	400.0	287999	-14596.942	6701.612	-3228.618	-44817.445	-14596.992	6701.452	-3215.246	-44874.04	3.9100316	2.9186394	62.801888	-7.9917274	14591.069	3217.102	2149.777772665024
49	-3261.9265	1852.4417	-877.6443	-6972.8193	-2915.1252	1875.0764	-712.1378	-6349.3223	400.0	400.0	293999	-14716.001	6799.9395	-3071.5044	-45959.543	-14716.046	6799.7856	-3061.7239	-45935.457	3.894245	2.9074533	69.94897	-10.22892	14709.876	3204.498	2194.4603509902954
50	-3962.4854	4377.2104	-317.56757	-16125.14	-4602.199	3565.2158	-1242.2971	-13179.887	400.0	400.0	299999	-14880.35	6915.9673	-2961.4004	-46945.066	-14880.393	6915.8096	-2948.5063	-46903.754	3.8449233	2.8301203	69.39274	-9.855483	14874.748	3189.7734	2239.5091371536255
51	-2687.174	1776.5502	-476.51904	-5734.2305	-1901.1897	1420.0414	-55.037918	-4128.77	400.0	400.0	305999	-15095.026	7063.046	-2867.7188	-47384.688	-15095.074	7062.876	-2885.9253	-47392.973	3.8251472	2.7591121	65.99648	-8.346411	15089.981	3214.6375	2285.5835473537445
52	-4199.6973	3720.3833	-272.7832	-13233.634	-2460.6047	2931.335	-594.10205	-10025.4	400.0	400.0	311999	-15272.296	7178.1177	-2774.5432	-48151.812	-15272.348	7177.966	-2821.8186	-48122.03	3.8734028	2.8391042	67.25679	-10.551033	15267.056	3189.2114	2329.14346075058
53	-3669.1172	3422.7434	-479.7313	-13588.875	-2456.4766	1303.5989	-751.7036	-4486.736	400.0	400.0	317999	-15488.196	7301.55	-2706.4617	-48701.875	-15488.24	7301.396	-2764.6294	-48700.14	3.8841605	2.7749968	60.465004	-9.843161	15482.485	3205.4353	2373.1689870357513
54	-2628.7627	1903.359	-503.7921	-6776.4204	-2061.2466	1093.3666	-111.71822	-4025.3477	400.0	400.0	323999	-15624.362	7395.406	-2645.2468	-49261.72	-15624.402	7395.2617	-2706.637	-49288.348	3.8713696	2.7853646	67.50991	-8.411912	15619.024	3204.425	2418.8327610492706
55	-3173.921	2886.901	-224.77911	-9754.499	-2048.9338	2609.9128	-455.8704	-9538.184	400.0	400.0	329999	-15772.384	7519.3467	-2531.755	-49962.605	-15772.394	7519.2676	-2590.8125	-50022.08	3.9288397	2.820044	68.06228	-9.599335	15766.376	3206.2866	2464.7600367069244
56	-1606.8628	826.16205	-396.7077	-3752.0374	-2603.869	1521.9939	-666.79297	-5698.911	400.0	400.0	335999	-15895.57	7583.848	-2402.8174	-50318.758	-15895.606	7583.7256	-2450.4983	-50442.37	3.8453763	2.718705	58.64354	-9.635326	15889.974	3280.584	2509.008047580719
57	-1969.8113	925.13763	-703.96344	-3780.4922	-4436.882	2852.7356	-584.7289	-8788.57	400.0	400.0	341999	-16089.409	7699.774	-2247.2998	-50438.57	-16089.458	7699.6255	-2288.954	-50468.242	3.8159583	2.7425408	68.33778	-10.383439	16083.774	3266.1267	2553.7823927402496
58	-3388.3738	3013.1387	-331.32538	-10635.334	-1756.3474	859.31995	-669.7078	-3729.7583	400.0	400.0	347999	-16224.862	7792.8857	-2128.841	-51256.96	-16224.897	7792.7524	-2156.7078	-51252.77	3.8385262	2.7612078	74.26616	-13.882008	16219.47	3231.816	2599.471465110779
59	-3726.5076	2689.1335	-1203.5571	-10963.687	-2742.5605	2236.7773	-214.47632	-6987.561	400.0	400.0	353999	-16414.234	7933.6646	-2032.806	-51750.574	-16414.27	7933.5483	-1954.0382	-51783.188	3.85483	2.736473	59.494186	-9.698963	16409.027	3349.9966	2643.8548810482025
60	-1887.3727	1582.929	-213.32047	-5473.0073	-2361.978	1743.543	-290.82632	-5088.7803	400.0	400.0	359999	-16530.43	8066.9614	-1866.5894	-52499.387	-16530.447	8066.8813	-1894.6049	-52519.168	3.8709683	2.7214432	64.08869	-9.532775	16525.14	3369.008	2688.340248823166
61	-3321.702	2487.953	-212.7268	-9724.442	-3247.2827	2627.0266	-869.74457	-10359.438	400.0	400.0	365999	-16788.303	8245.983	-1793.8479	-52750.715	-16788.326	8245.894	-1783.7485	-52620.727	3.8444889	2.696603	71.476006	-12.438671	16783.197	3447.455	2733.986353635788
62	-2417.5376	1587.9982	-374.23712	-6088.818	-2800.3252	1745.1832	-181.34843	-5881.0737	400.0	400.0	371999	-16935.668	8376.137	-1637.0106	-53599.875	-16935.693	8376.046	-1668.2546	-53593.117	3.8898025	2.7316937	65.72701	-13.976241	16930.178	3529.5374	2776.924690246582
63	-3092.8196	2427.8562	-227.26723	-9158.394	-5377.628	4726.8486	-1560.3087	-18347.965	400.0	400.0	377999	-17099.328	8503.736	-1552.3276	-53930.332	-17099.326	8503.706	-1510.8461	-53794.926	3.886557	2.696563	70.015045	-9.800736	17093.654	3544.856	2823.3326234817505
64	-3049.0046	1755.4403	-340.75085	-5591.8496	-2716.2024	2226.9614	-177.0213	-8723.009	400.0	400.0	383999	-17263.314	8605.521	-1512.7748	-54618.96	-17263.281	8605.551	-1485.8755	-54595.28	3.896128	2.7370288	72.71919	-8.37187	17257.773	3587.359	2869.020635843277
65	-5431.2153	4138.3364	-260.5471	-15574.2705	-3226.853	3320.1775	-568.80646	-12123.074	400.0	400.0	389999	-17461.498	8752.145	-1515.1476	-55039.945	-17461.457	8752.177	-1389.5101	-55021.727	3.802228	2.768825	72.06383	-10.001305	17457.066	3727.5247	2914.755516052246
66	-3199.4749	2637.8171	-117.184654	-9592.104	-3727.159	2621.7659	-479.2876	-8844.709	400.0	400.0	395999	-17657.713	8865.644	-1587.1465	-55526.312	-17657.678	8865.681	-1416.7878	-55562.047	3.8187861	2.7774296	83.839264	-11.997087	17652.91	3768.085	2957.5123949050903
67	-5360.9326	3058.3516	-1448.0645	-11438.171	-3755.2512	2909.2415	-688.9183	-9509.335	400.0	400.0	401999	-17937.545	9038.216	-1506.7882	-55764.934	-17937.518	9038.212	-1420.8505	-55757.19	3.8162942	2.8302577	78.40893	-9.423	17933.197	3846.9636	3002.2991700172424
68	-3516.4045	3261.4182	-773.1392	-11527.955	-4105.4233	3051.1414	-528.1326	-10513.631	400.0	400.0	407999	-18100.348	9107.486	-1484.5575	-56226.375	-18100.334	9107.476	-1451.2942	-56185.332	3.7805138	2.75377	69.22027	-9.446691	18095.91	3742.397	3045.134476184845
69	-2956.3943	1570.7211	-639.34906	-6672.265	-2629.192	2400.7954	-748.7715	-8558.601	400.0	400.0	413999	-18271.791	9178.231	-1518.1758	-56557.4	-18271.766	9178.267	-1381.5438	-56466.797	3.791596	2.849287	70.69124	-12.062153	18267.44	3707.0076	3089.1069569587708
70	-4084.5435	2681.694	-532.6916	-9323.735	-3682.7231	2623.3132	-252.94872	-9279.821	400.0	400.0	419999	-18489.941	9272.759	-1473.7374	-56921.67	-18489.926	9272.784	-1371.7861	-56828.395	3.6783545	2.7751923	89.121284	-11.558079	18486.54	3619.1987	3132.6996641159058
71	-3810.0037	2498.9695	-230.27109	-9788.903	-2090.8665	1536.663	-483.79974	-5203.7314	400.0	400.0	425999	-18672.805	9370.118	-1467.7738	-57498.508	-18672.78	9370.149	-1396.5221	-57434.51	3.696251	2.8113432	85.84425	-9.594221	18669.016	3521.32	3178.5470361709595
72	-3707.6245	3472.924	-549.0207	-13565.374	-3676.56	2301.843	-1201.9125	-8145.003	400.0	400.0	431999	-18847.74	9440.131	-1402.6222	-57947.707	-18847.723	9440.132	-1306.1182	-57838.906	3.7576342	2.9344966	80.347	-10.183575	18843.41	3502.9954	3224.6706030368805
73	-2993.2341	2257.0454	-1063.4075	-7343.914	-3169.4893	2423.0847	-298.8229	-8439.541	400.0	400.0	437999	-18983.15	9510.199	-1395.0658	-58355.848	-18983.137	9510.174	-1341.1752	-58196.395	3.80801	2.9711454	74.54433	-9.416872	18978.615	3448.43	3274.219116449356
74	-4023.9	2724.159	-941.4032	-11098.984	-3046.5745	2764.7227	-565.7904	-9465.49	400.0	400.0	443999	-19188.525	9606.344	-1440.2169	-58579.582	-19188.549	9606.242	-1395.8828	-58528.914	3.7289767	2.9247386	80.728775	-9.527261	19185.219	3491.3274	3320.522631883621
75	-3551.712	2743.18	-397.0776	-11985.969	-3250.7126	2491.156	-422.58395	-6658.683	400.0	400.0	449999	-19379.586	9711.42	-1475.9207	-59203.56	-19379.617	9711.319	-1429.3986	-59065.348	3.7075362	2.8509216	77.057	-10.169917	19376.225	3422.1223	3365.602042198181
76	-2755.5835	2023.1696	-660.7669	-6353.2783	-2761.6248	2459.9265	-667.72174	-9285.725	400.0	400.0	455999	-19586.053	9812.304	-1523.7798	-59743.926	-19586.107	9812.156	-1552.2312	-59738.29	3.7882254	2.8830748	75.28398	-11.312432	19581.96	3439.6746	3410.034198999405
77	-2290.9768	1780.1127	-452.43622	-6097.3037	-2538.9592	1799.3228	-367.07742	-6909.675	400.0	400.0	461999	-19692.42	9916.397	-1578.716	-60108.496	-19692.48	9916.229	-1619.721	-60088.934	3.7743058	2.9890642	94.971954	-10.021417	19688.184	3327.406	3453.625301837921
78	-2332.1536	1540.7927	-428.3839	-5729.06	-2519.7043	1685.7429	-1209.2709	-7233.0625	400.0	400.0	467999	-19814.148	10000.542	-1644.2068	-60696.43	-19814.229	10000.34	-1673.8606	-60747.023	3.722017	2.9023252	90.023834	-8.093428	19810.1	3349.7034	3497.0150816440582
79	-1784.6803	1118.301	-467.93298	-5183.015	-6066.711	7673.049	-462.33887	-21313.338	400.0	400.0	473999	-19927.836	10075.187	-1569.2078	-61418.266	-19927.89	10075.028	-1604.4108	-61359.426	3.7556322	2.9875796	72.70511	-12.279062	19923.42	3306.4043	3542.991864681244
80	-2404.0774	2035.6461	-219.94063	-7118.6245	-3776.3071	2319.1797	-399.26852	-7909.6016	400.0	400.0	479999	-20027.516	10188.772	-1538.7233	-61869.383	-20027.586	10188.588	-1565.9423	-61784.137	3.8108346	2.9705648	91.981155	-10.412564	20022.525	3216.3806	3588.58215880394
81	-2262.249	1192.604	-808.46014	-5090.8745	-2683.5276	1930.1638	-685.11523	-7692.8384	400.0	400.0	485999	-20116.762	10264.068	-1377.1385	-62408.453	-20116.836	10263.886	-1418.3116	-62354.15	3.8701396	3.1169503	85.490425	-10.246103	20111.586	3268.0408	3634.7566015720367
82	-3656.5598	2340.3728	-466.1877	-9884.969	-2533.0454	1730.4806	-545.6265	-6103.304	400.0	400.0	491999	-20259.082	10360.359	-1281.4308	-63060.42	-20259.168	10360.151	-1324.5265	-63051.71	3.8885992	3.0351083	79.86071	-9.875428	20253.443	3184.4077	3678.8766458034515
83	-3617.078	2558.3386	-434.76474	-9242.596	-3368.5728	3043.3728	-543.04553	-10802.511	400.0	400.0	497999	-20426.799	10539.649	-1167.5616	-63820.176	-20426.895	10539.418	-1206.9879	-63832.273	3.8397417	3.0236921	93.77166	-8.806297	20421.959	3170.7747	3724.1983864307404
84	-2974.951	1829.8978	-713.25757	-6557.72	-3593.746	2607.7195	-795.05273	-10269.92	400.0	400.0	503999	-20531.982	10635.562	-1030.7798	-64668.81	-20532.113	10635.28	-1059.8894	-64720.03	3.804652	3.0745318	79.76159	-8.978669	20527.416	3204.644	3770.0957572460175
85	-3231.201	2032.415	-365.52142	-7562.349	-2940.2095	3046.2856	-676.15704	-10288.425	400.0	400.0	509999	-20633.33	10740.473	-938.6395	-65445.094	-20633.47	10740.162	-950.60895	-65422.273	3.7644467	3.1039128	78.18298	-10.808881	20629.555	3250.926	3813.4271895885468
86	-3893.2869	3347.057	-103.37759	-11501.133	-2863.1914	2165.1594	-179.96452	-7291.924	400.0	400.0	515999	-20799.574	10878.68	-847.9504	-66294.336	-20799.691	10878.412	-872.7873	-66199.766	3.7939396	3.0994608	79.43087	-8.954798	20795.467	3182.4966	3856.303316116333
87	-3548.9456	3172.5547	-1045.1654	-12596.682	-2227.85	1308.7983	-364.42938	-4591.004	400.0	400.0	521999	-20969.82	11021.998	-731.1704	-67013.055	-20969.936	11021.752	-769.9133	-66980.88	3.8757358	3.1897082	88.67396	-9.752967	20965.002	3243.0706	3900.080599784851
88	-4216.5815	3073.3171	-508.94452	-10761.073	-4147.4814	3086.101	-405.29105	-9259.919	400.0	400.0	527999	-21151.537	11210.192	-631.2864	-67689.625	-21151.662	11209.92	-679.15686	-67670.38	3.9148986	3.2346897	81.664474	-9.034356	21146.576	3305.982	3946.02686047554
89	-3019.1204	2941.6584	-315.55862	-11960.241	-5261.233	4463.897	-354.133	-16933.28	400.0	400.0	533999	-21282.527	11360.042	-568.32275	-68474.59	-21282.678	11359.732	-580.369	-68473.07	3.9951508	3.3777983	96.94349	-10.732988	21277.398	3268.491	3991.125657081604
90	-2169.6614	1365.6301	-443.94263	-5437.482	-3927.896	3108.599	-582.20654	-10841.497	400.0	400.0	539999	-21367.121	11507.152	-493.53864	-69287.836	-21367.275	11506.831	-484.06836	-69360.53	3.9063892	3.2843487	95.53665	-9.869766	21363.197	3185.6006	4034.0358867645264
91	-3201.4058	2597.8694	-457.9035	-9803.082	-2976.9248	2786.69	-783.3965	-8874.977	400.0	400.0	545999	-21496.975	11609.572	-445.64008	-70125.75	-21497.16	11609.203	-441.4322	-70187.555	3.9029043	3.245474	90.22815	-9.467866	21492.69	3187.9863	4077.2491040229797
92	-3153.169	3308.807	-367.30612	-11752.262	-1807.8699	1213.3945	-698.02234	-4610.864	400.0	400.0	551999	-21611.318	11738.821	-384.50797	-70750.5	-21611.496	11738.468	-380.32178	-70855.98	3.8291566	3.2756605	90.26413	-11.472344	21607.783	3105.724	4121.3156979084015
93	-4363.732	3388.8643	-641.6077	-11646.55	-3320.1382	2103.328	-430.31473	-8584.623	400.0	400.0	557999	-21800.783	11895.653	-342.97073	-71653.836	-21800.975	11895.283	-361.46677	-71698.914	3.8314009	3.2315269	92.1046	-9.774658	21796.922	3204.2886	4164.485590219498
94	-2508.1958	1439.5786	-293.8705	-6365.8677	-3270.6807	1589.2118	-1558.7062	-6827.815	400.0	400.0	563999	-21927.3	11991.97	-312.1342	-72024.6	-21927.486	11991.602	-350.65784	-72034.13	3.9213042	3.2939584	88.673096	-11.453904	21922.94	3328.3123	4209.392943620682
95	-3043.114	1493.9552	-850.31195	-6339.5986	-9298.563	9705.771	-1230.4545	-29808.447	400.0	400.0	569999	-22020.326	12083.756	-293.1451	-72528.97	-22020.527	12083.343	-342.59378	-72569.97	3.9201255	3.2384832	81.42778	-9.713492	22016.068	3412.6726	4255.39311504364
96	-4340.0503	2558.0461	-1119.5514	-8525.67	-3177.4753	1890.0682	-994.89716	-7269.925	400.0	400.0	575999	-22190.562	12190.67	-309.60608	-73062.31	-22190.736	12190.32	-347.54724	-73055.586	3.9251971	3.3828166	90.96384	-9.6864195	22186.104	3473.44	4299.930024862289
97	-3838.8792	2190.0378	-735.83215	-8922.566	-7853.7256	8945.852	-118.58417	-32566.076	400.0	400.0	581999	-22303.037	12253.95	-341.1337	-73423.32	-22303.195	12253.628	-372.20383	-73477.14	3.9313638	3.3512828	92.38559	-8.981382	22298.81	3524.062	4345.126259803772
98	-2827.9678	2853.237	-211.54434	-11259.781	-6757.793	10277.359	-528.30835	-36799.71	400.0	400.0	587999	-22399.09	12339.099	-350.54846	-74121.37	-22399.262	12338.766	-373.30927	-74185.695	3.9505308	3.3496215	81.504745	-10.941618	22394.754	3506.9766	4389.679268360138
99	-3570.2227	2434.7322	-647.07367	-8686.468	-3766.0066	1870.3821	-966.131	-6848.5146	400.0	400.0	593999	-22506.734	12445.756	-329.03394	-74817.48	-22506.938	12445.362	-363.67596	-74880.0	3.9871242	3.425509	79.61994	-9.422727	22502.88	3549.3713	4435.838184595108
100	-3749.9375	3798.2297	-749.21	-15950.821	-4604.65	4401.3276	-766.6541	-13547.153	400.0	400.0	599999	-22695.227	12573.048	-297.3851	-75155.11	-22695.469	12572.576	-325.12003	-75157.9	3.891267	3.2774594	94.11768	-8.665516	22691.855	3521.769	4481.341881752014
