Epoch	AverageEpRet	StdEpRet	MaxEpRet	MinEpRet	AverageTestEpRet	StdTestEpRet	MaxTestEpRet	MinTestEpRet	EpLen	TestEpLen	TotalEnvInteracts	AverageQVals	StdQVals	MaxQVals	MinQVals	LossPi	LossQ	Time
1	-2768.7192	287.54498	-2391.973	-3339.3896	-2571.773	425.37402	-1683.0724	-3166.101	110.0	110.0	1649	-47.163235	21.289938	0.25018975	-113.12994	46.024185	56.560368	4.911222457885742
2	-2727.2947	332.3727	-2159.421	-3484.4104	-2789.8137	702.16046	-1413.0156	-3383.3064	110.0	110.0	3299	-164.72534	57.406487	-46.843746	-361.71033	162.3254	44.437553	12.356477975845337
3	-2502.7742	294.3707	-1969.2301	-3177.6965	-2142.1963	579.0696	-1159.9492	-2906.003	110.0	110.0	4949	-322.89737	58.64659	-143.99443	-529.1324	317.09106	97.21464	19.752484560012817
4	-2712.5032	351.90375	-2028.7356	-3200.869	-2007.6428	409.76828	-1361.4347	-2570.7798	110.0	110.0	6599	-447.80673	61.81129	-259.91403	-685.4148	440.36295	115.902115	28.593109130859375
5	-2501.9802	540.0332	-1613.3439	-3135.1775	-1702.6814	693.2839	-264.73166	-2935.9927	110.0	110.0	8249	-561.60876	66.38881	-363.32895	-813.85175	553.65576	123.2995	37.714686155319214
6	-2597.5784	271.71304	-2044.7207	-2943.706	-1277.612	585.7648	-327.692	-2081.6423	110.0	110.0	9899	-664.8781	69.61983	-473.45996	-936.0531	656.44885	131.51332	47.03407263755798
7	-1815.0293	626.12616	-542.4784	-2679.6128	-1866.8649	656.1134	-771.0165	-2664.997	110.0	110.0	11549	-754.11273	73.95979	-565.16516	-1064.7799	745.7826	133.3556	55.55313539505005
8	-1554.7299	509.37485	-474.64706	-2265.912	-1333.9373	460.26508	-274.07053	-2002.0833	110.0	110.0	13199	-835.84143	79.69346	-648.31305	-1172.2771	828.3924	117.78773	63.430062770843506
9	-1425.2018	584.5654	-689.44226	-2678.1821	-1643.0139	788.92285	-198.7302	-2999.7705	110.0	110.0	14849	-911.47925	87.35294	-709.33905	-1263.378	904.4865	112.05504	71.40300464630127
10	-1444.3195	468.60007	-739.98895	-2280.0386	-1897.8734	572.8793	-924.4708	-2768.6443	110.0	110.0	16499	-979.764	97.94452	-761.354	-1358.164	973.1885	115.93133	79.51503348350525
11	-1650.2167	551.83673	-712.68005	-2819.6445	-1257.6842	614.2614	-355.06302	-2166.7134	110.0	110.0	18149	-1040.6616	108.13215	-801.97345	-1482.6912	1034.0559	124.62637	87.35141968727112
12	-1521.5681	433.12497	-946.3619	-2448.1504	-1684.1873	564.0935	-732.3868	-2281.2207	110.0	110.0	19799	-1095.2776	117.07227	-837.508	-1573.5333	1089.066	129.8392	95.21096229553223
13	-1415.4186	551.987	-347.29037	-2377.331	-1233.6964	406.88562	-393.40454	-2011.1261	110.0	110.0	21449	-1149.1968	124.81214	-870.447	-1639.0784	1143.2974	136.07288	102.78532934188843
14	-1647.8278	422.5751	-1001.6433	-2230.948	-1336.0763	579.3565	-479.89368	-2134.1843	110.0	110.0	23099	-1197.9436	134.67252	-911.9146	-1727.9299	1192.2432	139.96933	110.67454195022583
15	-1759.0989	356.4258	-1378.4718	-2477.992	-1551.6963	721.612	-176.96562	-2300.6538	110.0	110.0	24749	-1244.3757	142.5383	-938.1511	-1781.0111	1238.9053	144.33704	120.24311900138855
16	-1757.0736	533.2191	-691.71185	-2772.2693	-1365.7588	607.3402	-366.3932	-2313.275	110.0	110.0	26399	-1290.9856	150.14062	-962.07764	-1937.458	1285.5162	151.06268	129.83321952819824
17	-1784.9137	434.00833	-647.8506	-2379.1882	-1596.0852	511.6593	-460.5023	-2307.184	110.0	110.0	28049	-1332.5582	156.02568	-990.4249	-2005.5278	1327.2557	154.44276	139.4182379245758
18	-1771.8573	533.838	-486.50034	-2484.8591	-1927.4938	604.6573	-911.3267	-2649.0276	110.0	110.0	29699	-1372.1078	160.41313	-1013.8697	-2041.8132	1366.8555	153.37471	147.84833884239197
19	-1562.4889	583.2803	-445.59167	-2414.099	-1690.4127	558.9537	-760.3717	-2641.0405	110.0	110.0	31349	-1409.9071	165.96475	-1034.7834	-2093.3015	1404.7637	152.53928	155.4778926372528
20	-1862.7759	401.73544	-978.48035	-2409.068	-1448.9553	558.18585	-288.80408	-2118.7432	110.0	110.0	32999	-1444.7849	169.80911	-1057.7086	-2182.8591	1439.7976	151.48514	163.43951869010925
21	-1593.7594	489.38925	-553.20917	-2814.159	-1631.4265	739.0909	-869.2506	-3022.2822	110.0	110.0	34649	-1479.2621	172.90617	-1082.4114	-2221.4587	1474.208	147.95905	171.35793256759644
22	-1511.8398	664.38416	-482.78003	-3110.8926	-1701.5094	450.8241	-975.34265	-2392.1936	110.0	110.0	36299	-1511.4866	179.38985	-1085.5378	-2258.9363	1506.4669	147.55334	179.3780460357666
23	-1616.3085	577.8896	-771.89197	-2642.13	-1617.9521	490.5639	-529.5281	-2367.7104	110.0	110.0	37949	-1541.9047	182.97415	-1114.8477	-2274.8237	1536.9352	146.76596	187.56287336349487
24	-1529.4972	622.7442	-630.1911	-2755.3276	-1349.6178	633.06366	-424.78198	-2619.327	110.0	110.0	39599	-1572.7827	187.75351	-1129.3644	-2304.3242	1567.875	148.05455	196.88282179832458
25	-1559.1384	541.438	-645.1298	-2476.9414	-1818.1621	477.44226	-1114.1923	-2592.3745	110.0	110.0	41249	-1596.5651	192.44191	-1145.0903	-2340.8186	1591.633	147.28963	206.74199986457825
26	-1435.1909	464.5535	-613.94293	-2517.7314	-1318.8293	550.8138	-572.7492	-2518.8926	110.0	110.0	42899	-1622.0637	199.39178	-1158.0818	-2378.47	1617.1877	148.62152	216.50424122810364
27	-1657.1222	567.8549	-667.92017	-2362.852	-1566.766	769.058	-372.8848	-2486.4517	110.0	110.0	44549	-1643.0891	203.51595	-1177.0098	-2418.1208	1638.3186	147.47737	226.14279961585999
28	-1573.4421	480.29404	-785.99994	-2359.6853	-1891.5417	772.64105	-606.93054	-3110.3096	110.0	110.0	46199	-1664.5396	209.54002	-1184.1827	-2465.1306	1659.7444	152.26729	235.59325790405273
29	-1543.1614	605.99866	-551.92426	-2806.5537	-1415.7865	571.9812	-514.0943	-2185.9727	110.0	110.0	47849	-1685.5403	215.68158	-1193.6084	-2506.6023	1680.7186	152.34607	244.81548523902893
30	-1509.7406	456.59174	-695.18884	-2536.9683	-1239.3148	704.41565	-203.82889	-2537.4756	110.0	110.0	49499	-1703.1699	220.16594	-1204.2264	-2539.633	1698.2979	154.16663	254.25278306007385
31	-1373.6512	327.95023	-838.6721	-1976.3674	-1266.4006	666.11523	-406.99026	-2547.876	110.0	110.0	51149	-1716.9562	222.92282	-1209.1615	-2587.1526	1712.2589	153.05229	263.5767207145691
32	-1401.7615	557.644	-577.7766	-2312.4844	-1318.0186	516.1201	-747.0143	-2635.1074	110.0	110.0	52799	-1730.675	225.50325	-1213.7517	-2608.231	1725.933	156.16559	273.0556390285492
33	-1306.8632	439.04172	-622.2118	-2108.651	-1044.3356	634.7598	-456.49847	-2331.1404	110.0	110.0	54449	-1744.2701	229.7129	-1217.1726	-2630.8335	1739.6584	154.0962	282.74884152412415
34	-1417.7383	388.3889	-543.4047	-1947.0638	-1018.6878	362.4684	-576.176	-1814.862	110.0	110.0	56099	-1758.0548	232.66995	-1215.7024	-2646.0168	1753.3242	158.95398	291.17712903022766
35	-1153.6646	556.76044	-290.75946	-2067.1948	-1367.7089	391.908	-698.8706	-1870.3845	110.0	110.0	57749	-1767.962	235.9772	-1221.0596	-2685.9392	1763.0544	157.72232	299.1033363342285
36	-1330.0332	428.92047	-620.5521	-2030.2649	-1272.5308	837.2291	-574.209	-3051.9897	110.0	110.0	59399	-1773.4349	240.10205	-1224.8466	-2699.2266	1768.4191	162.29245	307.17377758026123
37	-1142.2089	478.43445	-525.73694	-2211.555	-1528.3934	559.2649	-464.90128	-2626.6355	110.0	110.0	61049	-1776.1012	243.58914	-1218.3285	-2727.0671	1771.1417	161.85681	315.1487467288971
38	-1301.0448	423.948	-542.7418	-2167.3845	-1332.8442	537.19073	-639.2262	-2290.789	110.0	110.0	62699	-1780.5571	249.57527	-1214.311	-2766.488	1775.5287	169.1634	324.0199387073517
39	-1126.6276	534.0687	-340.14008	-1894.6005	-1247.2994	541.2622	-140.18106	-2096.7732	110.0	110.0	64349	-1781.7775	252.55142	-1208.7928	-2791.9373	1776.7852	166.39658	332.34605288505554
40	-1198.0763	329.34576	-762.66595	-2003.9177	-1278.7102	575.3183	-380.2837	-2117.5261	110.0	110.0	65999	-1784.2161	255.7554	-1203.8964	-2807.8003	1779.2721	170.47902	340.8500952720642
41	-1238.3597	471.67432	-201.87161	-1960.0143	-1196.2468	379.47714	-514.6833	-1688.702	110.0	110.0	67649	-1785.5927	258.86145	-1200.7202	-2832.3306	1780.84	168.31023	348.9312410354614
42	-1352.5598	434.49945	-507.1496	-2136.9434	-1450.6888	600.69727	-632.90533	-2798.3818	110.0	110.0	69299	-1784.9586	260.67487	-1201.0581	-2834.7766	1780.0466	169.3298	356.62798047065735
43	-1386.0422	480.41275	-513.22125	-2229.403	-1791.108	676.23804	-594.5076	-2827.3975	110.0	110.0	70949	-1784.3417	262.93396	-1202.6598	-2887.8582	1779.3379	172.67873	364.68174862861633
44	-1432.1208	616.21063	-504.69614	-2959.4968	-1460.1659	386.5514	-1060.8716	-2304.235	110.0	110.0	72599	-1783.048	265.44656	-1202.1846	-2893.7786	1778.11	171.49316	372.4124810695648
45	-1226.2843	595.7264	-220.08179	-2489.13	-1361.4158	459.7103	-500.80603	-2125.9631	110.0	110.0	74249	-1781.9039	269.45145	-1206.023	-2910.5908	1776.9617	172.85483	380.1206228733063
46	-1214.5792	603.92267	-220.71964	-2139.1934	-1294.2888	358.1296	-693.37067	-1815.4136	110.0	110.0	75899	-1775.2113	274.1126	-1204.6229	-2913.5315	1770.2003	171.28188	388.1386559009552
47	-1261.1193	514.3952	-513.0849	-2554.9902	-1272.6616	464.32285	-260.99142	-1966.5214	110.0	110.0	77549	-1771.39	275.97205	-1207.4972	-2928.6133	1766.3481	175.0281	396.23063135147095
48	-1059.3931	370.97647	-411.58032	-1768.0334	-1145.9465	332.6154	-441.7104	-1668.4662	110.0	110.0	79199	-1765.4117	278.42993	-1207.574	-2856.927	1760.259	176.84843	404.3005940914154
49	-899.1209	483.3818	-141.73468	-1931.5773	-1200.8414	801.1697	-269.99326	-2449.9666	110.0	110.0	80849	-1757.9889	281.04053	-1204.4337	-2942.1414	1752.7388	178.6181	414.03981018066406
50	-1204.5533	474.21445	-251.18565	-1978.6818	-1256.8893	412.6062	-445.4197	-2086.6577	110.0	110.0	82499	-1748.4395	283.54532	-1189.1263	-2907.379	1743.1824	177.11517	424.65979075431824
51	-1031.4438	528.52246	-214.80244	-2055.7065	-995.3825	386.16986	-475.57883	-1832.4723	110.0	110.0	84149	-1741.284	286.7528	-1169.7198	-2960.8267	1736.0284	177.58508	435.7258846759796
52	-1001.3513	490.0675	-282.29825	-2083.8872	-1081.7756	632.90814	-212.91757	-2128.7048	110.0	110.0	85799	-1732.1804	288.4162	-1151.5038	-2965.2998	1726.9679	176.22511	446.8567612171173
53	-1303.9967	435.66998	-232.73175	-2059.6528	-1299.4514	780.66565	-301.2769	-2652.7712	110.0	110.0	87449	-1724.1067	290.73672	-1134.2666	-2896.3328	1718.8965	176.02098	456.4335734844208
54	-1121.4185	514.8534	-516.10516	-2283.1543	-1118.1976	482.80823	-239.78445	-1777.2522	110.0	110.0	89099	-1717.06	291.88675	-1113.1843	-2933.4197	1711.8667	173.45761	467.8060874938965
55	-1301.3125	466.59784	-574.4593	-2283.2466	-1193.3497	680.61945	-287.47476	-2615.128	110.0	110.0	90749	-1708.8242	296.15698	-1091.2458	-2952.6008	1703.4382	176.65909	477.8768332004547
56	-1106.6012	504.55276	-344.89584	-2008.323	-1339.775	547.0224	-657.74	-2554.9207	110.0	110.0	92399	-1697.3789	296.74838	-1072.9779	-2953.997	1692.0388	177.0719	488.00937056541443
57	-1102.5054	574.5138	-263.2822	-2462.2407	-1459.107	668.00964	-724.2787	-2695.7212	110.0	110.0	94049	-1686.4927	299.11557	-1046.0898	-2869.9702	1680.9054	178.58658	500.0167543888092
58	-969.71643	550.90704	-239.6759	-2114.7307	-1293.5046	365.90326	-673.7148	-1813.2115	110.0	110.0	95699	-1672.8094	300.33185	-1018.78754	-2912.68	1667.2653	179.0862	509.96883273124695
59	-1370.9991	599.9682	-386.08405	-2748.0405	-1091.0786	637.0187	-227.60101	-2457.6912	110.0	110.0	97349	-1658.5352	300.4864	-994.3136	-2899.2979	1652.8572	183.95422	520.0949122905731
60	-1232.9042	529.6329	-462.79953	-2497.7837	-1201.2952	611.8998	-502.34555	-2584.8828	110.0	110.0	98999	-1643.5485	301.07376	-969.5872	-2822.7158	1637.6097	188.83124	530.8028182983398
61	-1133.8931	429.326	-100.17246	-1816.3798	-1273.4011	397.90265	-473.2441	-1988.156	110.0	110.0	100649	-1628.1558	302.5939	-951.71136	-2822.0598	1622.117	190.33841	540.784345626831
62	-1082.0939	705.8804	-196.75435	-2722.9192	-1250.9036	526.54474	-597.63824	-2356.4807	110.0	110.0	102299	-1610.436	303.6309	-925.7172	-2818.3206	1604.3096	190.07846	550.9608333110809
63	-1437.1433	529.0997	-263.8715	-2390.7817	-1516.4	433.77234	-822.121	-2119.715	110.0	110.0	103949	-1592.9427	303.68625	-900.36035	-2782.8828	1586.623	196.84804	563.6529488563538
64	-1459.2418	740.8559	-415.88556	-2935.8438	-1472.2657	352.4821	-1074.3875	-2036.0092	110.0	110.0	105599	-1576.494	302.19876	-877.1254	-2716.3796	1570.0518	201.40726	575.6886055469513
65	-1209.0929	373.46912	-429.11487	-1931.2302	-1213.4299	432.3407	-598.6791	-1879.3005	110.0	110.0	107249	-1558.9607	297.55997	-856.334	-2659.0117	1552.4012	202.41054	585.7571666240692
66	-1216.3517	585.49976	-464.10632	-2504.6345	-995.05896	622.90173	-361.2251	-2466.1445	110.0	110.0	108899	-1541.6051	293.3752	-834.1133	-2654.6975	1534.9524	200.86433	596.4048726558685
67	-1191.23	637.3081	-318.81387	-2314.7512	-1472.4857	674.95	-537.149	-2422.0396	110.0	110.0	110549	-1524.9392	292.42233	-820.6372	-2631.9207	1518.3412	198.75227	606.8115973472595
68	-1012.2	594.96515	-420.97278	-2633.2437	-1047.4382	394.99713	-521.8438	-1952.2047	110.0	110.0	112199	-1506.3766	291.76944	-789.63257	-2605.398	1499.8291	192.00677	617.0812702178955
69	-1372.8959	674.58356	-157.1311	-2466.4126	-1111.2136	690.56616	-318.01492	-2648.0603	110.0	110.0	113849	-1488.4001	293.77393	-765.42896	-2597.491	1481.7224	194.46234	627.0308110713959
70	-1174.6799	642.61536	-254.54941	-2217.683	-1034.7867	291.85312	-561.6385	-1513.6956	110.0	110.0	115499	-1472.677	294.91476	-734.2302	-2540.8977	1466.0049	198.46693	636.4365620613098
71	-1536.8218	793.089	-430.28802	-2791.929	-1152.7418	689.37573	-466.09662	-2598.2974	110.0	110.0	117149	-1458.0579	298.0267	-702.2173	-2550.3408	1451.5924	195.99806	646.3254296779633
72	-1314.931	411.36578	-530.6378	-2095.2305	-1285.6824	549.8887	-399.41702	-2478.63	110.0	110.0	118799	-1445.9069	302.52502	-678.4898	-2549.9844	1439.4622	197.79466	655.9696338176727
73	-1099.8452	444.988	-372.4695	-1883.8613	-1038.3756	354.77255	-477.37994	-1680.5883	110.0	110.0	120449	-1433.6301	304.9319	-669.1639	-2510.2043	1427.2267	192.88632	663.8610203266144
74	-786.8679	487.30655	-393.92966	-2488.7788	-989.2658	672.8963	-343.0069	-2512.3325	110.0	110.0	122099	-1420.5438	307.15033	-654.51013	-2534.1223	1414.1565	183.79808	672.4492018222809
75	-758.0277	521.54926	-248.43661	-2160.95	-1030.6821	561.43915	-278.69427	-2146.902	110.0	110.0	123749	-1405.6569	311.42902	-641.2765	-2605.5322	1399.1715	181.45735	680.6850492954254
76	-871.7219	431.1367	-362.2466	-1773.8151	-802.27625	549.8156	-232.26318	-2108.7625	110.0	110.0	125399	-1393.31	313.59018	-621.8732	-2617.338	1386.7766	180.88966	689.0872211456299
77	-986.8479	526.68304	-231.89105	-2217.6638	-966.69006	564.75385	-251.66156	-1937.467	110.0	110.0	127049	-1377.9606	316.99863	-608.611	-2570.0554	1371.277	180.74045	698.0195617675781
78	-682.0469	549.6405	-98.28003	-2072.179	-437.14413	188.10176	-238.78056	-910.22955	110.0	110.0	128699	-1360.4517	319.6326	-596.2219	-2558.2764	1353.5626	181.0139	706.5939793586731
79	-564.67926	353.44165	-188.50327	-1454.0803	-776.88947	437.23846	-287.4858	-1731.6512	110.0	110.0	130349	-1341.3573	323.58853	-576.8093	-2630.754	1334.2739	178.19392	716.3930606842041
80	-921.5701	473.9146	-340.57288	-2415.5466	-914.6958	374.21945	-142.14578	-1528.2229	110.0	110.0	131999	-1321.3969	326.99118	-561.3766	-2620.056	1314.3915	179.34561	726.4287142753601
81	-744.5645	571.1725	-165.24799	-2171.439	-775.7943	440.6864	-214.17982	-1636.801	110.0	110.0	133649	-1304.2668	326.11737	-539.4048	-2620.7007	1297.2306	178.08354	736.3138656616211
82	-791.62585	570.58105	-265.34384	-2542.5325	-543.94714	404.75143	-119.23604	-1405.5962	110.0	110.0	135299	-1286.6652	329.4988	-516.64935	-2616.013	1279.5957	175.70303	745.4443199634552
83	-720.74615	425.73752	-194.74089	-1558.2222	-666.59924	373.8417	-199.9435	-1272.6152	110.0	110.0	136949	-1265.7687	332.9165	-494.80438	-2624.1562	1258.4395	177.40811	753.8580226898193
84	-782.8905	322.27402	-342.3645	-1632.2559	-946.96466	595.4561	-197.79012	-1899.5216	110.0	110.0	138599	-1246.0035	331.43427	-477.54892	-2534.0208	1238.8468	173.29697	762.1833198070526
85	-937.9577	599.5993	-364.83463	-2510.6624	-819.445	450.6951	-368.10977	-1611.6528	110.0	110.0	140249	-1228.0359	332.5548	-471.74146	-2613.7778	1220.9976	173.22557	770.3086369037628
86	-720.9571	517.94934	-207.21643	-2086.4573	-711.08936	460.14032	-224.27605	-1571.3042	110.0	110.0	141899	-1211.6713	332.5005	-462.37875	-2608.6143	1204.5969	171.46686	779.6622717380524
87	-913.28265	695.1887	-162.99889	-2539.8093	-903.3005	278.88748	-267.82648	-1234.2675	110.0	110.0	143549	-1195.5471	332.6656	-449.81223	-2602.5298	1188.3783	173.2986	790.2080709934235
88	-669.90546	388.54388	-273.2295	-1819.2683	-698.2757	445.38797	-68.562126	-1515.8339	110.0	110.0	145199	-1176.2751	334.90173	-432.41196	-2595.6973	1169.2667	172.57469	798.4889738559723
89	-743.1357	456.7934	-106.95816	-1464.2115	-823.5919	493.80832	-389.37	-2258.6892	110.0	110.0	146849	-1159.3984	334.70703	-423.35138	-2578.0217	1152.4191	169.25558	808.3502268791199
90	-493.18332	227.23245	-251.38306	-970.58203	-991.0626	667.1748	-177.24101	-1904.2689	110.0	110.0	148499	-1142.8529	335.3742	-398.5736	-2517.4575	1135.766	167.29312	817.3431549072266
91	-916.4358	499.18594	-174.87634	-1953.1174	-824.36584	531.4786	-179.64384	-1962.3108	110.0	110.0	150149	-1125.7975	335.8097	-394.93036	-2509.7153	1118.8643	165.9631	825.499523639679
92	-771.2628	358.6101	-283.51	-1314.5713	-846.7477	631.70953	-316.48212	-2513.856	110.0	110.0	151799	-1110.0461	335.46112	-379.45825	-2491.3757	1102.9436	164.41049	833.328620672226
93	-710.5594	478.4323	-176.09735	-1798.5754	-634.81573	377.5485	-240.07167	-1318.0459	110.0	110.0	153449	-1092.7711	335.75345	-363.61215	-2488.2588	1085.6132	165.87117	841.3043239116669
94	-839.6444	445.77512	-278.82852	-1781.5022	-1187.6608	526.1574	-162.12743	-1832.7231	110.0	110.0	155099	-1075.383	334.8994	-341.4544	-2408.7778	1068.1707	166.99261	849.365807056427
95	-902.04785	454.90598	-356.34332	-1937.1033	-783.63873	372.37604	-262.6854	-1566.8844	110.0	110.0	156749	-1059.0005	334.494	-323.56924	-2468.7827	1051.8439	165.82564	857.5709733963013
96	-830.10614	448.42636	-234.99457	-1731.4443	-695.29	488.2499	-75.89886	-1575.7794	110.0	110.0	158399	-1045.3024	333.8538	-312.1299	-2359.8765	1038.2593	162.86253	866.243331193924
97	-717.94116	427.70425	-66.2486	-1636.928	-665.8375	252.88452	-402.65802	-1169.2603	110.0	110.0	160049	-1029.8201	334.8278	-291.28653	-2434.1912	1022.6803	163.25977	874.6360728740692
98	-688.2152	360.61526	-318.41437	-1375.384	-651.95544	386.98148	-56.145187	-1401.4447	110.0	110.0	161699	-1014.33484	334.58792	-276.75217	-2397.2505	1007.29626	161.20166	882.6741752624512
99	-842.64075	578.8284	-205.71265	-2027.7418	-724.8754	356.09836	-246.2298	-1457.8176	110.0	110.0	163349	-999.9155	333.8289	-260.67938	-2358.9238	992.7897	161.7905	890.7530016899109
100	-784.64526	619.71716	-100.2467	-2532.8242	-453.11664	134.78925	-273.23	-661.81836	110.0	110.0	164999	-983.5192	332.00037	-245.4455	-2397.5657	976.3659	161.12985	898.5421919822693
101	-782.4288	489.53976	-178.69753	-1586.4657	-635.9081	339.1128	-212.9323	-1298.56	110.0	110.0	166649	-970.13635	331.21927	-228.05872	-2387.448	963.0434	160.27669	906.972737789154
102	-799.0475	417.3618	-129.8088	-1527.5541	-449.35196	308.00772	-203.83406	-1273.839	110.0	110.0	168299	-956.4229	332.60526	-220.08862	-2380.6528	949.4308	160.62816	915.810337305069
103	-756.2116	415.66864	-256.91492	-1773.8616	-799.7412	553.98663	-249.7332	-1773.5402	110.0	110.0	169949	-939.3571	332.18973	-205.08498	-2388.7	931.8615	158.36768	924.5073404312134
104	-745.4049	305.8948	-293.86847	-1278.5968	-1084.0269	614.0842	-444.93106	-2248.3828	110.0	110.0	171599	-924.94586	330.8671	-197.63577	-2354.3174	917.5397	160.77005	932.9724833965302
105	-516.48016	328.4852	-161.32431	-1252.1312	-638.2174	296.05603	-238.4046	-1219.2289	110.0	110.0	173249	-906.8311	330.6873	-194.12108	-2316.9463	899.2231	158.35175	941.5286326408386
106	-858.45465	658.51306	-243.11597	-2834.6885	-529.7355	290.21655	-162.53352	-1190.6775	110.0	110.0	174899	-889.26514	329.69116	-170.78421	-2282.1162	881.83044	158.42331	949.3699727058411
107	-527.168	250.9543	-56.933453	-1100.6068	-656.6603	517.41064	-237.81767	-1946.1228	110.0	110.0	176549	-874.5109	331.1487	-160.86949	-2300.4265	867.03296	159.05061	957.4989075660706
108	-768.362	497.1038	-198.62631	-2017.0953	-564.8015	250.42232	-225.62242	-1154.9482	110.0	110.0	178199	-860.1092	331.42474	-150.85696	-2267.8286	852.5736	157.78378	965.6294777393341
109	-597.76355	290.46655	-198.14795	-1221.7871	-530.9271	350.23303	-174.41371	-1328.227	110.0	110.0	179849	-844.7902	333.31158	-144.51076	-2251.695	837.2733	153.15349	974.1914734840393
110	-851.7818	360.66327	-306.3056	-1493.279	-903.46936	463.08575	-268.6419	-1829.9847	110.0	110.0	181499	-828.93536	334.92657	-137.1516	-2213.9053	821.45	155.64653	982.4294514656067
111	-495.98288	260.45462	-174.10542	-1087.8126	-577.2601	405.85553	-110.09535	-1595.9132	110.0	110.0	183149	-812.52747	335.86682	-129.18797	-2192.328	805.0458	150.29286	991.7342445850372
112	-705.88184	630.6236	-147.89044	-2840.1978	-684.201	242.60449	-341.41098	-1054.4363	110.0	110.0	184799	-796.3691	337.8635	-111.95474	-2169.6875	788.8495	153.68224	1000.2657122612
113	-606.7714	355.29196	-239.64641	-1428.8289	-819.0	315.35797	-360.95395	-1351.0618	110.0	110.0	186449	-781.6469	337.7435	-103.15882	-2164.0474	774.08044	151.49559	1008.5549635887146
114	-664.5541	394.8515	-190.02052	-1475.2356	-693.5662	459.72736	-70.17232	-1391.292	110.0	110.0	188099	-766.59924	338.1768	-102.097046	-2126.8667	759.0932	150.64784	1016.4015557765961
115	-530.9458	321.34387	-81.41061	-1441.1012	-541.6518	297.13568	-77.93876	-928.39624	110.0	110.0	189749	-752.1266	338.13586	-89.49835	-2113.719	744.65076	148.02354	1025.0622487068176
116	-655.3066	330.4915	-240.50235	-1459.441	-951.8242	565.765	-267.91013	-2451.955	110.0	110.0	191399	-737.41815	338.58817	-85.38974	-2098.5703	729.79865	146.85974	1035.6297376155853
117	-702.5042	516.55743	-342.8274	-2054.3137	-955.6009	438.5011	-359.0498	-1640.4592	110.0	110.0	193049	-721.8742	338.89032	-80.52625	-2058.6294	714.19934	148.62875	1044.100304365158
118	-855.3937	520.8278	-260.01605	-1867.4536	-812.9352	524.79596	-137.83539	-1498.8276	110.0	110.0	194699	-705.33673	338.2923	-75.33263	-2106.541	697.6567	146.52525	1054.5566692352295
119	-766.922	445.7509	-191.38585	-1665.337	-638.2327	326.7732	-246.99512	-1317.8423	110.0	110.0	196349	-691.5994	337.62888	-59.932774	-2052.5056	684.00696	146.1489	1066.6494979858398
120	-785.52875	441.396	-214.26361	-1949.335	-624.8568	304.27484	-91.36251	-1180.072	110.0	110.0	197999	-678.0953	340.03784	-41.83489	-2110.6104	670.62317	147.02057	1079.8502383232117
121	-518.3692	343.26355	-81.99603	-1405.6819	-765.7105	325.13217	-310.9348	-1395.4475	110.0	110.0	199649	-665.21466	342.12888	-21.638565	-2099.2588	657.6728	146.47612	1092.0726389884949
122	-647.04974	376.26926	-212.57996	-1546.6279	-764.6234	636.0918	-295.78516	-2639.6123	110.0	110.0	201299	-649.58545	343.80002	-1.8699102	-2122.751	641.9988	146.56381	1102.994390487671
123	-637.4335	352.678	-192.59163	-1559.3167	-931.63855	484.87833	-421.37668	-1990.7006	110.0	110.0	202949	-636.7311	347.21988	22.465569	-2152.6047	629.16705	150.03876	1112.8881306648254
124	-839.1518	392.59396	-168.10051	-1580.9147	-604.0846	217.38898	-268.0399	-894.9147	110.0	110.0	204599	-622.63654	347.7136	44.964508	-2126.8906	615.10205	148.93802	1123.3077983856201
125	-659.8134	383.68765	-131.9851	-1236.8967	-694.3436	300.40762	-197.2311	-1257.7577	110.0	110.0	206249	-609.70984	348.34988	66.156944	-2144.1257	602.0952	148.79028	1135.9256222248077
126	-836.27484	324.8629	-294.9876	-1440.9515	-679.7372	437.96146	-234.27068	-1507.446	110.0	110.0	207899	-599.07556	350.62442	85.20789	-2159.5154	591.56464	146.45888	1148.0992851257324
127	-549.29614	243.958	-159.26515	-983.2107	-571.23016	330.8178	-171.4323	-1262.9902	110.0	110.0	209549	-585.884	352.24765	102.12538	-2211.905	578.3664	147.3076	1159.7735211849213
128	-952.3214	600.7195	-321.13162	-2260.0686	-772.588	487.11627	-123.49881	-1682.8528	110.0	110.0	211199	-574.0318	354.19125	117.03513	-2214.9573	566.59064	144.9694	1170.0389375686646
129	-673.34265	330.57623	-250.30293	-1353.8884	-489.68237	214.25781	-168.80273	-832.3965	110.0	110.0	212849	-562.7209	354.4969	128.17906	-2214.2307	555.1903	145.5801	1183.1300904750824
130	-730.86316	414.4869	-236.89821	-1862.212	-709.64514	388.31128	-75.533325	-1403.3558	110.0	110.0	214499	-554.0427	355.9393	137.48064	-2198.6936	546.59985	144.35133	1194.5544242858887
131	-723.63776	308.89023	-272.01547	-1422.1565	-440.47443	170.44571	-197.85683	-871.52423	110.0	110.0	216149	-542.38165	354.8569	154.60756	-2189.4434	535.0474	144.53885	1205.433568239212
132	-808.11896	364.78107	-320.61987	-1539.9498	-959.55	674.62604	-140.36214	-2508.0264	110.0	110.0	217799	-532.9767	355.5246	161.36038	-2180.6182	525.36743	149.74138	1216.0267078876495
133	-798.1863	388.31003	-399.35217	-1636.0433	-882.1662	642.8076	-331.89658	-2314.5688	110.0	110.0	219449	-523.8146	355.92896	172.04364	-2169.9639	516.2806	146.44162	1227.156620502472
134	-772.62415	324.47906	-344.5896	-1389.9612	-576.51855	371.16333	-203.03993	-1351.2756	110.0	110.0	221099	-513.1987	355.44974	175.9747	-2196.3123	505.87704	148.44542	1239.7811725139618
135	-722.55347	318.31073	-332.75134	-1284.4218	-882.0558	374.41183	-355.95166	-1607.3815	110.0	110.0	222749	-503.16272	354.66473	177.9145	-2215.279	495.76303	149.09625	1249.8724484443665
136	-568.5234	325.37177	-211.00923	-1158.2946	-700.7958	462.4312	-354.89157	-1905.0321	110.0	110.0	224399	-494.09827	351.27502	176.82443	-2199.2776	486.7985	146.46088	1260.1487514972687
137	-703.32806	254.3356	-328.32257	-1199.7773	-763.381	407.10324	-193.16034	-1705.5591	110.0	110.0	226049	-483.56122	350.7705	176.93466	-2203.6196	476.1551	144.55936	1271.0189890861511
138	-900.20074	348.48636	-378.239	-1452.9072	-1106.124	386.9595	-661.1998	-1674.8838	110.0	110.0	227699	-475.48615	348.88586	178.76201	-2189.575	468.0268	146.55168	1281.631535768509
139	-752.9248	331.08047	-317.85275	-1212.8207	-903.9938	408.42575	-267.9319	-1700.4968	110.0	110.0	229349	-463.5082	347.06796	185.14154	-2190.2822	456.0145	145.02127	1291.4922740459442
140	-926.7868	393.34503	-337.90903	-1447.5112	-568.6842	351.70273	-166.20477	-1260.9937	110.0	110.0	230999	-457.07312	348.32043	195.59317	-2168.6719	449.51175	148.82956	1302.109678030014
141	-587.806	256.4295	-236.15913	-1267.5334	-646.8398	401.1387	-257.1222	-1508.6836	110.0	110.0	232649	-443.73315	346.06912	209.91615	-2152.3838	436.2	152.09186	1312.0061099529266
142	-781.5385	230.45808	-312.55856	-1134.966	-736.231	311.96582	-363.8051	-1465.5265	110.0	110.0	234299	-432.4366	346.16855	220.41005	-2156.8245	424.7833	146.78436	1322.951494216919
143	-765.1204	435.154	-185.77477	-1880.3302	-586.6738	279.28497	-320.19138	-1283.9033	110.0	110.0	235949	-422.17978	345.07214	228.10437	-2136.9912	414.66348	145.92085	1333.9774286746979
144	-867.4809	415.15796	-471.0095	-1901.2874	-815.5001	303.25235	-378.97794	-1223.4823	110.0	110.0	237599	-411.735	345.8173	249.01233	-2130.5522	404.16016	149.31924	1344.5196075439453
145	-916.7599	310.80212	-383.11325	-1303.8644	-712.4511	302.539	-447.37534	-1453.0288	110.0	110.0	239249	-402.61575	345.1726	260.59586	-2113.5728	394.87766	152.23532	1354.9215579032898
146	-832.77527	469.94025	-246.401	-2282.043	-973.2288	546.39185	-265.33795	-1991.5026	110.0	110.0	240899	-394.37164	343.57962	268.4562	-2113.1274	386.83325	152.59586	1364.8557608127594
147	-676.4797	278.19083	-227.63228	-1369.2555	-728.8704	461.3347	-188.02948	-1881.4054	110.0	110.0	242549	-383.7794	344.31073	278.66455	-2124.281	376.16614	151.29108	1374.8723812103271
148	-776.0264	340.52988	-339.9969	-1429.5457	-729.6161	287.50748	-274.9744	-1096.1523	110.0	110.0	244199	-374.68817	345.338	282.5514	-2070.3457	367.0016	150.24327	1384.814046382904
149	-876.5869	415.80295	-395.61935	-1701.7465	-748.233	326.76953	-428.72787	-1507.6677	110.0	110.0	245849	-364.56384	344.71844	292.95633	-2078.2954	356.791	152.41852	1394.571677684784
150	-877.0082	420.71225	-296.87173	-2046.6902	-762.5544	368.76978	-225.67151	-1305.4673	110.0	110.0	247499	-355.7249	343.9315	302.8439	-2084.463	348.07037	153.65155	1404.8240687847137
151	-717.953	308.3634	-228.55446	-1354.585	-766.2458	424.17526	-252.48839	-1563.8419	110.0	110.0	249149	-345.2162	343.50595	305.53226	-2074.8982	337.57272	150.73026	1414.868573665619
152	-790.41504	431.34088	-122.6927	-1706.6456	-796.4101	480.4691	-261.82074	-1993.425	110.0	110.0	250799	-338.12067	342.6011	311.8563	-2068.1438	330.47144	152.79422	1425.3603978157043
153	-765.86127	516.6655	-156.68668	-1959.7542	-616.6299	207.97083	-237.62906	-964.3587	110.0	110.0	252449	-330.2446	342.49164	313.71912	-2061.4412	322.72614	152.61882	1435.8043789863586
154	-747.662	393.05792	-334.5404	-1873.4233	-625.2131	370.3643	-151.135	-1351.3029	110.0	110.0	254099	-322.46304	341.56284	322.63303	-2052.9087	314.7364	152.3802	1445.8991522789001
155	-741.78485	375.41006	-167.8555	-1325.498	-782.4095	396.61722	-191.45956	-1491.3815	110.0	110.0	255749	-313.36353	339.7647	328.37186	-2030.4769	305.50546	152.77934	1454.5426559448242
156	-869.6145	485.47116	-115.22142	-1820.5308	-745.9458	436.6468	-290.368	-1888.5883	110.0	110.0	257399	-304.3691	337.51126	339.99014	-2023.9657	296.56146	152.82385	1463.2051842212677
157	-766.6515	431.91745	-189.89973	-1655.8613	-690.5646	281.33597	-188.83316	-1244.5033	110.0	110.0	259049	-294.4157	335.92923	353.54993	-2016.7377	286.6519	151.26396	1471.5713658332825
158	-764.0285	394.1222	-121.07188	-1348.3264	-885.0436	506.6813	-298.49414	-2055.9841	110.0	110.0	260699	-288.55185	333.84036	349.61697	-1986.773	280.864	150.02466	1479.8092834949493
159	-885.153	320.5907	-503.0341	-1739.6866	-677.3261	384.90872	-82.97643	-1388.4199	110.0	110.0	262349	-284.03012	332.9572	358.9776	-1956.7563	276.4575	147.31021	1489.9820337295532
160	-501.20132	326.8839	-137.77252	-1161.3322	-643.4511	235.31625	-339.8222	-1070.2913	110.0	110.0	263999	-277.23438	330.92798	359.8855	-1935.3046	269.74112	144.7036	1500.2756464481354
161	-809.27094	657.1871	-244.15189	-2898.885	-723.241	151.29631	-507.60443	-976.6049	110.0	110.0	265649	-272.5471	328.6982	359.85132	-1883.1099	265.20105	147.57921	1510.899097919464
162	-655.8281	306.1989	-231.87302	-1232.094	-780.13995	474.94357	-311.03232	-1978.8097	110.0	110.0	267299	-266.59332	328.89575	361.89868	-1884.4247	259.09528	146.03123	1520.9729154109955
163	-675.87213	259.0992	-216.97414	-1183.0522	-797.6739	437.73166	-329.49536	-1746.7612	110.0	110.0	268949	-261.2612	326.57285	360.91272	-1866.5454	254.01193	141.76242	1531.6734540462494
164	-1001.3037	511.5544	-199.39885	-2273.3916	-620.5414	244.57602	-335.56326	-1108.3867	110.0	110.0	270599	-259.65994	326.9812	369.958	-1863.3123	252.38327	145.86609	1542.2315814495087
165	-661.6254	347.05222	-169.00917	-1443.7664	-931.6896	409.26132	-358.43762	-1497.4386	110.0	110.0	272249	-254.91237	326.13535	367.65396	-1848.5752	247.69902	147.02606	1552.4126329421997
166	-984.6455	608.8432	-275.74527	-2224.0847	-782.76013	349.22336	-200.45526	-1539.1707	110.0	110.0	273899	-251.16226	326.13327	363.53406	-1805.0156	243.90784	146.74757	1562.6324229240417
167	-833.6354	335.60822	-459.40356	-1674.5012	-1085.2098	706.8851	-225.08302	-2485.0566	110.0	110.0	275549	-247.04341	325.49805	372.524	-1775.0605	239.50603	143.54764	1573.1445982456207
168	-740.9879	488.69464	-138.0317	-1878.1816	-647.36993	251.53864	-227.9413	-1188.2167	110.0	110.0	277199	-241.53879	324.4428	372.2095	-1737.9752	234.26549	141.93146	1583.0663604736328
