Epoch	AverageEpRet	StdEpRet	MaxEpRet	MinEpRet	AverageTestEpRet	StdTestEpRet	MaxTestEpRet	MinTestEpRet	EpLen	TestEpLen	TotalEnvInteracts	AverageQVals	StdQVals	MaxQVals	MinQVals	LossPi	LossQ	Time
1	-13731.785	4483.3403	-7202.7607	-22076.143	-11273.259	6609.1113	-1120.0396	-21914.807	220.0	220.0	3299	-314.24173	223.51001	0.27263793	-1256.1989	307.49692	1031.8787	14.544650554656982
2	-12170.934	3041.1404	-7489.677	-17668.818	-4043.141	4206.7437	-428.34937	-14880.991	220.0	220.0	6599	-861.26886	316.32544	-174.17178	-2149.901	835.1616	1819.4459	31.90713930130005
3	-14126.272	3859.7224	-7938.636	-22324.207	-6763.7393	3811.3252	-1819.1138	-15073.562	220.0	220.0	9899	-1225.9612	418.60278	-360.93893	-2843.066	1190.1351	2869.0674	49.58010458946228
4	-6775.8	6034.78	-46.238796	-19285.527	-7598.6094	7765.1685	-683.2063	-28455.025	220.0	220.0	13199	-1439.3129	476.6165	-500.26227	-3248.513	1402.547	3311.3037	68.0578465461731
5	-7314.5537	5736.8247	-1377.3165	-19693.016	-3123.0393	1911.0273	-241.41644	-6186.8496	220.0	220.0	16499	-1610.2695	625.5224	-621.2606	-4087.1875	1579.5729	3032.6055	86.46363806724548
6	-3963.1272	3874.6323	-670.9008	-13129.779	-4283.5205	2958.233	-1228.6195	-11093.543	220.0	220.0	19799	-1763.1896	772.98224	-734.7008	-4839.362	1734.6697	2980.3984	105.07771253585815
7	-3626.9592	2668.8665	-469.86243	-8940.917	-2593.0005	1293.9501	-984.08813	-5635.5156	220.0	220.0	23099	-1828.9642	879.9881	-720.47485	-5290.9917	1801.2694	2923.2036	123.72220277786255
8	-3082.0945	2268.8914	-541.4056	-7880.924	-3482.5664	2227.754	-665.93427	-8616.616	220.0	220.0	26399	-1835.9209	904.5083	-710.3109	-5597.3438	1809.0574	2768.7812	142.3226945400238
9	-3218.574	1933.1211	-903.05566	-7371.0557	-2617.9963	1255.923	-326.14755	-4276.398	220.0	220.0	29699	-1796.3844	907.42847	-660.9907	-5919.973	1770.2819	2546.676	161.11848211288452
10	-3174.372	2655.3677	-766.74817	-11513.483	-3684.2507	3528.6558	-956.2101	-12425.144	220.0	220.0	32999	-1743.7537	887.3555	-603.51935	-5970.5806	1718.7983	2402.2036	179.83141493797302
11	-2920.8152	2422.2273	-280.9252	-9673.075	-5510.288	4009.3733	-1595.0441	-11809.12	220.0	220.0	36299	-1679.5276	871.55615	-519.3535	-6042.364	1655.5885	2250.8782	198.67997336387634
12	-4021.789	2853.774	-450.3627	-10449.88	-3307.7676	2742.1147	-824.95807	-10871.378	220.0	220.0	39599	-1603.632	841.9749	-468.75183	-6020.8066	1580.8743	2083.7085	217.61847114562988
13	-4267.214	2570.5125	-1085.0269	-8435.566	-3608.4324	3080.5818	-544.717	-9199.308	220.0	220.0	42899	-1572.9854	834.816	-369.88458	-6005.0703	1550.9773	1947.7731	236.26139974594116
14	-3165.0396	2456.0405	-431.03275	-8253.976	-3650.7104	2884.112	-1273.5411	-11192.243	220.0	220.0	46199	-1519.7917	830.64716	-309.5746	-5896.2925	1498.5837	1837.0396	254.91660976409912
15	-3641.7483	2453.748	-740.5041	-8706.792	-4800.4736	3244.6604	-59.0291	-11136.634	220.0	220.0	49499	-1475.041	832.656	-222.09587	-5849.6016	1454.7382	1754.6792	273.4592249393463
16	-2907.918	1992.6555	-353.87668	-8202.367	-4274.24	3887.6511	-156.94067	-13373.964	220.0	220.0	52799	-1412.0714	843.02795	-63.57985	-5793.16	1390.9368	1696.8264	292.0393931865692
17	-3224.89	1771.0715	-759.2779	-6580.2524	-1874.7283	1805.7096	-415.62378	-7036.3135	220.0	220.0	56099	-1327.0338	849.5276	11.371395	-5710.058	1305.2415	1587.65	310.58858585357666
18	-2547.315	1859.491	-804.51434	-6333.5576	-3129.5942	2098.9849	-476.34476	-7470.343	220.0	220.0	59399	-1251.3622	856.0407	147.43533	-5636.3174	1229.2499	1472.3176	329.6647562980652
19	-2682.892	1861.6597	-405.0578	-7210.5356	-1953.7308	2352.1091	-200.55064	-8262.531	220.0	220.0	62699	-1161.8748	843.271	261.29083	-5357.9487	1139.9849	1362.702	348.1413097381592
20	-2422.5757	1695.409	-134.95439	-5753.3257	-2491.257	1471.1573	-888.19464	-5538.943	220.0	220.0	65999	-1049.7041	831.0403	376.04877	-5049.081	1027.6177	1303.2839	366.680392742157
21	-2343.7136	2106.1792	-404.50662	-7619.404	-2906.5376	2174.2593	-222.80708	-7602.931	220.0	220.0	69299	-936.78253	822.47076	506.5513	-4819.6226	914.1509	1296.5258	385.39534187316895
22	-2344.6199	1414.8538	-423.50702	-5841.409	-2493.5295	1897.3685	-275.00006	-6845.0957	220.0	220.0	72599	-823.42664	815.55853	648.16406	-4589.468	799.90955	1266.633	404.05702781677246
23	-2045.3488	1436.0505	-453.73224	-6427.1304	-3623.8247	3620.5337	-275.066	-10891.502	220.0	220.0	75899	-702.0347	803.6975	754.594	-4270.4155	678.7754	1213.4681	422.6608328819275
24	-2390.0928	1448.8638	-698.3398	-5973.562	-2854.6516	2384.3188	-458.82104	-7302.601	220.0	220.0	79199	-596.08215	793.42163	836.3327	-3963.7485	573.2704	1183.8586	441.3434443473816
25	-2198.9265	1375.7494	-304.94946	-5144.677	-3042.5952	2548.036	-605.7447	-9513.765	220.0	220.0	82499	-487.24408	782.8823	944.96625	-4207.231	464.76935	1188.3134	459.9500455856323
26	-2306.1306	2162.3164	-193.87108	-8793.336	-2432.4585	1908.2821	-793.5401	-7659.795	220.0	220.0	85799	-381.2291	765.2489	1042.6475	-4560.0195	358.8657	1161.725	478.73145270347595
27	-2456.2847	2273.6992	-164.5919	-8940.362	-1915.6409	2985.3333	-441.68314	-10761.879	220.0	220.0	89099	-281.7078	743.95874	1182.1829	-4325.835	259.46072	1153.7505	497.53260922431946
28	-2738.921	2297.3027	-139.66069	-7851.4385	-2825.8132	4490.444	-153.62242	-16008.723	220.0	220.0	92399	-187.8367	723.1592	1254.8911	-4033.3748	165.31853	1114.289	516.8233296871185
29	-1574.9421	1147.0615	-383.5977	-5041.2627	-2000.8674	1385.9598	-571.4713	-5201.215	220.0	220.0	95699	-88.21108	702.6107	1278.3088	-3594.8875	65.78487	1097.6617	535.7906224727631
30	-1852.4371	1384.1105	-208.3023	-4550.853	-1588.7816	1248.5332	-392.64264	-4579.296	220.0	220.0	98999	-0.7225385	684.32465	1267.0227	-3419.8213	-21.219023	1085.0042	554.4944150447845
31	-1433.2388	1257.7561	-166.35037	-5432.2793	-3441.978	3430.6458	-253.35338	-10207.312	220.0	220.0	102299	73.29154	665.1369	1301.1935	-3126.3738	-94.66999	1056.6954	573.3085691928864
32	-1635.1492	714.1315	-761.3704	-3335.4949	-3907.5652	1661.7444	-2516.4453	-6946.2407	220.0	220.0	105599	145.39864	651.70184	1326.1155	-2796.4797	-166.9988	1061.2996	592.1920330524445
33	-1699.6046	1604.0648	-420.6135	-7213.605	-1892.0186	1161.6577	-379.87708	-4123.4126	220.0	220.0	108899	218.0765	644.0	1366.8024	-2748.0007	-239.59344	1048.2651	610.8993265628815
34	-1336.24	1206.3037	-390.3439	-5122.2466	-2114.248	2673.6152	-330.25818	-9861.812	220.0	220.0	112199	289.96704	643.8895	1453.8898	-2665.3467	-311.2278	1028.1898	630.3303020000458
35	-1329.1217	677.4602	-420.13608	-2610.0007	-1581.5468	1306.4725	-273.34964	-4106.1343	220.0	220.0	115499	358.66418	644.9037	1478.2728	-2485.7195	-379.95645	1023.3492	649.1679346561432
36	-2798.3604	3327.4575	-231.6617	-14485.681	-4126.2666	3696.798	-265.341	-11319.991	220.0	220.0	118799	430.11093	648.52496	1508.6991	-2591.37	-451.829	1042.985	668.1693766117096
37	-1802.8646	2629.736	-177.17323	-10139.574	-2141.2156	1221.8063	-455.21164	-4000.6133	220.0	220.0	122099	500.71762	663.43713	1551.6285	-2635.1262	-522.44696	1047.9327	687.088395357132
38	-2165.031	1623.0321	-426.8917	-5801.615	-1022.1251	625.4694	-176.61273	-2060.81	220.0	220.0	125399	565.8659	670.96295	1605.1995	-2664.0366	-587.42773	1055.1313	705.8133022785187
39	-1905.4592	1570.4043	-305.51846	-6561.9863	-734.7496	744.54205	-6.1125813	-2144.7566	220.0	220.0	128699	621.10126	682.0315	1710.6771	-2714.6372	-642.93665	1098.5093	724.7723553180695
40	-1926.2208	2293.6748	-225.59778	-9685.087	-1958.1621	1946.1007	-210.99022	-6007.828	220.0	220.0	131999	687.317	686.34534	1865.8169	-2680.2822	-709.8584	1093.8091	743.6654496192932
41	-2221.7334	1981.5872	-512.64484	-6445.7793	-1275.8123	952.7013	-253.35506	-3467.7527	220.0	220.0	135299	763.6601	677.16064	1966.2079	-2579.2778	-786.27106	1125.6141	762.4982178211212
42	-1377.5057	1103.7596	-219.32596	-3782.5996	-1392.3234	916.01886	-209.47958	-2730.1658	220.0	220.0	138599	836.768	663.08026	2035.247	-2503.154	-859.3503	1099.4698	781.4174246788025
43	-1864.9388	2119.6846	-306.31567	-7201.49	-1454.4275	1077.2747	-330.52167	-4490.558	220.0	220.0	141899	912.2044	647.65015	2105.3223	-2346.8452	-934.6677	1078.4979	800.2297179698944
44	-1778.6046	928.9386	-247.2773	-4077.0881	-1754.627	2075.8628	-380.96817	-7734.2495	220.0	220.0	145199	981.0862	637.2194	2264.8354	-2250.5364	-1003.82214	1058.7958	819.0568630695343
45	-1813.7833	2248.1238	-224.95856	-8382.566	-1112.3563	629.5422	-394.0323	-2495.7424	220.0	220.0	148499	1056.5248	623.3388	2471.3	-2358.2034	-1080.1986	1028.9719	838.3701684474945
46	-2107.2905	1413.8419	-277.45203	-5220.5005	-2071.7554	2457.2522	-120.310425	-8186.0366	220.0	220.0	151799	1138.626	605.27045	2616.2192	-2192.71	-1161.7571	1016.1948	857.2239429950714
47	-1341.8749	783.3307	-126.70702	-3479.9224	-2003.4836	1273.8811	-740.4112	-4971.6147	220.0	220.0	155099	1208.1237	597.26373	2653.7634	-2059.1685	-1231.4451	1014.8241	876.2002346515656
48	-1348.2146	715.4803	-552.7891	-2901.4397	-1727.9824	1848.839	-158.26869	-6516.791	220.0	220.0	158399	1277.7395	597.6597	2776.6113	-2092.9805	-1300.8665	1030.8429	895.1828372478485
49	-1751.7827	1586.8451	-304.4497	-6631.665	-2169.2495	1232.9904	-591.63995	-4201.4976	220.0	220.0	161699	1336.6781	598.98315	2878.869	-1935.8158	-1359.3545	1009.3426	913.9759094715118
50	-2238.74	1992.9946	-238.21945	-7939.314	-2716.6118	3152.38	-596.7896	-11599.854	220.0	220.0	164999	1379.7006	595.77704	2874.0264	-1821.1741	-1401.2325	983.65955	933.204918384552
51	-1705.8906	1185.3062	-365.41098	-4913.284	-1247.5598	1052.7089	-99.53226	-3950.0452	220.0	220.0	168299	1405.7407	598.03156	2877.3064	-1823.919	-1426.93	971.11	952.5733530521393
52	-1236.0232	671.09973	-421.09824	-2418.1804	-2035.0139	1795.8951	-213.32964	-7012.418	220.0	220.0	171599	1427.8798	593.2203	2810.5112	-1804.8229	-1449.0032	949.6473	971.7273576259613
53	-2970.5952	2940.7305	-389.49118	-9608.364	-835.7516	386.77924	-249.05397	-1676.6963	220.0	220.0	174899	1441.4404	597.05853	2802.4675	-1996.2454	-1462.157	916.7727	990.537584066391
54	-1006.20306	480.1131	-190.68132	-1810.7966	-1155.4875	634.7067	-241.7379	-2231.146	220.0	220.0	178199	1454.4963	607.93097	2791.5886	-2041.8356	-1474.6068	924.9694	1009.5201857089996
55	-1358.0824	781.49994	-292.92715	-3060.9214	-1073.3524	468.36765	-189.10703	-1912.2114	220.0	220.0	181499	1466.3842	613.01373	2727.2722	-2053.0022	-1486.6183	927.2705	1028.194212436676
56	-2307.0112	1807.6791	-580.10565	-7851.724	-1227.7932	871.65906	-311.72495	-3569.7322	220.0	220.0	184799	1487.6937	598.0088	2764.5461	-2022.7083	-1508.99	915.5229	1047.166631937027
57	-978.7068	489.79834	-235.28912	-1947.4836	-1293.3372	771.6188	-324.064	-3253.4033	220.0	220.0	188099	1512.7882	589.8956	2843.9167	-1930.7743	-1533.4459	926.65894	1066.069750547409
58	-1471.4773	828.7834	-238.32378	-3679.2217	-1277.4375	709.0217	-266.37717	-2601.82	220.0	220.0	191399	1533.1394	576.6294	2876.6267	-1931.7721	-1553.9697	925.989	1085.044843673706
59	-1200.2515	1054.6439	-289.28195	-4042.2522	-1797.0225	1205.7753	-551.5068	-5098.968	220.0	220.0	194699	1552.8329	561.47363	2890.906	-1657.3287	-1573.5903	920.7772	1104.0374157428741
60	-2204.646	1516.297	-418.43423	-5259.5103	-1262.8207	830.90186	-398.80643	-3435.2205	220.0	220.0	197999	1574.596	545.4194	2870.3105	-1608.1168	-1595.557	931.2185	1123.0770835876465
61	-1786.8197	831.629	-262.48404	-3291.0325	-1086.3573	744.2309	-235.60039	-2650.982	220.0	220.0	201299	1600.7811	530.71875	2806.5261	-1598.4786	-1621.6578	925.4894	1142.7488701343536
62	-2107.3015	1725.5585	-361.58438	-6591.5444	-1760.0647	1538.9454	-281.50726	-5869.953	220.0	220.0	204599	1615.3513	523.04706	2735.6272	-1505.681	-1635.2872	897.119	1161.6520166397095
63	-2117.3591	2143.289	-515.73	-8472.03	-1618.0739	1428.64	-437.5709	-5160.328	220.0	220.0	207899	1621.856	525.27423	2713.102	-1338.8986	-1641.9434	886.2247	1180.5386576652527
64	-1980.4698	1238.2091	-277.09445	-6010.688	-1167.7961	687.639	-359.43454	-2308.8728	220.0	220.0	211199	1627.5573	528.6114	2677.8699	-1394.2802	-1647.0406	893.256	1199.577400445938
65	-1520.9355	871.80035	-380.77524	-3083.1448	-1127.152	768.0217	-189.35217	-2513.3547	220.0	220.0	214499	1635.7814	532.80115	2661.0378	-1463.6158	-1655.9543	890.0241	1218.6051938533783
66	-1143.0483	798.6371	-186.50467	-3365.0183	-1500.4304	487.56628	-520.3602	-2184.4036	220.0	220.0	217799	1650.1912	537.666	2696.4402	-1528.901	-1670.3204	900.0244	1237.580377817154
67	-2005.8754	1816.003	-430.08267	-7635.5283	-1626.7229	1339.1593	-230.82811	-5053.5215	220.0	220.0	221099	1654.5961	544.73944	2730.0474	-1608.1418	-1673.9288	905.20917	1256.670644044876
68	-1259.2208	842.81805	-431.2134	-2824.153	-1450.28	1023.29706	-637.8094	-4354.869	220.0	220.0	224399	1653.2806	552.9395	2770.8215	-1481.4382	-1672.6055	892.46484	1275.805094242096
69	-1509.4653	1210.5729	-243.59877	-4234.1157	-1839.1449	1099.4039	-440.9929	-3732.204	220.0	220.0	227699	1660.1053	554.1708	2828.232	-1357.6786	-1679.3418	892.29425	1294.529950618744
70	-2315.8586	2766.3564	-256.2327	-10840.724	-2333.966	2720.6648	-203.81244	-9453.619	220.0	220.0	230999	1665.1387	554.3863	2821.8135	-1297.2507	-1684.7573	872.51685	1313.5397100448608
71	-1694.6538	891.4026	-439.24173	-3667.1958	-1289.2377	805.869	-566.1994	-3327.206	220.0	220.0	234299	1676.4647	558.1397	2819.1262	-1231.8134	-1696.4867	876.393	1332.4808316230774
72	-1638.2279	1096.6144	-192.9293	-4114.033	-1422.2471	1523.0691	-102.398674	-5746.5923	220.0	220.0	237599	1690.1378	564.70135	2844.8489	-1218.088	-1710.377	877.2273	1351.3407804965973
73	-1462.3265	870.3154	-233.0464	-3639.7654	-1219.6985	575.68304	-63.0005	-1938.8114	220.0	220.0	240899	1711.6885	568.4216	2835.32	-1306.5139	-1732.1503	865.8335	1370.183889389038
74	-1458.0356	902.0839	-286.67526	-3266.1667	-1577.2834	1138.12	-150.54453	-3955.2776	220.0	220.0	244199	1736.8473	569.6965	2880.724	-1118.5214	-1757.066	879.4094	1389.1512098312378
75	-1468.0027	1409.3054	-449.93668	-6319.6807	-1363.9896	1069.3013	-276.50955	-3573.1187	220.0	220.0	247499	1751.0118	568.6297	2859.928	-1335.5801	-1770.5934	873.5885	1407.938053369522
76	-1590.344	1380.7618	-426.27643	-5225.613	-872.91	447.75244	-293.8081	-1815.3358	220.0	220.0	250799	1757.703	564.2093	2797.9744	-1274.9973	-1777.1439	893.8793	1426.869640827179
77	-1416.2522	732.95795	-341.88586	-2807.2148	-1840.5481	737.1387	-758.59546	-2913.4834	220.0	220.0	254099	1762.1254	562.9481	2781.2366	-1315.7389	-1781.8252	874.03577	1446.211165189743
78	-1610.776	1091.2589	-104.95983	-4774.483	-1536.7024	908.54535	-465.3347	-3028.683	220.0	220.0	257399	1774.0736	560.88055	2813.361	-1261.9685	-1793.5806	864.1945	1465.5201799869537
79	-1203.6521	748.86	-284.5497	-3005.7393	-1662.9694	1153.604	-554.6926	-4271.566	220.0	220.0	260699	1778.2476	560.07904	2711.9988	-1344.5024	-1797.3158	882.53485	1484.372873544693
80	-2028.7113	1337.7593	-679.27765	-5211.4604	-949.4042	612.12897	-331.00864	-2110.2432	220.0	220.0	263999	1776.2521	557.9151	2712.3643	-1275.3171	-1794.9805	849.2885	1503.45614528656
81	-977.51154	500.53046	-152.60182	-2129.4763	-2567.281	4070.6262	-114.15612	-14540.436	220.0	220.0	267299	1767.1354	556.35016	2757.7397	-1229.7769	-1785.8463	852.2638	1522.5555655956268
82	-1777.1472	1215.0404	-870.19037	-6141.0723	-1283.6997	788.00275	-306.57782	-3094.3228	220.0	220.0	270599	1764.9978	556.57043	2797.306	-1166.8335	-1783.7651	821.6246	1541.5280067920685
83	-2784.1506	5693.2334	-534.2048	-23922.674	-2474.161	2017.1014	-237.09196	-7155.703	220.0	220.0	273899	1766.6093	557.2447	2842.432	-1153.6875	-1785.469	831.53455	1560.961418390274
84	-2449.673	2139.9084	-445.94528	-8486.149	-972.0407	550.8677	-436.7093	-2065.637	220.0	220.0	277199	1761.4968	560.8056	2873.9907	-1164.7288	-1779.9128	839.21075	1580.055419921875
85	-1514.1149	957.65173	-292.90143	-3548.963	-1390.1613	878.7076	-506.633	-3042.3005	220.0	220.0	280499	1757.7993	562.9947	2867.0354	-1056.9766	-1776.5974	862.46954	1599.1225428581238
86	-1419.0326	845.4091	-310.1325	-3334.6458	-1361.7638	980.7261	-348.87012	-3483.5298	220.0	220.0	283799	1759.6779	555.70184	2913.8623	-1014.8515	-1778.5441	849.4178	1618.2508697509766
87	-1939.296	1137.9219	-1021.9332	-5386.4097	-1765.6643	875.98535	-604.4243	-3052.8867	220.0	220.0	287099	1769.5037	546.902	2945.8242	-962.7509	-1788.3391	827.6856	1637.2204475402832
88	-1623.0636	906.08936	-377.9691	-2994.1807	-1513.1926	879.84564	-238.48584	-3181.3943	220.0	220.0	290399	1768.9908	543.10785	2973.4016	-1070.5978	-1787.297	832.7097	1656.5284752845764
89	-1381.7347	736.7307	-315.16962	-2783.4043	-1708.974	1673.573	-631.5264	-6157.4	220.0	220.0	293699	1758.5365	538.40424	2986.619	-1092.117	-1776.149	790.4262	1675.5128998756409
90	-1555.2576	587.10223	-504.18277	-2252.2004	-1805.1754	875.9224	-493.11728	-3169.4792	220.0	220.0	296999	1745.1404	532.83545	2973.1594	-1082.4866	-1762.9342	803.305	1694.821908712387
91	-1304.4901	503.14957	-559.73865	-2591.5312	-1350.2588	861.6939	-163.5887	-2863.2632	220.0	220.0	300299	1737.2004	524.2362	2935.7822	-1056.5764	-1755.372	815.5835	1713.8495590686798
92	-1630.0391	1120.727	-635.67346	-4379.1562	-1668.2537	1021.8274	-570.4694	-4278.371	220.0	220.0	303599	1738.6385	519.28925	2902.7456	-1059.8785	-1756.8209	847.2013	1732.8804483413696
93	-1647.2642	632.97473	-703.6264	-2957.1077	-1682.1116	1218.5865	-225.96985	-4956.9233	220.0	220.0	306899	1743.9663	510.0661	2854.6035	-1040.0939	-1762.9025	854.99567	1752.0384759902954
94	-1662.2777	820.32587	-699.60046	-3520.8284	-3467.629	2455.5579	-733.757	-9664.499	220.0	220.0	310199	1759.1812	502.97543	2869.394	-1010.9972	-1778.3864	878.004	1771.8712768554688
95	-1592.8229	596.7629	-368.02655	-2852.0374	-2221.7449	2015.6666	-593.50085	-6355.745	220.0	220.0	313499	1778.3108	504.84375	2936.4258	-851.09796	-1797.6946	893.04016	1791.0724868774414
96	-1416.2201	1177.7852	-152.53792	-4803.9473	-1213.1272	1071.8994	-385.835	-3921.8894	220.0	220.0	316799	1793.289	506.91605	2956.3145	-817.1578	-1812.3068	892.73303	1810.1974351406097
97	-1420.733	873.6916	-372.55133	-3308.243	-2190.1565	1828.9255	-1001.93976	-7447.348	220.0	220.0	320099	1804.7205	509.48187	2983.13	-739.90594	-1823.4418	881.69727	1829.6204776763916
98	-1331.2075	454.20297	-654.1021	-2393.2922	-2851.6768	1875.8229	-458.5426	-6471.511	220.0	220.0	323399	1810.8577	511.77982	2979.391	-835.63336	-1829.1664	856.52045	1848.975009918213
99	-1506.8589	1358.1287	-264.55237	-5839.812	-1525.5458	1101.635	-393.34775	-4374.85	220.0	220.0	326699	1809.3225	511.9495	2963.2307	-833.4158	-1827.4094	847.4773	1868.826942205429
100	-1674.06	967.63104	-365.10724	-3678.4092	-1931.968	2029.6632	-548.99316	-7860.756	220.0	220.0	329999	1806.5615	508.1678	2916.2832	-728.1529	-1824.2198	839.1372	1888.1391580104828
