Epoch	AverageEpRet	StdEpRet	MaxEpRet	MinEpRet	AverageTestEpRet	StdTestEpRet	MaxTestEpRet	MinTestEpRet	EpLen	TestEpLen	TotalEnvInteracts	AverageQ1Vals	StdQ1Vals	MaxQ1Vals	MinQ1Vals	AverageQ2Vals	StdQ2Vals	MaxQ2Vals	MinQ2Vals	AverageLogPi	StdLogPi	MaxLogPi	MinLogPi	LossPi	LossQ	Time
1	-208.30902	3.663428	-199.06563	-212.22385	-206.12654	6.2531247	-194.91325	-215.17906	110.0	110.0	1649	-4.091866	1.4259499	0.37062478	-6.9545174	-4.091585	1.426863	0.37368968	-6.9558606	-1.3019396	0.32872266	0.14313555	-6.8079376	3.8486621	0.07168314	6.681922674179077
2	-205.50342	5.603722	-193.18831	-212.96465	-204.03319	6.8072004	-191.62775	-212.44717	110.0	110.0	3299	-12.678493	3.6477842	-5.39294	-21.063759	-12.67847	3.6477447	-5.465812	-20.900545	-1.3201458	0.32795334	0.828248	-6.2174215	12.440121	0.03485705	19.257340669631958
3	-206.63075	5.2412505	-191.25827	-211.60042	-203.72086	9.739124	-184.75555	-215.71555	110.0	110.0	4949	-25.089973	3.6432922	-15.795941	-33.773243	-25.089958	3.643117	-15.821225	-33.886215	-1.2768333	0.43175384	1.1203976	-7.148716	24.863832	0.062197734	31.965484857559204
4	-204.80852	4.92206	-196.47183	-211.76431	-203.52446	7.7022085	-193.72003	-215.66379	110.0	110.0	6599	-37.164253	3.6072593	-27.665827	-47.56263	-37.1642	3.6067803	-27.682217	-47.31419	-1.249708	0.48787102	1.6669223	-7.23522	36.945457	0.085083865	44.198251724243164
5	-206.29233	5.0218577	-196.67099	-215.9016	-197.00018	11.059343	-174.52632	-211.56752	110.0	110.0	8249	-48.889137	3.5501797	-39.112797	-59.929634	-48.889072	3.5497658	-39.26453	-59.73818	-1.2335414	0.5191352	1.998671	-7.0365663	48.676186	0.10220283	57.037190675735474
6	-208.71683	4.320601	-196.37148	-212.84796	-203.10289	6.8956084	-187.33041	-214.02905	110.0	110.0	9899	-60.253323	3.558352	-50.693882	-70.690125	-60.253387	3.5577605	-50.670822	-70.90954	-1.2213274	0.5387687	2.1040094	-5.7969065	60.0448	0.12210738	69.32349443435669
7	-201.93266	9.199713	-183.35617	-210.96597	-201.01926	4.2348723	-191.09436	-207.38	110.0	110.0	11549	-71.12366	3.5212202	-61.132057	-81.53672	-71.12369	3.521432	-61.11839	-81.51642	-1.2047251	0.56146103	2.4014304	-8.105717	70.920525	0.14036812	82.25679564476013
8	-203.5085	6.979951	-187.93907	-214.32373	-201.433	5.7499056	-187.15065	-207.73877	110.0	110.0	13199	-81.6095	3.5886312	-71.10478	-92.389015	-81.60947	3.5889	-71.12851	-92.31886	-1.192048	0.5813007	2.204071	-8.027809	81.41592	0.15832517	95.07987761497498
9	-201.52524	7.5472836	-179.40692	-210.84578	-198.47548	11.7720375	-173.19662	-209.19177	110.0	110.0	14849	-91.58425	3.5872502	-80.96573	-103.015724	-91.58429	3.587439	-80.82061	-102.81024	-1.1742176	0.6056772	2.9435053	-6.7978916	91.39793	0.17874093	108.3767499923706
10	-199.50752	4.2401	-192.93623	-205.24777	-195.55968	14.264013	-167.55026	-209.2259	110.0	110.0	16499	-101.07427	3.6230628	-90.248215	-113.41367	-101.07415	3.6234093	-89.86919	-112.8865	-1.1562937	0.6275509	2.3632412	-7.472806	100.89409	0.1934787	120.86499547958374
11	-199.56953	7.127132	-184.45418	-212.88213	-194.0641	16.753157	-157.73065	-208.59233	110.0	110.0	18149	-110.245125	3.667327	-99.37026	-122.6694	-110.245094	3.6680338	-99.3664	-122.5842	-1.1458892	0.6509593	2.5225916	-6.7620893	110.071594	0.20686918	134.15076971054077
12	-201.71965	5.9524474	-186.80977	-210.7455	-195.69273	11.641293	-166.36336	-205.25754	110.0	110.0	19799	-119.06199	3.7004092	-107.916534	-131.55907	-119.06203	3.7009304	-107.766685	-131.54358	-1.1259515	0.6725455	2.3394692	-6.585177	118.89074	0.22371958	146.84906935691833
13	-200.42343	6.8926873	-183.99942	-209.20686	-189.15051	13.784416	-159.97726	-213.34377	110.0	110.0	21449	-127.579414	3.7358682	-116.38282	-140.81168	-127.57945	3.7365882	-116.41861	-140.67758	-1.1195152	0.6861364	3.4668405	-8.198343	127.41403	0.24101515	160.05515837669373
14	-196.15034	8.501892	-181.39507	-209.6724	-197.23701	9.807978	-178.01886	-208.56708	110.0	110.0	23099	-135.65355	3.7741206	-124.626114	-149.24138	-135.65355	3.7750742	-124.454124	-149.10712	-1.11435	0.6907229	3.3540058	-6.3266497	135.49522	0.24616447	172.3416428565979
15	-199.78912	6.103786	-189.27022	-208.20612	-190.12405	11.158708	-176.0563	-211.30405	110.0	110.0	24749	-143.43965	3.8303468	-132.47664	-157.55211	-143.43965	3.830591	-132.81487	-157.52968	-1.0955795	0.707564	3.4631357	-7.5717793	143.28548	0.26763907	185.4391553401947
16	-199.76495	4.931598	-189.33517	-206.39824	-190.38174	12.16017	-165.3473	-209.32507	110.0	110.0	26399	-150.94008	3.8714008	-139.88803	-165.4	-150.94012	3.8720815	-139.95293	-165.23077	-1.0821384	0.72713107	3.0133424	-7.2863555	150.78815	0.27722287	198.62294459342957
17	-198.0689	8.183219	-180.44125	-208.9075	-196.67511	6.471879	-186.9687	-207.88539	110.0	110.0	28049	-158.23332	3.9376123	-147.21063	-172.9332	-158.23312	3.9383163	-146.87926	-172.71233	-1.0693088	0.74901026	3.0841086	-7.184003	158.08452	0.29555187	211.93500089645386
18	-198.71516	10.769527	-175.58995	-212.34239	-193.12962	14.179086	-157.88933	-208.14627	110.0	110.0	29699	-165.2371	3.9644578	-154.08777	-180.07596	-165.23721	3.9639196	-153.93216	-180.20856	-1.0590352	0.7547888	3.4990005	-7.497942	165.08862	0.30764616	225.17719435691833
19	-195.14435	9.384445	-170.54272	-207.30014	-190.14474	14.90828	-148.63547	-202.942	110.0	110.0	31349	-171.90855	4.0135875	-160.79854	-186.299	-171.90854	4.0141654	-160.85277	-186.35573	-1.0474849	0.7659459	3.1050034	-8.284431	171.76132	0.32111084	238.35253477096558
20	-192.74051	10.111289	-174.01434	-206.4309	-183.65689	23.088634	-145.5948	-209.04332	110.0	110.0	32999	-178.28922	4.073033	-166.47087	-193.58258	-178.28923	4.0727167	-166.8879	-193.38614	-1.0321914	0.78228617	3.5997932	-7.14233	178.14462	0.3429562	251.78715014457703
21	-189.5201	9.325011	-172.75745	-203.76541	-186.92477	24.41864	-123.71967	-205.11044	110.0	110.0	34649	-184.30473	4.1559033	-172.6622	-200.2215	-184.30464	4.1559677	-172.8479	-200.01083	-1.0056597	0.81656635	3.2227702	-9.652942	184.15898	0.35158458	263.96750473976135
22	-194.99687	8.859112	-179.77188	-207.17154	-187.61166	23.834747	-131.02066	-209.61049	110.0	110.0	36299	-190.05742	4.229269	-177.37221	-206.5934	-190.0575	4.2283616	-177.70499	-206.64328	-0.9864643	0.83052427	4.1924334	-6.450866	189.91441	0.3720351	276.2180173397064
23	-186.7921	11.729624	-168.8095	-206.96927	-178.97275	25.422329	-107.68222	-203.42659	110.0	110.0	37949	-195.51028	4.2990894	-183.09985	-212.71582	-195.51031	4.297929	-183.05116	-212.1715	-0.96465963	0.8541125	4.071399	-7.9575615	195.36488	0.3942117	288.43191027641296
24	-189.56818	9.727412	-172.15128	-208.83345	-167.84052	19.391512	-131.77145	-192.34781	110.0	110.0	39599	-200.68571	4.390737	-188.13466	-217.72754	-200.68573	4.389824	-188.06305	-217.3868	-0.93082565	0.88188267	4.333098	-8.015915	200.53674	0.41731888	300.59411787986755
25	-190.2629	13.086205	-167.86475	-208.8112	-177.94316	20.392593	-137.75598	-211.82315	110.0	110.0	41249	-205.61295	4.576447	-191.87128	-222.39413	-205.6128	4.5756917	-191.94394	-223.03009	-0.8913109	0.91869533	4.132576	-7.8396893	205.46077	0.43928024	313.82391691207886
26	-186.24028	10.473431	-165.53127	-201.48398	-187.05856	15.716302	-157.55235	-211.37148	110.0	110.0	42899	-210.2762	4.670635	-195.67867	-227.86946	-210.27634	4.6697445	-195.83807	-228.52591	-0.86777776	0.9428923	4.3464313	-8.563263	210.12383	0.47470757	326.2845380306244
27	-190.42874	11.0882225	-170.34187	-210.97481	-181.64536	9.242037	-171.43521	-202.91103	110.0	110.0	44549	-214.66599	4.853275	-199.81146	-232.44867	-214.66614	4.8519974	-199.7477	-232.80685	-0.83822083	0.95688385	3.9206474	-8.779131	214.51073	0.49843135	338.4547700881958
28	-186.72694	12.129532	-161.13321	-208.24306	-177.73874	16.194515	-148.20087	-210.8025	110.0	110.0	46199	-218.83656	5.0389223	-202.659	-236.28697	-218.8364	5.038286	-202.90274	-236.86462	-0.8046386	0.98749226	3.8982823	-9.711276	218.67957	0.5066412	350.620836019516
29	-184.1719	10.209862	-166.8199	-201.00633	-180.43625	25.272526	-132.50505	-205.46613	110.0	110.0	47849	-222.89052	5.1923985	-206.29288	-240.2132	-222.89062	5.192853	-206.5689	-240.3751	-0.7786025	1.0054278	4.805949	-8.362413	222.7295	0.5550006	362.7990734577179
30	-178.07216	11.928326	-163.95921	-200.27946	-173.37752	17.915838	-143.58432	-196.78903	110.0	110.0	49499	-226.62347	5.3612757	-209.77063	-244.134	-226.62329	5.3616233	-209.92325	-244.53119	-0.7607511	1.0157005	4.3043423	-9.515036	226.4608	0.5675957	375.90529012680054
31	-182.04388	12.1735	-162.58907	-203.04903	-170.07896	15.946258	-139.90622	-199.29924	110.0	110.0	51149	-230.04117	5.531836	-212.26028	-248.55428	-230.04138	5.5321074	-212.71321	-248.62096	-0.7271674	1.0330794	5.137484	-8.099367	229.87906	0.5888331	388.19882440567017
32	-178.66722	11.3182335	-159.89816	-202.69633	-174.51723	23.553331	-119.968666	-201.47636	110.0	110.0	52799	-233.38116	5.7847524	-215.49516	-253.32378	-233.38113	5.7856984	-215.61157	-253.44476	-0.70299906	1.0549694	5.2651615	-7.7302475	233.2166	0.61718315	400.9478507041931
33	-177.1879	10.117472	-160.2432	-197.22208	-169.53598	29.349346	-105.77273	-204.3464	110.0	110.0	54449	-236.48352	5.970725	-218.2196	-257.51123	-236.48341	5.971925	-218.11534	-257.05606	-0.692079	1.0643588	5.2742295	-8.939638	236.31357	0.6237912	414.19441390037537
34	-175.28056	11.04826	-161.63293	-197.04662	-166.75824	18.710155	-136.3665	-206.33496	110.0	110.0	56099	-239.38788	6.1504827	-220.53397	-261.22003	-239.38783	6.151582	-220.59233	-260.79196	-0.6619553	1.0842675	5.0513954	-8.306889	239.22157	0.63917124	427.4003710746765
35	-173.13702	12.818497	-150.0918	-198.66681	-153.983	39.343613	-93.131836	-195.40663	110.0	110.0	57749	-242.15779	6.3799696	-223.05777	-264.69214	-242.15791	6.3805876	-222.94283	-264.5512	-0.6446365	1.1002586	5.7340407	-10.1987705	241.98628	0.6598328	439.81350898742676
36	-179.13551	16.059647	-140.7048	-211.5146	-163.39687	23.132095	-112.22571	-193.6586	110.0	110.0	59399	-244.80739	6.595312	-225.47493	-268.09378	-244.8073	6.596329	-225.57208	-269.01718	-0.6267553	1.1051027	5.1825027	-7.6493235	244.6361	0.6726533	452.85714888572693
37	-176.70845	10.955737	-160.86665	-201.76486	-166.1423	21.544287	-132.89194	-196.1227	110.0	110.0	61049	-247.2295	6.867762	-227.21	-270.92972	-247.22935	6.868643	-227.24184	-271.61688	-0.6109057	1.1123525	5.0804524	-8.122917	247.06082	0.6914693	465.0574791431427
38	-172.01353	11.182694	-152.3348	-190.25867	-170.31271	20.30946	-129.89131	-192.17796	110.0	110.0	62699	-249.4746	7.1050696	-229.7453	-274.2166	-249.47484	7.10589	-229.68759	-274.61176	-0.59190756	1.118034	5.2735825	-10.364761	249.3024	0.69626456	477.3271622657776
39	-169.38843	10.984816	-148.89815	-184.32216	-184.6246	17.156895	-154.90387	-215.18439	110.0	110.0	64349	-251.60927	7.3332357	-230.82977	-277.43127	-251.6094	7.334178	-230.75354	-277.4143	-0.5613546	1.1359417	5.4728603	-9.59589	251.42845	0.7159201	490.72526359558105
40	-164.62007	12.193899	-143.88089	-183.29541	-165.06131	30.414995	-115.7329	-202.18475	110.0	110.0	65999	-253.47566	7.584763	-232.48721	-280.4735	-253.4755	7.5857177	-232.38911	-280.71695	-0.5386268	1.1468607	6.1934023	-12.570105	253.2972	0.7524246	503.10318088531494
41	-172.8203	13.179637	-145.6498	-189.32613	-167.15262	19.52125	-123.497894	-196.4604	110.0	110.0	67649	-255.17542	7.826565	-234.19145	-283.19614	-255.1753	7.826433	-233.73592	-283.58218	-0.50681025	1.1563507	5.4868155	-8.89427	254.99113	0.75681466	515.4795565605164
42	-169.52156	11.495676	-156.51083	-197.1912	-171.75511	25.570686	-104.85185	-196.3886	110.0	110.0	69299	-256.65616	8.044997	-235.12451	-285.90433	-256.65637	8.045436	-235.15178	-285.65155	-0.49686345	1.1603366	5.1304913	-10.39373	256.47305	0.78482175	528.787868976593
43	-167.15059	17.915527	-138.92967	-203.2296	-168.3081	15.300935	-151.15799	-199.69171	110.0	110.0	70949	-258.22675	8.2820215	-236.72144	-288.34933	-258.22653	8.282755	-236.52264	-288.91125	-0.48336175	1.169252	5.044327	-8.196545	258.04147	0.78501296	542.0575890541077
44	-165.32846	15.911029	-139.55981	-195.68283	-160.07768	20.99313	-130.0006	-193.11662	110.0	110.0	72599	-259.5432	8.504696	-237.16641	-291.5905	-259.54318	8.505794	-237.26271	-291.06247	-0.4716405	1.1724615	5.262319	-7.772216	259.3581	0.8223119	555.3934590816498
45	-162.6555	12.015594	-133.64098	-179.64133	-171.183	20.088945	-119.8731	-191.28741	110.0	110.0	74249	-260.84247	8.713182	-238.66586	-294.29443	-260.84262	8.714108	-238.54483	-293.5311	-0.44942108	1.188719	5.568939	-8.94624	260.65262	0.8473642	568.6998975276947
46	-164.49014	12.384959	-140.8329	-185.779	-163.8452	33.532528	-93.543655	-199.83626	110.0	110.0	75899	-261.8907	8.981218	-239.68951	-295.57645	-261.89075	8.982562	-239.37279	-295.76553	-0.4421747	1.1862631	5.201607	-9.92846	261.70557	0.85243505	581.2524945735931
47	-167.49663	10.504906	-153.05692	-189.84349	-143.63899	29.110191	-83.40753	-184.24011	110.0	110.0	77549	-263.00174	9.182568	-239.95921	-297.66046	-263.00162	9.18379	-240.28142	-298.35144	-0.43818405	1.192048	5.585838	-10.10994	262.81512	0.8552142	594.6064474582672
48	-160.83736	13.69372	-132.42975	-191.01128	-144.55103	19.897722	-98.180145	-170.07277	110.0	110.0	79199	-264.04187	9.474596	-241.14462	-299.73022	-264.04187	9.475877	-240.80634	-299.68936	-0.4310854	1.1869856	5.2876735	-9.528265	263.85846	0.8920491	607.2782647609711
49	-156.6616	14.79131	-128.32951	-187.15771	-142.34888	37.39332	-75.81988	-189.70096	110.0	110.0	80849	-264.97995	9.694076	-241.56114	-301.3252	-264.97977	9.694963	-241.42856	-301.40088	-0.4095339	1.1991873	5.669825	-9.7175255	264.7953	0.9038778	620.1205868721008
50	-161.31078	12.686651	-143.97911	-189.29726	-151.67732	24.606066	-109.57744	-188.04582	110.0	110.0	82499	-265.6514	9.894181	-242.52905	-303.3821	-265.6515	9.895267	-241.98332	-303.7077	-0.3982447	1.1996335	5.560186	-9.544715	265.46323	0.89974505	632.5691945552826
51	-162.0379	12.56101	-146.41359	-187.82082	-144.8672	24.505716	-94.84745	-167.25179	110.0	110.0	84149	-266.2646	10.107345	-243.09676	-304.21014	-266.2645	10.107833	-242.82028	-305.0685	-0.38571018	1.2188364	5.8619003	-8.460094	266.07635	0.91945946	645.6393332481384
52	-159.16934	17.679096	-128.10605	-190.60616	-142.93723	16.887794	-116.89197	-168.2296	110.0	110.0	85799	-266.9319	10.396424	-243.53291	-306.2135	-266.932	10.396179	-243.37213	-305.6889	-0.37135988	1.2192142	5.4049363	-8.439659	266.7398	0.9414365	659.0822682380676
53	-159.7399	16.142263	-131.6801	-184.8837	-162.89134	18.890133	-125.7154	-195.17812	110.0	110.0	87449	-267.4276	10.66769	-244.09772	-306.6986	-267.4275	10.668813	-243.74316	-307.0993	-0.3586019	1.2270318	5.8127146	-9.23671	267.23975	0.9537747	672.1909747123718
54	-154.19142	10.90112	-133.8985	-174.07556	-148.42012	15.582163	-127.84357	-180.18805	110.0	110.0	89099	-267.78268	10.86517	-244.31265	-307.7819	-267.7829	10.864867	-244.29922	-308.24875	-0.36067802	1.2199894	5.9853354	-10.237705	267.5968	0.9430757	684.6607055664062
55	-157.12276	16.574478	-127.82414	-185.34836	-140.37112	38.114826	-81.50465	-202.63873	110.0	110.0	90749	-268.16122	11.126386	-244.302	-308.62497	-268.16098	11.127261	-244.75734	-308.62506	-0.3575853	1.2251848	5.822102	-9.824234	267.9722	0.97315764	698.183910369873
56	-157.24783	15.092991	-128.62572	-179.80269	-143.50618	27.240894	-98.0645	-176.69122	110.0	110.0	92399	-268.56384	11.341896	-244.86823	-309.48346	-268.56403	11.343259	-244.91113	-309.05444	-0.34511542	1.2340173	5.2893724	-8.8307295	268.3752	0.98042256	711.6437532901764
57	-161.92406	14.675491	-124.91643	-178.55884	-144.12564	26.619453	-105.42488	-185.8587	110.0	110.0	94049	-268.82144	11.520874	-244.31606	-309.6704	-268.82144	11.52171	-244.27187	-309.54462	-0.33902442	1.2325652	5.589487	-9.350836	268.63132	0.97316885	724.1131179332733
58	-160.30885	16.281176	-127.10322	-185.73613	-134.89671	28.91538	-83.299446	-186.71405	110.0	110.0	95699	-269.05347	11.7823	-243.6887	-310.3274	-269.0534	11.783629	-244.19214	-311.14062	-0.33364236	1.2315004	5.674145	-9.836942	268.86404	1.0002667	737.2955067157745
59	-164.62535	12.918306	-137.69264	-192.5487	-160.34741	21.805986	-114.06957	-191.94275	110.0	110.0	97349	-269.28726	11.984868	-243.72026	-311.79776	-269.28714	11.98571	-244.05922	-312.18442	-0.32603446	1.2339798	5.5233626	-9.155869	269.09567	1.0066017	750.3130073547363
60	-156.94164	15.358875	-122.96627	-191.50826	-122.289505	37.8875	-66.92725	-177.63678	110.0	110.0	98999	-269.52963	12.226545	-243.43027	-311.92575	-269.52966	12.228519	-243.22505	-313.40353	-0.32255074	1.2347063	6.010792	-9.6629925	269.34103	1.0223305	763.8222558498383
61	-153.2223	15.748398	-128.13701	-186.59114	-159.84111	20.639486	-129.12167	-198.70848	110.0	110.0	100649	-269.68906	12.403706	-242.8846	-313.10217	-269.68915	12.404543	-243.00037	-313.84796	-0.32741976	1.2325598	5.954013	-9.253688	269.5055	1.0274963	777.3224351406097
62	-152.88565	14.2083845	-128.04443	-176.4714	-148.34193	18.644596	-120.617905	-183.60332	110.0	110.0	102299	-269.721	12.540177	-242.96718	-314.34772	-269.7209	12.540394	-243.0796	-314.43768	-0.30969104	1.2430956	6.2283316	-9.183012	269.53214	1.0242895	789.7598187923431
63	-163.1535	18.71892	-121.95777	-194.62833	-150.56787	24.84044	-113.08071	-191.41234	110.0	110.0	103949	-269.8921	12.800643	-242.76704	-315.3629	-269.8922	12.800253	-242.71039	-315.13754	-0.3005862	1.2493019	6.3430386	-9.976325	269.70093	1.0426168	802.2576050758362
64	-162.52765	14.727194	-131.03491	-181.3019	-156.98457	20.422075	-109.25074	-178.608	110.0	110.0	105599	-269.93497	12.998108	-242.056	-316.24554	-269.9348	12.9985695	-242.42784	-316.39307	-0.30447972	1.2403264	7.1188626	-9.587988	269.75458	1.0593089	815.6280827522278
65	-152.67113	14.590217	-122.76209	-178.11629	-145.71585	19.237844	-101.27181	-172.85242	110.0	110.0	107249	-269.84412	13.121922	-242.12056	-316.609	-269.84427	13.122155	-242.28291	-316.9767	-0.2904738	1.249331	7.2100363	-9.2161255	269.65958	1.0625362	829.1574394702911
66	-155.55974	17.738152	-125.7734	-186.19443	-142.86862	33.164764	-63.532753	-190.97604	110.0	110.0	108899	-269.8195	13.29801	-241.806	-317.7402	-269.81946	13.299937	-241.71544	-317.99002	-0.28708386	1.2476805	6.840641	-9.171157	269.63464	1.0725311	842.6460354328156
67	-153.03102	14.572228	-128.26863	-181.99394	-147.03429	27.965408	-105.77138	-192.8637	110.0	110.0	110549	-269.74017	13.516167	-241.1506	-318.41965	-269.74023	13.5169	-241.17557	-318.4499	-0.27815422	1.2535855	6.3817153	-8.940099	269.55136	1.0644124	855.7512505054474
68	-152.92233	13.022412	-130.6499	-182.0832	-143.74057	25.16771	-86.508606	-166.14444	110.0	110.0	112199	-269.67712	13.738714	-240.64828	-319.941	-269.677	13.738907	-241.07562	-320.02554	-0.2811863	1.2520069	5.924864	-9.808215	269.49203	1.0611982	869.2916541099548
69	-150.53964	10.478074	-128.85304	-170.58691	-134.96802	35.349045	-52.835735	-173.87718	110.0	110.0	113849	-269.54514	13.852179	-240.76727	-319.62308	-269.5452	13.853139	-240.80522	-319.9146	-0.27220207	1.2544433	6.5306034	-8.921358	269.36105	1.0841329	882.8328075408936
70	-149.15395	17.801847	-126.79412	-183.25266	-139.31882	27.99997	-84.091934	-163.11136	110.0	110.0	115499	-269.2611	13.966506	-240.0155	-321.1191	-269.26108	13.968004	-240.20262	-320.97446	-0.26554573	1.2570536	6.683243	-8.609961	269.07913	1.0801369	895.3347928524017
71	-158.49483	11.200468	-131.7513	-180.36201	-138.27748	34.538063	-80.70763	-191.91862	110.0	110.0	117149	-269.0819	14.079652	-240.67883	-321.20264	-269.08188	14.081404	-240.15614	-321.67136	-0.2623564	1.2582128	6.3311777	-9.9794855	268.89795	1.0970306	907.7569742202759
72	-150.8904	12.634383	-133.10129	-175.1632	-137.38673	41.979115	-80.78457	-210.52605	110.0	110.0	118799	-268.90396	14.24911	-239.49185	-322.4802	-268.90396	14.250339	-239.42752	-322.5368	-0.2696386	1.2543688	7.7482147	-11.831754	268.72568	1.0884202	920.3467290401459
73	-150.35689	16.219511	-114.71331	-171.77818	-133.2314	14.475876	-99.53059	-156.74744	110.0	110.0	120449	-268.70715	14.405378	-239.33514	-322.79263	-268.70734	14.407068	-239.16637	-322.79697	-0.25716412	1.2548971	6.3153663	-9.65105	268.52798	1.0963941	932.8234300613403
74	-147.41254	15.680147	-126.06096	-182.7565	-137.14319	19.834646	-107.08951	-166.26537	110.0	110.0	122099	-268.36154	14.4539795	-238.999	-323.86072	-268.3613	14.455706	-239.18633	-323.33826	-0.25424877	1.2555791	7.522802	-10.183937	268.18323	1.1025075	945.4526722431183
75	-151.45233	21.006926	-125.654305	-202.12314	-142.6649	33.435356	-84.422554	-193.14816	110.0	110.0	123749	-268.1249	14.601482	-238.06271	-323.36652	-268.12497	14.603339	-237.56964	-323.48465	-0.24935672	1.252855	6.4841256	-9.257353	267.9509	1.0942554	957.9600918292999
76	-150.06874	13.695721	-132.10364	-184.47133	-128.5391	28.770817	-87.74085	-166.68661	110.0	110.0	125399	-267.82437	14.762816	-237.19919	-323.71487	-267.82425	14.764329	-237.14023	-323.65543	-0.24234216	1.2570767	7.329687	-9.464609	267.64728	1.1016467	971.5328001976013
77	-157.2802	18.471867	-127.10256	-194.84166	-114.58871	19.794193	-89.638916	-149.73892	110.0	110.0	127049	-267.6055	14.876055	-236.60071	-323.59842	-267.6056	14.877488	-236.59903	-323.0266	-0.25252327	1.2594042	7.6607404	-10.101325	267.43253	1.1323196	985.1509478092194
78	-148.13864	20.293308	-109.93096	-181.41942	-133.31668	34.950012	-34.675236	-171.87657	110.0	110.0	128699	-267.31796	15.057052	-235.96132	-323.53772	-267.31778	15.05894	-235.97234	-323.72827	-0.25181633	1.2551794	7.480599	-8.940537	267.1493	1.1018221	998.7835440635681
79	-149.4676	14.981731	-131.78354	-187.50618	-147.23749	21.479118	-106.32523	-188.21127	110.0	110.0	130349	-267.00714	15.189416	-235.77727	-324.45694	-267.00714	15.190437	-235.8246	-324.73587	-0.2537123	1.26025	6.7867002	-9.386255	266.84113	1.1207854	1012.3039209842682
80	-150.83081	15.039328	-123.9816	-181.49391	-121.40951	16.381556	-87.5467	-145.61784	110.0	110.0	131999	-266.79434	15.342004	-235.22075	-324.47424	-266.79443	15.342837	-234.89764	-324.0603	-0.24672148	1.2611221	7.9600754	-9.246667	266.62598	1.1016575	1025.873613357544
81	-146.35693	15.016067	-121.55017	-180.52928	-141.5709	25.641294	-96.76952	-176.78535	110.0	110.0	133649	-266.4019	15.41782	-234.54155	-325.6343	-266.40198	15.418794	-234.68004	-324.75238	-0.2358329	1.2559794	6.397192	-12.097909	266.23724	1.1237445	1039.414580821991
82	-145.26476	14.230049	-116.6267	-177.74634	-140.61954	19.880276	-108.583115	-166.94745	110.0	110.0	135299	-266.1215	15.590962	-234.38278	-325.79895	-266.1214	15.592076	-233.92952	-325.27594	-0.24535154	1.2602429	6.530629	-8.665921	265.956	1.1150383	1052.9574494361877
83	-145.7849	12.886485	-116.13065	-164.6593	-137.09354	24.857868	-96.775986	-186.01546	110.0	110.0	136949	-265.84402	15.686078	-233.69281	-326.5769	-265.84406	15.687446	-233.67323	-325.46497	-0.25292262	1.2569307	7.2001157	-10.262374	265.68713	1.1357353	1066.525230884552
84	-149.73949	16.202585	-119.7844	-179.92276	-141.8367	30.34659	-80.98493	-188.12164	110.0	110.0	138599	-265.44104	15.734732	-233.10147	-326.17697	-265.44092	15.735249	-232.54442	-325.82672	-0.24017973	1.2624844	6.578385	-8.476581	265.27838	1.1395735	1079.0906774997711
85	-158.02159	14.873069	-131.06567	-193.58665	-141.91173	24.320175	-94.99305	-177.19029	110.0	110.0	140249	-265.21335	15.864941	-232.49844	-327.05276	-265.21317	15.86669	-232.3522	-326.78384	-0.24896252	1.2526559	6.741641	-8.648234	265.05527	1.148414	1092.478028535843
86	-145.68832	17.099365	-113.91269	-175.33083	-148.28326	18.74271	-107.12763	-172.59633	110.0	110.0	141899	-264.81982	15.985536	-232.3663	-326.3862	-264.81992	15.986937	-232.03549	-326.6907	-0.24211062	1.257578	6.192709	-8.940439	264.66144	1.1592385	1108.294582605362
87	-143.23615	13.034442	-116.9644	-163.83812	-136.46895	27.833801	-91.2802	-177.51006	110.0	110.0	143549	-264.33353	16.01521	-231.83463	-326.76126	-264.33353	16.016638	-231.81647	-326.7176	-0.23008598	1.2620956	7.37359	-10.636739	264.17136	1.1495962	1122.6675298213959
88	-145.4715	15.2813635	-126.772354	-172.1313	-164.16098	25.02721	-95.93433	-186.62581	110.0	110.0	145199	-264.02185	16.115173	-231.54059	-326.08865	-264.0218	16.115854	-231.29393	-326.02927	-0.23209278	1.2631114	7.5409517	-10.502011	263.86008	1.1615844	1136.1586737632751
89	-148.37766	13.315321	-127.93534	-172.35526	-130.19882	35.852844	-42.537357	-179.88028	110.0	110.0	146849	-263.76193	16.173744	-231.22646	-326.6467	-263.762	16.175798	-231.06955	-326.3526	-0.23205641	1.2579961	6.9281316	-11.999117	263.60196	1.1753296	1149.674633026123
90	-144.94354	13.172642	-129.93802	-176.30392	-133.42702	34.975204	-62.794636	-182.49156	110.0	110.0	148499	-263.43146	16.232664	-230.92769	-327.6285	-263.4315	16.233788	-230.75763	-326.76392	-0.24228927	1.2511431	7.594408	-9.672739	263.27448	1.1546957	1162.4889454841614
91	-152.08778	14.819767	-120.59682	-180.41835	-130.46281	34.579044	-49.385647	-166.79398	110.0	110.0	150149	-263.0773	16.239786	-230.47017	-326.11652	-263.07733	16.24086	-230.40125	-325.98053	-0.23978518	1.2534878	7.2927933	-9.8393135	262.92276	1.1496155	1175.3236372470856
92	-141.64062	9.936982	-127.9159	-160.68468	-124.973595	29.484793	-72.76603	-171.31529	110.0	110.0	151799	-262.7698	16.28523	-230.045	-325.56348	-262.76978	16.286743	-229.65472	-324.68204	-0.24269226	1.2531407	6.6787343	-9.750481	262.62033	1.1684741	1188.8290107250214
93	-142.3025	16.102232	-116.8103	-171.88391	-128.79324	24.940851	-77.39057	-158.80598	110.0	110.0	153449	-262.40173	16.316923	-229.79599	-326.12576	-262.4016	16.318039	-229.30006	-325.9414	-0.24045523	1.2520759	6.5175447	-9.5898695	262.24915	1.142558	1201.2806560993195
94	-144.77614	10.997371	-127.869354	-169.67757	-136.16646	31.745707	-91.768036	-190.41714	110.0	110.0	155099	-262.0498	16.34847	-228.96487	-326.7866	-262.04977	16.348612	-228.8336	-326.29193	-0.24649887	1.2525107	7.0082526	-9.257128	261.90536	1.1614598	1214.0427963733673
95	-149.74986	12.73804	-131.74713	-169.45917	-148.2206	34.109047	-62.819904	-189.0714	110.0	110.0	156749	-261.6326	16.311678	-228.4661	-326.44766	-261.6328	16.312935	-228.0733	-326.1073	-0.2296129	1.2510742	7.4694757	-8.927101	261.4811	1.1597017	1227.5810008049011
96	-145.49893	13.668733	-116.289055	-174.52907	-159.53146	21.852472	-104.83905	-185.20407	110.0	110.0	158399	-261.26892	16.366934	-228.165	-326.32495	-261.26898	16.368305	-228.24464	-326.2938	-0.23112567	1.2550658	6.188871	-11.023045	261.11377	1.1701081	1241.080378293991
97	-154.19337	19.337967	-111.41245	-191.64653	-123.31767	29.349634	-81.15309	-182.75194	110.0	110.0	160049	-260.92877	16.365772	-228.16347	-327.39133	-260.92874	16.367044	-227.93442	-327.4359	-0.22782043	1.2556801	7.0258875	-9.807389	260.78198	1.1870191	1253.6168522834778
98	-147.52393	17.195965	-120.253555	-175.25504	-126.91095	27.99778	-71.4122	-167.68446	110.0	110.0	161699	-260.739	16.417042	-227.4927	-327.75876	-260.739	16.418467	-227.37106	-327.69345	-0.23924538	1.2462152	6.2633076	-10.135573	260.58884	1.1744269	1267.3663079738617
99	-145.17662	19.80423	-117.80042	-184.83661	-125.238014	23.15485	-81.6234	-173.93465	110.0	110.0	163349	-260.28207	16.38286	-227.46347	-327.79974	-260.28195	16.384636	-227.20703	-327.84814	-0.24247661	1.2453512	7.462673	-13.903606	260.1332	1.1710705	1283.4607727527618
100	-143.76674	17.276941	-120.29318	-170.80756	-134.1791	23.46969	-83.00951	-160.41748	110.0	110.0	164999	-259.91812	16.43783	-227.06544	-327.76883	-259.91812	16.439093	-226.89015	-328.2692	-0.23167041	1.2548257	8.168766	-9.936908	259.7784	1.1811599	1297.8189685344696
101	-146.95654	12.509131	-130.90292	-170.13776	-131.43678	25.90497	-91.9629	-170.21407	110.0	110.0	166649	-259.6266	16.552904	-226.97572	-328.4432	-259.6266	16.554264	-226.99588	-328.66452	-0.22920847	1.254207	7.7753696	-11.45864	259.48828	1.1778673	1311.3346664905548
102	-150.83359	17.445768	-114.55605	-176.77037	-122.32367	20.195955	-92.90717	-149.33714	110.0	110.0	168299	-259.15674	16.454613	-226.94287	-329.19064	-259.15704	16.456438	-226.61987	-329.0521	-0.22065233	1.2549496	6.8847065	-9.438716	259.0073	1.1820209	1324.3679785728455
103	-144.68513	15.624261	-117.84761	-177.503	-126.22152	28.787945	-60.88968	-177.10849	110.0	110.0	169949	-258.76514	16.49566	-226.7222	-328.34692	-258.76508	16.496037	-226.63972	-328.11783	-0.2275746	1.2543145	9.2971	-9.679925	258.61948	1.170785	1337.7361056804657
104	-141.60628	12.516471	-110.35738	-161.24316	-131.58473	37.972874	-55.46964	-182.52362	110.0	110.0	171599	-258.493	16.60859	-226.40497	-327.91022	-258.49298	16.609106	-226.25421	-327.2002	-0.24026775	1.2461525	6.94438	-9.157555	258.35117	1.1791818	1351.3747355937958
105	-148.87363	13.656417	-126.50201	-182.12682	-138.11026	23.083681	-93.10176	-165.00081	110.0	110.0	173249	-258.105	16.55645	-226.00507	-326.57938	-258.1051	16.556803	-225.71112	-326.30817	-0.23143591	1.249965	7.017563	-9.065711	257.96704	1.1754575	1364.2712497711182
106	-146.04764	11.361598	-134.40778	-171.96992	-128.48799	35.12207	-71.02592	-176.88914	110.0	110.0	174899	-257.7401	16.56458	-225.55746	-327.32516	-257.74036	16.56519	-225.51372	-327.5702	-0.22665125	1.2483088	7.454527	-11.061653	257.60226	1.174216	1377.8171274662018
107	-141.92145	20.432308	-115.15479	-187.63132	-138.2146	40.9852	-64.192764	-194.44675	110.0	110.0	176549	-257.45255	16.561813	-225.43867	-326.80652	-257.45255	16.562185	-225.25848	-326.66718	-0.23048092	1.253737	6.8911967	-9.129833	257.31067	1.1720572	1390.3135969638824
108	-142.72751	18.141792	-114.129684	-178.18842	-132.07277	32.985283	-83.85181	-188.60338	110.0	110.0	178199	-257.07278	16.594229	-225.10814	-327.4591	-257.07257	16.59538	-224.85777	-327.1033	-0.22307685	1.2534004	7.881264	-10.225672	256.93854	1.1974845	1403.34290933609
109	-145.52682	19.732662	-119.6356	-206.4786	-151.17746	29.040545	-105.5126	-189.64072	110.0	110.0	179849	-256.57153	16.608938	-224.65768	-326.8336	-256.57166	16.608725	-224.44925	-326.2395	-0.23015381	1.2493348	7.145209	-9.006593	256.42966	1.1526954	1416.848599910736
110	-142.65817	15.277179	-113.40971	-166.79811	-138.18521	35.433575	-84.647026	-195.57518	110.0	110.0	181499	-256.28912	16.636984	-224.21014	-327.36264	-256.2895	16.637245	-224.16107	-325.83835	-0.23822199	1.244887	7.7584076	-9.8759365	256.15826	1.1753292	1430.4174299240112
111	-140.30472	16.27528	-113.45585	-169.25374	-136.60538	24.522745	-90.61596	-168.48308	110.0	110.0	183149	-255.98264	16.61951	-223.90092	-326.42355	-255.98262	16.618916	-223.61008	-325.3083	-0.23395805	1.2443341	7.108066	-11.301699	255.8508	1.1571214	1443.9807784557343
112	-148.67227	15.237893	-124.64403	-179.45708	-113.86741	22.718447	-65.2395	-140.3613	110.0	110.0	184799	-255.75282	16.721315	-223.65564	-325.87344	-255.75285	16.7216	-223.20685	-325.41318	-0.23932001	1.246366	7.152388	-9.296969	255.61754	1.1679769	1457.5414907932281
113	-147.46565	17.226675	-124.64194	-184.42065	-116.819984	28.814026	-66.2139	-166.32864	110.0	110.0	186449	-255.3913	16.769634	-222.68489	-326.84454	-255.39117	16.76988	-222.37857	-326.20374	-0.24333063	1.2362382	6.4664474	-9.552014	255.26045	1.1400126	1470.169109582901
114	-141.57436	13.592035	-121.72896	-172.75941	-129.33545	30.486933	-82.3408	-186.43912	110.0	110.0	188099	-255.0992	16.760445	-222.31609	-325.98877	-255.09944	16.76082	-221.93698	-326.00607	-0.23390871	1.244307	8.159534	-8.490878	254.9709	1.1723375	1483.7061185836792
115	-144.70435	11.385	-125.337135	-170.57579	-128.06816	14.437641	-104.76307	-148.3471	110.0	110.0	189749	-254.82262	16.821646	-221.97604	-326.05356	-254.82274	16.82148	-221.94168	-326.58667	-0.23752564	1.2454499	7.8229885	-8.632797	254.68852	1.14507	1496.7143306732178
116	-147.23445	14.352714	-121.16114	-175.69978	-110.010254	29.424894	-54.376526	-145.95667	110.0	110.0	191399	-254.46822	16.830019	-222.11539	-326.31793	-254.46837	16.828693	-221.46965	-326.13458	-0.23508857	1.2503803	7.0535526	-10.25188	254.33714	1.1505842	1509.2335619926453
117	-134.03188	15.693047	-109.83135	-165.18117	-126.562546	36.23022	-58.7079	-190.08609	110.0	110.0	193049	-254.11734	16.821201	-221.8477	-326.65134	-254.11743	16.821098	-221.2059	-325.5632	-0.24408352	1.2348932	6.8922973	-8.930402	253.98412	1.1567905	1522.7600581645966
118	-144.06367	18.295284	-120.801956	-192.38673	-124.1631	33.64319	-67.638626	-176.49245	110.0	110.0	194699	-253.76567	16.886091	-221.20494	-326.89185	-253.76587	16.885153	-221.06442	-327.1057	-0.24061754	1.2359178	7.7023168	-10.870354	253.63287	1.1438029	1535.2840540409088
119	-141.48569	20.528059	-110.13276	-172.38562	-109.984474	24.441784	-58.285397	-150.00305	110.0	110.0	196349	-253.38747	16.922054	-220.22156	-326.67612	-253.38759	16.921429	-220.37163	-326.6782	-0.23147005	1.2420304	6.7045355	-9.316744	253.25443	1.1478868	1548.2216334342957
120	-133.7166	12.591988	-109.03514	-161.38838	-119.43182	19.524633	-84.10354	-145.90344	110.0	110.0	197999	-253.02626	16.945137	-220.21016	-327.776	-253.02618	16.94448	-220.53526	-326.94012	-0.23351522	1.239404	7.256221	-9.65118	252.88896	1.1337949	1561.714110136032
121	-142.59018	18.42275	-117.42663	-174.19919	-111.95486	28.399195	-75.618385	-161.69772	110.0	110.0	199649	-252.69542	16.971401	-219.62103	-326.71753	-252.69568	16.969427	-219.46663	-326.7372	-0.23379067	1.239248	7.872428	-10.4168415	252.56178	1.1333382	1575.182445526123
122	-142.38655	18.014822	-115.9729	-186.6964	-127.39551	19.427092	-96.387314	-159.15636	110.0	110.0	201299	-252.37195	17.103506	-219.2556	-327.4775	-252.37212	17.102013	-219.35658	-328.0546	-0.23932967	1.2374794	7.170646	-9.343365	252.24568	1.1514169	1588.7564015388489
123	-140.98578	13.796518	-113.081985	-161.89432	-132.86809	19.454592	-97.93167	-172.49733	110.0	110.0	202949	-252.02948	17.14579	-218.99763	-327.03235	-252.02968	17.143145	-218.77519	-327.7463	-0.22887973	1.2357388	6.586937	-8.2096405	251.90027	1.139694	1602.3480894565582
124	-145.1706	20.254587	-103.18328	-192.43625	-130.59616	36.813114	-39.932487	-179.98604	110.0	110.0	204599	-251.6164	17.15774	-218.46822	-327.0521	-251.61656	17.155075	-218.50935	-327.47226	-0.22692947	1.2358108	7.433364	-9.521397	251.48299	1.1441182	1614.892972946167
125	-137.48663	15.765864	-120.49779	-163.58868	-119.81	22.818293	-85.0522	-163.00717	110.0	110.0	206249	-251.29462	17.196947	-218.0547	-326.2486	-251.29453	17.195118	-217.86331	-325.7759	-0.23812751	1.2312876	6.9859767	-9.114841	251.1645	1.1274676	1628.4681944847107
126	-137.85622	13.457703	-111.57409	-157.79688	-147.32553	22.960323	-117.33889	-192.99164	110.0	110.0	207899	-250.96191	17.193703	-217.76982	-326.56827	-250.96211	17.192436	-217.93558	-328.07364	-0.23813021	1.2378368	7.096434	-8.957369	250.83026	1.1365521	1641.198814868927
127	-142.91515	9.435906	-133.84427	-160.93195	-128.16093	24.847383	-88.05782	-171.56668	110.0	110.0	209549	-250.59459	17.160172	-217.13745	-326.91516	-250.59474	17.159779	-217.4698	-327.6725	-0.23303054	1.2382032	10.330437	-8.869468	250.45935	1.1342809	1654.6819846630096
128	-143.17415	17.80398	-125.745094	-191.82516	-130.03964	14.6311035	-110.73645	-156.28992	110.0	110.0	211199	-250.24187	17.140959	-217.16443	-326.92105	-250.24199	17.139374	-216.96022	-326.23877	-0.22911099	1.2362322	9.505824	-11.378469	250.10971	1.1341709	1668.2842586040497
129	-134.43086	12.649051	-112.00795	-157.42433	-124.9648	28.444267	-71.17438	-180.8263	110.0	110.0	212849	-249.8236	17.126518	-217.03639	-326.664	-249.82364	17.12501	-216.61264	-329.1728	-0.23579307	1.2312692	9.271208	-9.897812	249.6956	1.123663	1681.8092920780182
130	-146.34616	21.746195	-114.206955	-189.40536	-118.91614	17.725544	-102.25601	-155.08775	110.0	110.0	214499	-249.5952	17.228647	-216.27031	-327.06226	-249.59532	17.228014	-216.08702	-327.18503	-0.22662736	1.2348588	6.391318	-9.84836	249.46446	1.136093	1695.6244146823883
131	-143.35466	13.093851	-117.38638	-170.35649	-142.08418	25.114464	-102.51515	-178.36186	110.0	110.0	216149	-249.2081	17.16855	-216.1179	-327.33038	-249.20819	17.168121	-215.77931	-328.24765	-0.22790135	1.2362359	8.040289	-10.41191	249.07735	1.1430914	1712.550243139267
132	-140.68861	11.5097065	-120.792984	-162.09781	-132.53404	31.855444	-71.12946	-173.3592	110.0	110.0	217799	-248.83731	17.25806	-215.56535	-326.9935	-248.83745	17.255749	-215.431	-328.8462	-0.23692836	1.2309736	7.125896	-8.459574	248.70901	1.1336919	1727.167762041092
133	-133.82423	17.859694	-101.75578	-177.4066	-127.19055	30.98397	-67.918816	-164.00354	110.0	110.0	219449	-248.47627	17.16067	-215.48743	-327.8651	-248.47646	17.159187	-215.33368	-327.9387	-0.22371392	1.2444454	7.5239615	-9.29331	248.34624	1.1294227	1740.2738723754883
134	-144.99908	14.945915	-122.04105	-176.78944	-124.56698	20.350672	-78.90818	-152.97343	110.0	110.0	221099	-248.1209	17.185118	-215.36032	-327.47736	-248.12106	17.183273	-215.2332	-327.94904	-0.2378789	1.2223662	6.821891	-8.937988	247.99461	1.1306951	1752.7754485607147
135	-145.97043	17.192358	-115.985016	-174.96524	-127.7145	24.843935	-90.818436	-166.95918	110.0	110.0	222749	-247.73972	17.22065	-214.89944	-327.58078	-247.73952	17.21891	-214.74039	-329.79272	-0.21373452	1.2376193	6.3303633	-10.103082	247.6072	1.1351467	1765.4765536785126
136	-139.9151	11.804598	-119.31229	-160.55347	-116.85991	25.367584	-85.29015	-157.1089	110.0	110.0	224399	-247.5056	17.255274	-214.34566	-326.39746	-247.5058	17.253803	-214.40002	-325.78546	-0.2217286	1.2382027	7.1040134	-10.164332	247.37431	1.1250057	1779.0798082351685
137	-135.36032	16.875229	-117.30147	-169.21208	-137.66855	23.414543	-100.01057	-167.41762	110.0	110.0	226049	-247.02536	17.18945	-214.31645	-326.22702	-247.02533	17.18818	-214.16595	-327.70056	-0.22343683	1.2380337	6.72303	-11.241827	246.89677	1.131366	1791.584005355835
138	-132.64012	12.765423	-114.47027	-155.41858	-115.308975	13.094962	-84.13743	-132.92271	110.0	110.0	227699	-246.79161	17.275991	-214.29211	-325.65186	-246.79198	17.274584	-214.26471	-326.10355	-0.22076851	1.2352246	6.95119	-8.7299595	246.66324	1.1388913	1804.1629338264465
139	-140.68166	18.133614	-99.82569	-173.78958	-120.25212	33.63318	-73.22113	-180.41118	110.0	110.0	229349	-246.42165	17.322418	-214.0948	-326.41724	-246.42165	17.320547	-214.04321	-327.9675	-0.21736965	1.2372627	6.7755938	-9.118353	246.29233	1.1222699	1818.8789043426514
140	-144.3041	20.606642	-120.10305	-190.97873	-122.4626	20.979889	-79.675385	-145.80948	110.0	110.0	230999	-246.07477	17.346405	-212.89458	-325.68384	-246.07501	17.345516	-212.68845	-326.61533	-0.22920622	1.2245524	7.0076632	-9.168413	245.9528	1.1252384	1835.0183486938477
141	-135.31476	14.785904	-114.67884	-165.15013	-105.49048	45.146896	-49.09105	-166.14539	110.0	110.0	232649	-245.751	17.266079	-212.29994	-325.16003	-245.75092	17.26481	-212.52345	-325.76788	-0.21902215	1.2325087	7.2294345	-9.127104	245.62766	1.1201825	1847.5370893478394
142	-147.84409	19.692795	-121.00799	-187.46931	-107.17606	33.828743	-72.35845	-172.1264	110.0	110.0	234299	-245.48447	17.331875	-211.7373	-325.96893	-245.48476	17.330618	-211.85442	-327.66647	-0.22342266	1.231062	7.9894776	-10.133488	245.35701	1.1368084	1860.5420360565186
143	-137.50931	13.682094	-113.822754	-177.55496	-133.39008	25.16459	-74.1899	-168.48672	110.0	110.0	235949	-245.24956	17.366747	-211.33647	-326.67603	-245.24974	17.365385	-211.6291	-327.13895	-0.22724481	1.2294353	7.8696547	-8.744955	245.12152	1.1224966	1874.2292881011963
144	-134.3973	13.269181	-111.7288	-156.09235	-135.10493	18.309963	-104.859886	-165.89676	110.0	110.0	237599	-244.8472	17.308474	-210.90263	-322.97864	-244.8472	17.307413	-211.22336	-323.08823	-0.22264351	1.2265518	8.185923	-10.122783	244.71584	1.1182112	1887.150188446045
145	-138.1203	16.551521	-117.232765	-170.07817	-106.33856	28.319056	-63.142452	-166.38283	110.0	110.0	239249	-244.48007	17.366875	-210.90341	-325.33575	-244.48015	17.364943	-210.85028	-326.63467	-0.21803534	1.2426839	7.41765	-8.713268	244.3515	1.1247064	1900.7064371109009
146	-140.85927	18.645433	-116.84359	-179.32198	-124.454994	31.909836	-69.637634	-174.79916	110.0	110.0	240899	-244.16255	17.39571	-210.55626	-324.72073	-244.16281	17.395	-210.58063	-324.1833	-0.21016786	1.2358143	8.112399	-12.006897	244.03186	1.1160815	1914.2576985359192
147	-139.7047	17.82281	-115.45432	-181.12682	-148.5333	23.394026	-102.24581	-181.27142	110.0	110.0	242549	-243.90459	17.49647	-210.0517	-323.4694	-243.90453	17.495998	-210.02628	-323.68964	-0.21253206	1.2344002	7.177093	-9.839417	243.77052	1.1269726	1927.2420930862427
148	-142.16206	15.4684305	-116.139145	-171.05194	-123.11363	17.422358	-88.2211	-146.2591	110.0	110.0	244199	-243.6461	17.51531	-209.709	-323.91626	-243.64621	17.513739	-209.4191	-325.05142	-0.21186718	1.2313582	10.539078	-9.287714	243.51352	1.1197819	1940.980079650879
149	-139.56487	14.062425	-114.45581	-166.0314	-125.24898	21.764473	-91.71754	-158.5687	110.0	110.0	245849	-243.30994	17.601017	-209.43028	-324.06525	-243.31018	17.600035	-209.28568	-323.16675	-0.19963695	1.2371852	7.097924	-10.821311	243.18106	1.1062785	1954.591714143753
150	-138.75356	15.14768	-115.83583	-159.93277	-118.69102	27.534977	-74.54389	-161.74222	110.0	110.0	247499	-242.96858	17.56083	-208.52663	-321.2717	-242.9688	17.560099	-208.21191	-322.51077	-0.20340596	1.2428839	6.9823933	-10.629977	242.83772	1.1116165	1967.129257440567
151	-134.87589	17.24474	-96.12385	-158.48236	-125.885574	17.559044	-98.807274	-156.95348	110.0	110.0	249149	-242.60196	17.633028	-207.74257	-323.6586	-242.60184	17.631697	-207.5366	-323.5851	-0.21109214	1.232849	7.3219166	-9.769383	242.47552	1.1252176	1980.7184827327728
152	-133.00296	18.818136	-105.2559	-164.47682	-118.61558	21.296259	-88.74407	-147.91623	110.0	110.0	250799	-242.29758	17.508924	-207.85051	-322.63428	-242.29774	17.50784	-207.88133	-322.45068	-0.20425528	1.23975	8.0685215	-8.269755	242.16792	1.1350857	1994.2815384864807
153	-131.81763	11.26112	-115.187744	-148.76555	-127.04993	24.025745	-88.22839	-162.66136	110.0	110.0	252449	-241.96614	17.584215	-207.44319	-322.5317	-241.96623	17.583172	-207.14896	-322.5595	-0.19751498	1.2346861	7.0963497	-10.692522	241.83636	1.1307464	2007.8531699180603
154	-125.00889	8.521866	-110.01512	-140.21275	-106.46255	31.38011	-60.89056	-156.3975	110.0	110.0	254099	-241.59544	17.593088	-206.98639	-322.83035	-241.59573	17.591658	-207.11983	-323.92883	-0.20244315	1.2371256	7.149109	-10.348073	241.46106	1.1381874	2021.4093027114868
155	-140.21432	21.560656	-104.93416	-180.0266	-133.61572	31.06511	-64.93781	-176.26103	110.0	110.0	255749	-241.20381	17.680305	-206.52104	-322.37347	-241.20378	17.679317	-206.49313	-323.68747	-0.20073132	1.2371203	6.6835055	-9.089064	241.0716	1.1015264	2034.1055781841278
156	-132.90121	18.463486	-99.73638	-166.80531	-117.584984	31.16538	-62.875694	-185.04567	110.0	110.0	257399	-240.84824	17.61539	-206.2318	-320.3293	-240.84831	17.61356	-206.37215	-322.45636	-0.206971	1.2396199	7.4502845	-8.944394	240.72002	1.1307924	2047.6439821720123
157	-138.37572	14.909862	-112.64002	-173.0816	-112.650635	29.084883	-73.77219	-167.16295	110.0	110.0	259049	-240.58846	17.689314	-205.68224	-321.7129	-240.5888	17.688246	-205.68826	-322.06686	-0.20528199	1.2471222	7.7315817	-9.458041	240.46098	1.1211886	2060.7070455551147
158	-133.46213	14.914239	-110.77105	-171.35896	-122.04783	22.6699	-71.10136	-149.1886	110.0	110.0	260699	-240.2391	17.670593	-205.59448	-322.05573	-240.2393	17.668814	-205.29643	-323.0961	-0.20833208	1.2395682	7.210971	-11.817101	240.11235	1.1037437	2074.3371155261993
159	-139.15227	12.8581085	-119.557274	-169.06158	-121.90572	27.887045	-79.122765	-166.59637	110.0	110.0	262349	-239.91692	17.657389	-205.5639	-321.28955	-239.91719	17.656387	-205.67722	-321.58423	-0.19787748	1.2361476	6.7109036	-11.469865	239.79015	1.116547	2087.9443526268005
160	-142.6542	21.879702	-108.80242	-185.44627	-102.64956	27.85755	-59.43122	-149.26128	110.0	110.0	263999	-239.62502	17.663246	-205.12396	-320.90567	-239.62497	17.66164	-205.31583	-320.85144	-0.20256865	1.2379932	7.2804565	-10.534123	239.49867	1.1129211	2101.5752182006836
161	-135.51169	20.672932	-107.10028	-183.85362	-125.206154	14.953266	-102.61599	-154.81111	110.0	110.0	265649	-239.11674	17.601713	-204.59062	-320.23883	-239.11673	17.600796	-204.8235	-320.04187	-0.20945919	1.2395087	7.147241	-9.545803	238.9866	1.1256086	2114.1106486320496
162	-139.09268	14.134785	-115.59423	-161.38144	-129.88678	24.686302	-70.81595	-159.18428	110.0	110.0	267299	-238.98523	17.723944	-204.78813	-320.02933	-238.98546	17.722828	-204.65738	-320.5024	-0.21143092	1.2379389	7.31985	-11.729462	238.85927	1.0862923	2127.6183092594147
163	-146.29567	20.116524	-116.03984	-184.0294	-118.69066	31.522156	-75.62623	-176.24635	110.0	110.0	268949	-238.75026	17.709803	-204.20177	-320.16394	-238.75026	17.707611	-204.25142	-319.94708	-0.21034028	1.2374083	10.032432	-10.048427	238.62244	1.1070117	2141.249045610428
164	-142.44194	19.482452	-108.103546	-171.29704	-125.97925	17.93585	-101.64592	-153.81313	110.0	110.0	270599	-238.59079	17.866133	-204.39893	-317.67834	-238.591	17.865362	-204.28522	-318.16006	-0.20261256	1.2464495	6.702696	-9.126659	238.46432	1.0814427	2154.8856947422028
165	-146.45566	17.72109	-121.33103	-176.97125	-118.11537	20.947966	-77.717804	-150.54065	110.0	110.0	272249	-238.2278	17.764277	-204.16199	-318.53552	-238.2278	17.763042	-204.15729	-319.02393	-0.21667993	1.2372922	7.823409	-8.756625	238.10052	1.0833392	2167.660218000412
166	-130.09349	10.016243	-119.054016	-158.9837	-115.973434	22.862022	-73.96012	-148.12637	110.0	110.0	273899	-237.99489	17.851965	-203.87198	-319.10602	-237.99506	17.85047	-203.9163	-319.23755	-0.21366991	1.2342445	7.3406625	-9.567524	237.8653	1.1027989	2181.3556723594666
167	-137.63837	18.073288	-113.35517	-175.10059	-116.66278	21.694683	-81.5998	-152.58002	110.0	110.0	275549	-237.76463	17.78904	-203.52104	-318.08588	-237.7648	17.787867	-203.45825	-317.88242	-0.21807235	1.2369483	7.125857	-11.4344635	237.6399	1.1056885	2193.924056529999
168	-136.55617	15.818444	-106.51352	-170.64366	-112.07497	31.653643	-54.413963	-156.336	110.0	110.0	277199	-237.48305	17.845499	-203.16814	-316.63153	-237.48312	17.844383	-202.89714	-317.40076	-0.2045648	1.2350895	8.710463	-10.195681	237.35667	1.0946828	2207.0976197719574
169	-130.62753	10.97044	-115.9651	-152.87572	-122.53701	36.30939	-63.205658	-171.00027	110.0	110.0	278849	-237.21143	17.887415	-203.0003	-317.94095	-237.21165	17.885492	-202.96953	-318.46942	-0.21283819	1.2394217	7.9171767	-8.889431	237.0825	1.0917598	2220.7331972122192
170	-134.34514	13.760508	-107.296005	-161.84824	-118.66183	24.135271	-70.22721	-155.80754	110.0	110.0	280499	-236.98015	17.910425	-202.6502	-317.18237	-236.9801	17.909288	-202.63654	-317.45935	-0.2040819	1.2349688	8.435046	-8.567653	236.85034	1.0822594	2233.239400625229
171	-135.62294	18.241814	-99.27552	-160.40846	-104.81018	26.414387	-57.32128	-146.47035	110.0	110.0	282149	-236.61064	17.873915	-202.27902	-316.0086	-236.61081	17.872862	-202.51813	-317.08804	-0.21452042	1.2276305	7.828079	-8.566253	236.48602	1.0822942	2246.1119894981384
172	-136.55852	20.207537	-112.361115	-175.39877	-132.8018	25.158344	-81.756805	-171.51875	110.0	110.0	283799	-236.27538	17.876936	-202.13301	-314.05142	-236.27551	17.875639	-202.31334	-314.0979	-0.21192995	1.2356234	9.230192	-9.051458	236.14598	1.0799166	2259.7745139598846
173	-136.8651	18.238087	-103.87048	-162.88809	-115.5345	24.151909	-78.831055	-155.0931	110.0	110.0	285449	-236.0664	17.887232	-202.05397	-312.5266	-236.06653	17.885948	-202.296	-314.54196	-0.20356512	1.2377148	7.0059404	-9.623474	235.93806	1.0868958	2273.4184346199036
174	-124.11452	14.995498	-102.21244	-149.75314	-112.64158	19.386358	-86.980576	-149.31934	110.0	110.0	287099	-235.77654	17.932137	-201.4579	-314.98248	-235.77667	17.931028	-201.70282	-314.44748	-0.20484282	1.2388325	8.692602	-9.22799	235.65375	1.0779982	2286.9867026805878
175	-139.62529	16.084278	-112.90088	-174.46352	-100.47272	23.748596	-75.009544	-146.66383	110.0	110.0	288749	-235.46754	17.925531	-201.81978	-314.86655	-235.46754	17.924356	-201.89168	-315.74875	-0.2160139	1.2375449	7.256865	-9.302697	235.33896	1.065255	2300.71684551239
176	-131.88818	14.323182	-106.2547	-152.9728	-108.98106	22.984472	-79.876465	-145.45915	110.0	110.0	290399	-235.1671	17.89218	-201.38582	-316.02194	-235.16713	17.8913	-201.42955	-316.36566	-0.2131687	1.2362447	7.019879	-11.266435	235.04164	1.0749569	2314.4144678115845
177	-138.70326	18.937885	-107.987816	-170.7258	-116.04446	18.139572	-82.5732	-154.16245	110.0	110.0	292049	-235.00151	17.956125	-201.00293	-315.01248	-235.00165	17.955408	-200.9538	-315.9546	-0.20741265	1.2343373	7.492573	-9.815291	234.87674	1.0851347	2328.058765888214
178	-137.13573	15.816799	-107.65527	-165.648	-128.35045	24.321589	-97.47185	-166.22667	110.0	110.0	293699	-234.77399	18.051086	-200.41238	-316.209	-234.77406	18.050394	-200.66063	-315.8846	-0.19946758	1.239987	9.641469	-11.339796	234.64265	1.0647409	2340.624744415283
179	-137.27788	15.363014	-106.41186	-165.30725	-138.83218	25.262196	-98.94136	-171.3708	110.0	110.0	295349	-234.51482	18.098616	-200.30727	-313.7049	-234.5147	18.098457	-200.2126	-314.699	-0.20827474	1.2341298	8.375478	-9.079855	234.38821	1.0563164	2354.250335454941
180	-138.11794	17.144934	-111.97659	-176.0271	-112.71958	28.270285	-61.585796	-151.02678	110.0	110.0	296999	-234.2024	18.06036	-200.04633	-313.7618	-234.20262	18.060513	-199.71501	-314.43704	-0.21601613	1.2263867	8.773525	-9.72607	234.0741	1.079981	2367.0747771263123
181	-128.69286	12.725636	-111.072975	-157.78581	-133.26672	15.312539	-105.3177	-156.7188	110.0	110.0	298649	-233.97308	18.073301	-199.62155	-313.36285	-233.97319	18.072588	-199.238	-314.35483	-0.2061982	1.2360789	6.6422963	-10.990928	233.84518	1.0608605	2380.592378139496
182	-133.12744	14.268395	-110.58779	-160.14696	-129.65315	18.586512	-86.04835	-152.28413	110.0	110.0	300299	-233.61884	18.064318	-199.33168	-309.20413	-233.61896	18.063465	-199.10309	-309.92026	-0.21379548	1.2339299	7.4900713	-11.123865	233.48776	1.0563672	2393.1145627498627
183	-135.76079	13.977373	-116.51496	-167.79422	-104.13877	32.572	-63.993893	-166.5095	110.0	110.0	301949	-233.30504	18.049519	-199.02745	-313.76373	-233.30507	18.04815	-199.02602	-313.65656	-0.21970923	1.2274197	7.066775	-10.826813	233.18053	1.076809	2406.7613246440887
184	-137.07196	20.125277	-107.33735	-178.80165	-119.34878	38.134842	-47.142483	-186.00226	110.0	110.0	303599	-233.1447	18.109211	-198.229	-310.83713	-233.1448	18.10883	-198.62679	-311.58163	-0.21504992	1.2307398	8.673222	-8.868686	233.01709	1.0463347	2421.681364297867
185	-129.08492	15.840751	-102.50397	-171.7424	-123.24965	30.852451	-57.877884	-162.86678	110.0	110.0	305249	-232.76047	18.04735	-198.0869	-313.0006	-232.76044	18.046757	-198.05217	-313.20407	-0.21250609	1.224664	7.861453	-9.248228	232.63565	1.0553024	2436.122790336609
186	-132.20175	13.753888	-114.88792	-156.8071	-116.86064	22.705708	-73.726204	-147.88988	110.0	110.0	306899	-232.56194	18.114061	-197.7235	-310.89746	-232.56216	18.113958	-197.79753	-311.58334	-0.21725589	1.2282525	7.403912	-9.362682	232.43622	1.0436677	2449.7560284137726
187	-135.91637	12.138551	-121.537796	-166.64418	-116.07113	19.636845	-84.013245	-140.11685	110.0	110.0	308549	-232.3112	18.077166	-197.2227	-312.0913	-232.3112	18.076557	-197.27858	-312.72894	-0.20530286	1.2280567	7.7879252	-11.352242	232.17986	1.0517462	2463.3676784038544
188	-132.54288	13.1085205	-111.600395	-160.2272	-137.12244	27.563927	-87.231186	-174.19847	110.0	110.0	310199	-232.01663	18.161263	-197.13005	-312.83478	-232.01671	18.160109	-197.22652	-313.3873	-0.19862029	1.2351587	8.622761	-9.683731	231.88629	1.0624691	2476.7637293338776
189	-137.4864	12.835689	-117.46001	-167.75146	-112.28955	31.912672	-39.76522	-167.43394	110.0	110.0	311849	-231.87256	18.180416	-196.73088	-313.1384	-231.87263	18.180248	-196.6228	-313.71048	-0.206474	1.2330203	7.4071474	-10.2545	231.74449	1.068909	2490.32621216774
190	-133.49449	12.012178	-110.3497	-156.05254	-107.42555	29.83311	-68.07828	-167.2774	110.0	110.0	313499	-231.47339	18.098736	-196.47977	-312.53137	-231.47365	18.098354	-196.19316	-313.48822	-0.205855	1.2318372	6.8409023	-9.63357	231.34554	1.0360935	2503.908052444458
191	-131.1258	14.926617	-112.646164	-156.69478	-117.643295	28.663025	-66.834854	-153.74959	110.0	110.0	315149	-231.2055	18.119595	-196.03053	-311.12326	-231.20552	18.119429	-196.4224	-312.15543	-0.20835355	1.2275901	6.9810543	-10.226842	231.07701	1.060001	2517.513901233673
192	-135.92966	22.308651	-103.77713	-174.52919	-120.63934	17.869379	-90.22282	-153.25987	110.0	110.0	316799	-230.83154	18.092949	-195.67587	-308.878	-230.83147	18.092804	-195.89	-309.95395	-0.20218232	1.2332215	7.6465006	-11.297247	230.69891	1.0596809	2530.5961678028107
193	-130.13695	12.135613	-115.71287	-158.34532	-128.97183	31.604124	-81.978165	-180.84087	110.0	110.0	318449	-230.71515	18.132774	-195.94904	-310.3564	-230.71544	18.13128	-195.77698	-310.68112	-0.2093778	1.2214926	8.079706	-12.11218	230.58655	1.0464737	2543.216989517212
194	-137.177	12.301049	-120.358086	-162.33653	-123.97701	33.10582	-78.9882	-165.48793	110.0	110.0	320099	-230.39401	18.147015	-195.5521	-311.08862	-230.39389	18.14622	-195.64886	-312.1414	-0.20614813	1.2362428	7.7237186	-10.719795	230.2662	1.0547355	2556.0914356708527
195	-137.61238	18.655298	-108.2565	-183.95117	-119.17545	18.667042	-88.35281	-142.39241	110.0	110.0	321749	-230.12892	18.094069	-195.75136	-310.56433	-230.12914	18.09354	-195.62044	-311.0808	-0.21210453	1.2319999	8.10096	-9.78061	230.0067	1.04301	2569.1537053585052
196	-132.05157	11.32066	-114.73236	-161.42941	-99.864006	19.626999	-78.35317	-137.37228	110.0	110.0	323399	-229.88684	18.087116	-195.08148	-310.35028	-229.8868	18.086576	-195.2186	-310.94614	-0.21011733	1.2279923	6.7043433	-11.223352	229.75888	1.0651217	2582.74781870842
197	-140.49884	19.22922	-101.21351	-178.48758	-110.93044	15.340679	-87.66926	-140.06311	110.0	110.0	325049	-229.68907	18.193468	-194.85336	-311.04507	-229.6892	18.19266	-195.04672	-311.2266	-0.20865178	1.2280746	7.1866546	-12.127489	229.56197	1.0447072	2595.2821702957153
198	-140.2842	21.728933	-110.99549	-191.43567	-110.90291	27.496977	-62.986874	-147.29497	110.0	110.0	326699	-229.456	18.183987	-194.69244	-309.88733	-229.45607	18.182724	-194.6591	-310.10892	-0.20705746	1.2258385	8.056717	-9.93994	229.3298	1.0632752	2608.9481253623962
199	-137.41772	13.273618	-123.44804	-167.04482	-111.2371	18.192736	-87.14122	-141.17075	110.0	110.0	328349	-229.25983	18.226774	-194.43672	-310.3915	-229.25993	18.226206	-194.3468	-310.378	-0.20681407	1.2255392	8.070302	-10.062577	229.13292	1.0525208	2622.3113808631897
200	-128.98013	15.181325	-100.066536	-158.74884	-120.0331	23.132229	-91.961555	-163.71434	110.0	110.0	329999	-229.09418	18.293797	-194.27197	-307.79587	-229.09435	18.29284	-194.14986	-307.77362	-0.20339675	1.2266785	7.7243786	-10.53434	228.96872	1.040836	2634.8505811691284
201	-135.00261	13.158786	-119.897964	-164.53366	-116.6978	26.691364	-60.590527	-151.07898	110.0	110.0	331649	-228.75862	18.298027	-193.3208	-309.19275	-228.7585	18.297066	-193.91745	-309.8492	-0.20632355	1.2276323	8.169622	-9.748194	228.63103	1.059174	2648.512703895569
202	-136.82803	18.093452	-108.58137	-167.83264	-114.90421	25.662457	-78.30507	-157.64476	110.0	110.0	333299	-228.64403	18.414782	-193.63702	-308.63266	-228.64424	18.41405	-193.84132	-308.40964	-0.20054655	1.2245529	7.80809	-9.454848	228.51666	1.059341	2661.534600019455
203	-132.05435	16.825695	-103.9771	-159.80234	-103.91742	27.162273	-54.295593	-145.99596	110.0	110.0	334949	-228.30998	18.291235	-193.20064	-309.65552	-228.31018	18.290033	-193.12665	-310.70175	-0.20276444	1.2265682	7.8618665	-9.415495	228.18546	1.0721253	2675.1701526641846
204	-135.51598	14.442676	-118.45805	-157.90134	-118.0661	31.686756	-63.47955	-154.69102	110.0	110.0	336599	-228.0362	18.311085	-192.69969	-307.00827	-228.03616	18.310486	-192.94551	-307.53366	-0.1927421	1.2281742	6.755317	-8.306242	227.91246	1.042313	2688.739978313446
205	-131.8614	13.451426	-108.30351	-154.19402	-116.847305	20.837452	-86.710304	-156.49344	110.0	110.0	338249	-227.94424	18.369837	-192.50232	-310.41113	-227.94434	18.368528	-192.5844	-310.929	-0.19653189	1.2226117	6.99793	-10.465149	227.817	1.0484957	2702.348727941513
206	-133.91391	14.828202	-109.500114	-175.08559	-122.45793	20.613262	-94.29554	-151.03622	110.0	110.0	339899	-227.51651	18.322664	-192.05067	-308.9543	-227.5166	18.321585	-191.99068	-310.38846	-0.19344512	1.2299191	7.0716176	-9.389496	227.38565	1.0480419	2715.926393032074
207	-130.33798	12.100579	-114.71597	-151.03868	-114.35738	29.814535	-57.08985	-166.69664	110.0	110.0	341549	-227.34048	18.316818	-191.78296	-308.603	-227.34056	18.315615	-191.78416	-308.32184	-0.19019915	1.2334199	7.9251633	-10.315735	227.21191	1.0569258	2729.5507979393005
208	-132.54826	15.253719	-107.74212	-154.14534	-121.31065	26.123524	-57.882214	-158.31963	110.0	110.0	343199	-227.09154	18.325926	-191.7686	-312.0177	-227.09163	18.324148	-192.01343	-311.925	-0.20437261	1.233049	7.3312955	-10.554935	226.96443	1.0420693	2742.116194009781
209	-133.17372	15.47052	-111.60687	-170.37102	-120.94747	30.3711	-68.0479	-160.57948	110.0	110.0	344849	-226.95598	18.381392	-191.4719	-308.13452	-226.95618	18.3802	-191.6602	-308.99576	-0.19769956	1.2273587	8.290922	-9.160049	226.83203	1.0440367	2755.6967792510986
210	-129.85576	12.55363	-111.35722	-158.9606	-112.28013	23.960327	-82.615974	-157.6962	110.0	110.0	346499	-226.58286	18.294048	-191.60971	-307.34247	-226.58296	18.292719	-191.57729	-308.1861	-0.18650955	1.2343907	8.286631	-9.520668	226.45345	1.0519813	2769.164187669754
211	-132.5858	13.346051	-113.83897	-156.88135	-122.08809	25.365816	-71.619804	-167.17871	110.0	110.0	348149	-226.41794	18.375296	-191.18309	-311.98444	-226.41814	18.374294	-191.39526	-312.54126	-0.19346136	1.2238241	7.1258035	-10.868359	226.28807	1.026964	2782.9523553848267
212	-130.81699	10.975952	-114.322655	-150.30614	-126.26034	25.408478	-78.44003	-162.33556	110.0	110.0	349799	-226.1573	18.321043	-191.26982	-310.0027	-226.15718	18.320412	-191.32748	-310.64438	-0.18800052	1.2325056	7.36495	-10.735131	226.03409	1.0455238	2795.538275718689
213	-133.2897	14.205119	-102.641464	-156.68623	-135.34433	18.881962	-93.960106	-165.65778	110.0	110.0	351449	-225.95482	18.348955	-190.7193	-306.24356	-225.95488	18.348215	-190.7694	-307.03827	-0.19161192	1.2318351	8.688015	-11.082439	225.82382	1.0331401	2808.183756351471
214	-130.37169	18.175049	-97.705215	-177.43149	-113.390236	37.467426	-54.83351	-164.864	110.0	110.0	353099	-225.72514	18.419975	-190.7372	-307.3381	-225.72531	18.41889	-190.8349	-307.6297	-0.18923794	1.2277404	8.508526	-9.013834	225.59846	1.0359644	2820.879305124283
215	-133.00626	17.161398	-104.80657	-163.10931	-124.0649	34.85111	-46.266502	-157.85774	110.0	110.0	354749	-225.34814	18.331093	-190.15497	-308.6959	-225.34818	18.329422	-190.28838	-309.25592	-0.20834427	1.2161344	8.822617	-10.075364	225.2239	1.0264273	2834.498040676117
216	-127.85535	12.322278	-111.50678	-152.61697	-102.87547	26.626417	-55.97035	-158.93977	110.0	110.0	356399	-225.19691	18.334993	-190.24673	-309.7709	-225.19711	18.334206	-190.26727	-309.96826	-0.19933592	1.2223837	9.000849	-10.90817	225.07098	1.0283799	2848.1428911685944
217	-129.61174	9.715737	-111.714584	-145.30684	-105.99162	28.532099	-53.31578	-143.6817	110.0	110.0	358049	-225.0609	18.373566	-189.87859	-309.64758	-225.06094	18.372387	-190.03421	-309.2822	-0.20228845	1.2238321	7.8336062	-11.5481205	224.94026	1.0256121	2861.799942970276
218	-135.24501	20.686071	-102.71435	-175.07857	-112.2344	24.872744	-53.23379	-137.41183	110.0	110.0	359699	-224.78177	18.32119	-189.61357	-308.95462	-224.78194	18.31957	-189.76544	-308.6019	-0.20847808	1.2226402	7.2521243	-8.781214	224.66196	1.0379238	2874.6951010227203
219	-138.97762	16.043972	-114.81575	-169.02081	-124.26237	20.78142	-94.64235	-166.79109	110.0	110.0	361349	-224.7222	18.317778	-189.74608	-305.75433	-224.72223	18.316578	-189.69586	-305.11624	-0.20725286	1.2225227	8.667318	-9.357657	224.59671	1.0390977	2887.2933206558228
220	-133.08537	13.756428	-110.224945	-161.11884	-118.96739	26.151436	-81.494804	-157.34364	110.0	110.0	362999	-224.4576	18.378979	-189.2735	-307.89566	-224.45763	18.37833	-189.21223	-308.22043	-0.1969702	1.2263858	9.000209	-11.443155	224.33191	1.0265635	2902.1052618026733
221	-125.688385	13.586964	-101.04065	-155.44943	-117.27232	20.423927	-74.37243	-144.58185	110.0	110.0	364649	-224.2884	18.315067	-188.93506	-309.73257	-224.28848	18.31315	-188.86885	-308.82703	-0.18983942	1.2314354	7.942893	-11.111004	224.16087	1.0132257	2917.275205373764
222	-136.98724	20.041193	-108.919205	-171.79077	-109.32383	29.318497	-74.14613	-167.76378	110.0	110.0	366299	-224.09229	18.310331	-189.0313	-309.39944	-224.09236	18.309849	-189.00882	-309.82965	-0.18796371	1.2348132	8.43203	-11.025612	223.96878	1.0430226	2930.8816430568695
223	-127.698975	10.910467	-112.25238	-146.0831	-117.01968	23.380095	-63.858734	-147.18692	110.0	110.0	367949	-223.85832	18.32832	-188.85693	-308.03635	-223.85843	18.327131	-188.43053	-308.0886	-0.19697459	1.2280035	7.1470237	-11.584597	223.73523	1.0443451	2944.5343317985535
224	-128.10118	13.510768	-98.61919	-149.25261	-130.38934	25.32677	-71.98629	-155.71031	110.0	110.0	369599	-223.64906	18.303741	-188.47588	-304.6278	-223.64919	18.302662	-188.64111	-304.62787	-0.20086664	1.2213022	8.942435	-12.64608	223.5242	1.0338551	2957.1245923042297
225	-123.488594	12.591691	-104.43592	-153.54913	-122.421555	24.247227	-73.96068	-162.14091	110.0	110.0	371249	-223.44989	18.304766	-188.44292	-308.87915	-223.44977	18.304562	-188.39993	-309.9204	-0.19869193	1.2275687	7.3462315	-9.079248	223.32257	1.04445	2970.7882359027863
226	-134.63802	15.37118	-111.25371	-171.45723	-115.53965	21.390663	-67.87704	-141.94122	110.0	110.0	372899	-223.20538	18.275818	-188.08835	-308.383	-223.2055	18.274931	-188.21346	-308.49652	-0.20417443	1.2219963	7.512519	-11.627667	223.0838	1.0538086	2984.4956476688385
227	-126.21373	12.999206	-102.24783	-155.68372	-115.07601	20.269762	-77.837135	-142.35619	110.0	110.0	374549	-223.11604	18.226587	-187.89499	-309.6765	-223.11615	18.225224	-188.07983	-310.09808	-0.19201498	1.2271149	7.4452105	-9.233703	222.99173	1.0319928	2997.640393257141
228	-127.39825	11.85321	-114.467476	-163.72028	-107.70378	39.757755	-27.702528	-145.02452	110.0	110.0	376199	-222.82686	18.205933	-187.47636	-303.7862	-222.82693	18.205013	-187.66704	-304.88885	-0.18448907	1.2247102	9.688122	-9.171078	222.70714	1.0269551	3010.398968219757
229	-133.38156	20.252764	-111.024704	-188.38683	-106.073746	26.00216	-59.418243	-138.28041	110.0	110.0	377849	-222.66945	18.214848	-187.64848	-306.0602	-222.66956	18.214157	-187.86255	-306.07175	-0.19120042	1.2265079	7.421211	-9.902832	222.54782	1.0544453	3023.092235803604
230	-133.60329	15.387589	-107.068924	-164.20007	-120.73037	22.471872	-85.52074	-157.87823	110.0	110.0	379499	-222.46829	18.282734	-187.44362	-307.0376	-222.46841	18.281271	-187.28593	-306.59076	-0.19987543	1.2261429	8.316417	-10.962519	222.34496	1.024257	3036.652663230896
231	-136.67847	16.341225	-111.1072	-168.05495	-121.742325	9.757967	-106.2001	-137.68639	110.0	110.0	381149	-222.31729	18.2454	-187.21817	-305.40607	-222.31734	18.244514	-187.16594	-305.89392	-0.19746137	1.2257061	9.294628	-10.746136	222.19992	1.0709965	3050.296185016632
232	-127.505196	13.895367	-110.060165	-163.85243	-124.520676	25.738543	-77.190895	-171.2923	110.0	110.0	382799	-222.14963	18.260756	-187.10341	-306.9431	-222.14975	18.26053	-187.2229	-307.94186	-0.1977764	1.2231624	7.85402	-10.257753	222.02982	1.0430665	3062.831159353256
233	-127.91961	11.742781	-109.64708	-145.46635	-107.146545	23.233583	-80.468185	-144.43353	110.0	110.0	384449	-221.91917	18.22119	-186.69963	-303.5888	-221.91913	18.219936	-186.69232	-304.35272	-0.18697894	1.2291309	7.006096	-9.839741	221.80197	1.0591109	3075.658088684082
234	-124.34324	11.251941	-110.93708	-152.57143	-108.52714	28.415134	-71.54361	-157.84445	110.0	110.0	386099	-221.64613	18.149841	-186.39035	-303.4461	-221.6463	18.149027	-186.30959	-304.6363	-0.19726352	1.2202685	8.10038	-10.892223	221.52484	1.0339266	3089.290430545807
235	-137.93626	16.04942	-115.10417	-172.34921	-110.16435	36.604824	-48.252743	-154.13625	110.0	110.0	387749	-221.53687	18.098503	-186.3767	-304.25598	-221.53693	18.097805	-186.26	-304.8207	-0.19496697	1.2249327	9.044416	-8.999161	221.41928	1.0526849	3102.5019314289093
236	-134.97908	21.967762	-102.48238	-178.77878	-100.27197	26.544264	-44.791725	-135.51949	110.0	110.0	389399	-221.35745	18.098553	-186.036	-302.10455	-221.35748	18.096794	-185.61552	-301.04446	-0.19399545	1.2209603	7.9298215	-9.103017	221.24121	1.0453236	3116.1289072036743
237	-125.93856	9.494037	-107.7841	-139.90622	-108.029884	23.007015	-64.11042	-143.35924	110.0	110.0	391049	-221.14339	18.076674	-185.82672	-305.96344	-221.14369	18.076025	-185.79971	-306.27362	-0.19104226	1.228067	7.4772673	-8.70051	221.02513	1.0501014	3128.7034754753113
238	-125.759384	18.005888	-99.76153	-160.79218	-118.084	17.871515	-101.52837	-152.25868	110.0	110.0	392699	-220.97768	18.090189	-186.08934	-307.18176	-220.97772	18.088352	-186.03435	-307.05496	-0.18652225	1.2270838	8.108679	-9.322525	220.85591	1.0624921	3142.2096104621887
239	-135.15213	15.974946	-107.1931	-159.25735	-120.81693	29.689287	-73.24693	-156.38315	110.0	110.0	394349	-220.7923	18.051003	-185.73265	-304.64206	-220.79236	18.049637	-185.36653	-304.17014	-0.20376934	1.222278	10.130528	-8.6109295	220.67627	1.0508833	3155.9056787490845
240	-131.53398	12.164046	-113.12721	-153.4297	-100.32108	21.044748	-52.58204	-140.58989	110.0	110.0	395999	-220.70143	18.11993	-185.90178	-302.519	-220.7015	18.11955	-185.25159	-303.543	-0.2040081	1.2222942	7.4615126	-12.348783	220.58595	1.0659326	3169.541392803192
241	-127.39816	11.713647	-112.73099	-152.0711	-117.16504	19.790365	-86.24654	-146.97946	110.0	110.0	397649	-220.66124	18.124102	-185.68716	-306.63818	-220.6612	18.12355	-185.34248	-306.78104	-0.19119786	1.2264339	9.160826	-9.721909	220.54277	1.0577005	3183.231096506119
242	-129.46603	15.906158	-100.82402	-155.62831	-99.59285	25.760206	-47.324295	-138.55807	110.0	110.0	399299	-220.31569	18.04678	-185.20753	-304.44965	-220.31575	18.046288	-185.37015	-304.58713	-0.19563352	1.2238613	7.0513515	-10.216574	220.20027	1.023391	3196.88228559494
243	-129.0656	17.784601	-103.169846	-161.9377	-109.62067	28.229683	-67.829575	-158.43373	110.0	110.0	400949	-220.15973	17.974674	-185.02505	-303.67877	-220.15988	17.973415	-184.79752	-303.66528	-0.1980109	1.2254987	7.6014175	-9.139711	220.0447	1.0602883	3210.560023546219
244	-133.60649	19.947817	-100.95629	-173.15219	-123.89939	22.233093	-82.04585	-152.40733	110.0	110.0	402599	-220.02277	17.978752	-184.96089	-301.74213	-220.0229	17.97712	-184.80212	-301.81897	-0.18953049	1.2260004	7.906044	-9.633461	219.90292	1.0613456	3223.1710119247437
245	-129.9386	10.798808	-115.97487	-154.9436	-100.19585	21.919804	-46.627384	-136.23734	110.0	110.0	404249	-219.87154	17.992025	-184.77477	-304.4591	-219.87152	17.991196	-184.32298	-304.73578	-0.18205902	1.2264167	8.095576	-8.409235	219.75241	1.0631498	3235.6703855991364
246	-129.9063	16.715504	-103.970726	-167.2453	-119.05682	21.34156	-77.96681	-151.58249	110.0	110.0	405899	-219.68953	17.913107	-184.70161	-302.8849	-219.68977	17.911942	-184.61598	-302.1686	-0.19749446	1.2218814	8.215212	-10.973312	219.5719	1.0613332	3249.225373029709
247	-132.11348	12.07035	-111.617935	-153.79411	-125.53955	29.414654	-74.197105	-169.70584	110.0	110.0	407549	-219.56526	17.919353	-185.0295	-299.6787	-219.56519	17.918169	-184.83852	-301.46695	-0.19412431	1.2226421	7.060691	-10.600254	219.44887	1.0685438	3262.1863462924957
248	-132.70944	15.538399	-107.21571	-176.36119	-115.01365	27.095884	-88.14866	-173.01155	110.0	110.0	409199	-219.4179	17.912556	-185.10583	-300.64124	-219.41809	17.910732	-184.94902	-301.88385	-0.18878227	1.2258315	8.353648	-11.268415	219.30617	1.0781538	3277.863665342331
249	-130.27426	15.399295	-110.75542	-177.55634	-86.22699	15.745882	-66.415794	-116.4452	110.0	110.0	410849	-219.30594	17.85573	-184.6159	-301.6174	-219.30594	17.854397	-184.55028	-301.45575	-0.2097986	1.2174513	7.182356	-8.929579	219.19003	1.0801166	3292.9319694042206
250	-132.7942	13.769528	-108.54837	-160.27855	-108.82993	21.190784	-81.64616	-143.65472	110.0	110.0	412499	-219.1408	17.844555	-184.5875	-298.88556	-219.14095	17.84311	-184.37515	-298.78735	-0.18646044	1.220424	9.536154	-9.554902	219.0255	1.0575526	3306.4970009326935
251	-137.2185	15.519527	-114.15566	-173.19383	-113.56685	21.994621	-95.40211	-172.7962	110.0	110.0	414149	-219.10994	17.822557	-184.47383	-295.8659	-219.11003	17.820478	-184.57993	-296.56885	-0.19572724	1.2277224	7.817156	-10.504614	218.99617	1.0717727	3320.192629337311
252	-129.16129	12.172929	-105.10507	-147.28773	-116.16539	21.644003	-74.995636	-148.64897	110.0	110.0	415799	-218.87706	17.812239	-184.36038	-296.8243	-218.87737	17.810852	-184.15987	-296.3362	-0.18444432	1.2219173	9.888418	-9.746292	218.76389	1.0818902	3333.9557456970215
253	-133.99435	19.047506	-108.93165	-167.14478	-121.06875	25.818266	-78.750885	-166.15349	110.0	110.0	417449	-218.71985	17.821764	-184.46956	-298.49625	-218.7198	17.820066	-184.36136	-298.4032	-0.18918113	1.217894	7.4183707	-8.792309	218.60434	1.0699977	3347.6255292892456
254	-134.04358	16.321383	-112.26272	-166.469	-114.81248	14.652048	-92.62585	-143.16852	110.0	110.0	419099	-218.59457	17.73784	-184.21942	-298.1611	-218.59471	17.73637	-184.36995	-298.3267	-0.19887015	1.2197827	7.8740783	-10.913319	218.47827	1.0522844	3361.1317281723022
255	-125.46647	13.194361	-106.65765	-147.82214	-113.69009	30.903252	-51.01475	-139.92754	110.0	110.0	420749	-218.48732	17.727598	-184.36305	-297.2052	-218.48747	17.725677	-184.10858	-297.01266	-0.18951462	1.2249331	9.184097	-10.824293	218.3688	1.0546459	3374.9310340881348
256	-135.58578	11.137549	-116.3701	-153.11784	-98.86692	30.364016	-49.35092	-154.35095	110.0	110.0	422399	-218.23021	17.68486	-183.7933	-297.0653	-218.23026	17.684053	-183.74927	-297.23627	-0.20256957	1.2220803	7.6110954	-8.798767	218.11105	1.0474718	3388.2525293827057
257	-130.74161	16.682314	-101.74238	-157.32172	-111.97017	23.422258	-77.217064	-140.91086	110.0	110.0	424049	-218.1454	17.643734	-183.89932	-295.33972	-218.14555	17.643078	-183.80458	-296.61572	-0.20655544	1.2182211	7.529398	-9.832492	218.03001	1.0587795	3401.8957629203796
258	-130.84557	12.53838	-115.65376	-166.4857	-101.02275	21.751785	-66.15611	-157.24393	110.0	110.0	425699	-218.0241	17.653675	-183.66127	-295.7519	-218.02438	17.65304	-183.79623	-295.9748	-0.1944826	1.221653	9.714556	-10.261399	217.90646	1.0317826	3415.5804426670074
259	-125.77303	8.5038805	-107.499794	-139.69237	-119.225815	18.986015	-94.50135	-155.9155	110.0	110.0	427349	-217.85869	17.556082	-183.95291	-295.52338	-217.85881	17.554836	-183.67946	-294.33658	-0.2093763	1.221583	8.459067	-9.673855	217.74083	1.0618366	3428.140864133835
260	-130.09007	10.4646225	-112.86674	-151.98137	-119.84143	22.779074	-91.022995	-158.74661	110.0	110.0	428999	-217.72655	17.603975	-183.31645	-293.29037	-217.72643	17.603607	-183.463	-293.92105	-0.19506961	1.2271935	8.664986	-8.469204	217.61212	1.0556314	3440.7702643871307
261	-129.74663	14.635628	-109.93691	-153.37991	-95.378555	21.43637	-59.419292	-132.27226	110.0	110.0	430649	-217.57025	17.65231	-183.43288	-294.34042	-217.5704	17.651863	-183.4421	-294.14847	-0.19687068	1.2288663	8.273435	-9.039101	217.45453	1.0721853	3454.379029273987
262	-130.13078	10.652188	-114.29768	-146.18027	-105.20424	19.872614	-55.239616	-128.6624	110.0	110.0	432299	-217.37227	17.609905	-183.54436	-294.53638	-217.37228	17.60969	-183.30443	-295.74368	-0.18275751	1.2256066	8.522175	-9.414582	217.255	1.0604961	3468.0026581287384
263	-125.748505	11.664472	-106.22841	-148.64647	-112.49048	19.647873	-81.445915	-156.9553	110.0	110.0	433949	-217.24254	17.615667	-183.23619	-293.38055	-217.24257	17.614939	-183.28189	-293.77603	-0.1870433	1.2207955	10.186937	-8.577322	217.1276	1.0653667	3481.6622409820557
264	-127.65832	14.257228	-106.79929	-161.85966	-100.887825	39.341618	-23.453512	-156.98006	110.0	110.0	435599	-217.03525	17.56865	-183.00555	-294.5635	-217.03542	17.567238	-183.0306	-294.16327	-0.19104275	1.226694	8.697903	-8.688665	216.92053	1.0533147	3495.259062051773
265	-137.17862	18.48972	-107.05595	-164.19373	-113.403915	30.751547	-73.12404	-162.55405	110.0	110.0	437249	-216.92499	17.601507	-182.11789	-294.59167	-216.92493	17.600922	-182.69334	-294.39047	-0.1918055	1.2265372	7.9532447	-10.012384	216.81308	1.0420946	3509.04807806015
266	-126.556244	12.341962	-101.28187	-144.2824	-102.3073	24.6734	-53.26549	-136.11656	110.0	110.0	438899	-216.84097	17.543459	-182.80818	-293.95605	-216.84094	17.542358	-182.8918	-293.72833	-0.18141238	1.2298367	8.370826	-8.812973	216.72838	1.0685643	3522.637684583664
267	-131.67491	16.11566	-103.87173	-166.07698	-111.80452	13.33786	-91.310974	-128.5496	110.0	110.0	440549	-216.72127	17.54857	-181.74384	-294.39655	-216.72137	17.54791	-182.02888	-293.67545	-0.1913517	1.2150669	6.781388	-9.466657	216.60617	1.0202465	3535.238196849823
268	-130.1478	14.756718	-108.663445	-151.7337	-96.471855	28.762484	-58.347336	-148.22836	110.0	110.0	442199	-216.59186	17.560726	-182.13077	-293.41318	-216.59198	17.559671	-182.49307	-294.76657	-0.19185844	1.2251748	7.505452	-9.000511	216.4792	1.0414596	3547.8665647506714
269	-127.76516	16.656712	-97.305954	-165.358	-98.59769	20.487822	-62.609898	-132.09006	110.0	110.0	443849	-216.56313	17.53745	-182.14787	-292.9493	-216.56325	17.536016	-182.38606	-293.7782	-0.18614703	1.2226113	7.6348143	-10.284393	216.45099	1.0778372	3561.5441336631775
270	-125.40746	13.016941	-102.20922	-150.54839	-113.07119	14.887661	-91.768524	-146.78922	110.0	110.0	445499	-216.38536	17.565752	-182.3033	-293.19427	-216.38531	17.565105	-182.39188	-293.59436	-0.19176747	1.225625	8.036781	-8.18325	216.2755	1.0493186	3575.132504463196
271	-123.999	15.424569	-90.12156	-143.62787	-109.51113	29.37982	-47.13606	-139.80316	110.0	110.0	447149	-216.25304	17.55373	-182.38942	-293.25443	-216.25331	17.552763	-182.48601	-293.8507	-0.19113977	1.2232022	7.162274	-10.40397	216.14375	1.059291	3587.756889820099
272	-122.5935	10.076762	-103.548805	-139.87296	-100.70582	25.02316	-64.99254	-137.04149	110.0	110.0	448799	-216.139	17.54723	-182.88452	-293.3387	-216.13902	17.546432	-182.7601	-294.6074	-0.19094418	1.2239435	9.383764	-9.839079	216.02663	1.0461099	3600.370405435562
273	-133.77782	13.178583	-107.77393	-151.96301	-120.04701	21.955353	-70.641716	-145.93974	110.0	110.0	450449	-215.97365	17.46113	-181.90756	-293.14627	-215.97357	17.459692	-182.48405	-294.71194	-0.18336467	1.2334635	8.108861	-11.033672	215.86317	1.0610888	3613.312802553177
274	-132.95079	18.868177	-111.570786	-176.23575	-114.04407	30.846836	-64.86562	-173.36185	110.0	110.0	452099	-215.79625	17.405277	-182.1951	-293.11658	-215.79626	17.404253	-182.13945	-293.24677	-0.184905	1.2224542	8.440212	-9.2890005	215.68477	1.0538504	3627.0262801647186
275	-128.1085	17.178856	-95.787315	-167.4615	-129.953	20.919584	-103.19968	-174.14828	110.0	110.0	453749	-215.7473	17.457455	-181.98413	-293.37354	-215.74738	17.456614	-182.29356	-294.46674	-0.18176962	1.2329053	7.3348017	-9.863376	215.63466	1.0472184	3640.674191236496
276	-122.44231	12.50419	-100.71419	-140.0007	-105.13719	25.450521	-63.06037	-144.76181	110.0	110.0	455399	-215.6372	17.525768	-182.39247	-293.60202	-215.6374	17.524643	-182.37723	-294.0959	-0.18665768	1.2309749	7.511917	-8.726135	215.52534	1.0510933	3653.414438009262
277	-130.0846	14.501359	-110.18786	-163.27121	-97.07146	28.428228	-70.902084	-153.84282	110.0	110.0	457049	-215.49835	17.445467	-182.05562	-295.40018	-215.49838	17.445322	-182.11925	-295.2308	-0.1817094	1.2321848	8.539394	-10.202839	215.3866	1.051524	3666.458422899246
278	-129.4098	17.627964	-103.736565	-162.21855	-109.32414	35.259266	-53.46511	-157.36565	110.0	110.0	458699	-215.2921	17.40801	-181.76505	-292.9686	-215.29207	17.407059	-181.7576	-294.76407	-0.18937203	1.2288091	7.372469	-8.897229	215.17964	1.058133	3683.020033597946
279	-127.368324	13.205539	-98.05409	-155.88368	-94.33559	14.982516	-72.87043	-126.547134	110.0	110.0	460349	-215.12134	17.442772	-181.79251	-292.51007	-215.12152	17.441856	-181.52554	-292.31015	-0.19571327	1.2223877	7.1321955	-9.639465	215.01352	1.050998	3696.9000165462494
280	-129.95311	14.363311	-101.75484	-150.7966	-106.52169	34.602238	-67.335365	-170.88428	110.0	110.0	461999	-215.04488	17.430569	-181.72107	-291.8148	-215.04488	17.429747	-181.64203	-292.40616	-0.18408021	1.227304	7.5952682	-9.619889	214.93571	1.0446137	3709.9619312286377
281	-127.11398	14.971182	-108.53929	-161.40276	-119.02785	28.082584	-80.89114	-175.92853	110.0	110.0	463649	-215.0465	17.524773	-181.28482	-292.9958	-215.04642	17.524307	-181.77081	-293.84378	-0.1850701	1.2265239	8.859255	-9.043454	214.93806	1.0420313	3722.589870929718
282	-128.94794	15.378681	-103.92459	-157.42624	-103.438705	19.284933	-71.22027	-126.93656	110.0	110.0	465299	-214.9461	17.497618	-181.46194	-293.89267	-214.9463	17.496353	-181.59123	-294.10712	-0.18741746	1.2217416	7.449615	-10.028742	214.8381	1.0431191	3735.696336746216
283	-132.4525	12.570058	-116.309875	-158.3544	-93.24538	36.01775	-42.796932	-139.28894	110.0	110.0	466949	-214.77402	17.507187	-181.40317	-293.514	-214.77414	17.506535	-181.5813	-292.7263	-0.18141383	1.2199887	8.416303	-9.403479	214.66096	1.0602465	3748.435299396515
284	-133.62505	17.241152	-95.855865	-164.1889	-107.79496	16.173546	-79.761925	-136.1534	110.0	110.0	468599	-214.63103	17.487333	-181.39511	-292.49057	-214.63094	17.487698	-181.21985	-291.88705	-0.17956318	1.2226627	8.206926	-10.15715	214.51765	1.042079	3761.753606557846
285	-121.70023	11.165141	-97.97867	-142.39796	-111.20139	20.751354	-89.17519	-156.68948	110.0	110.0	470249	-214.53125	17.486332	-181.40604	-293.27872	-214.53157	17.485657	-181.39413	-293.1214	-0.18077816	1.2245613	7.395565	-11.542229	214.41986	1.0291667	3774.3637416362762
286	-124.27114	14.549039	-102.34098	-159.44783	-109.45329	30.49973	-51.537357	-170.18915	110.0	110.0	471899	-214.32945	17.464043	-181.16396	-291.97186	-214.32948	17.463291	-181.19553	-291.7319	-0.18017823	1.2244389	9.231141	-9.4216	214.22041	1.0608679	3788.0342750549316
287	-125.14346	12.837847	-101.2413	-151.1445	-126.37787	25.260227	-91.19363	-163.56969	110.0	110.0	473549	-214.27794	17.37905	-181.0136	-292.75366	-214.2781	17.37774	-181.12213	-292.75302	-0.18130459	1.2324419	7.690357	-9.1951885	214.16393	1.0534652	3801.7260394096375
288	-122.51918	14.936536	-101.23106	-153.04118	-117.66715	20.378551	-84.113815	-155.73941	110.0	110.0	475199	-214.13791	17.417412	-181.10414	-293.57867	-214.1379	17.416344	-180.96011	-293.18423	-0.18225898	1.2252892	8.559505	-10.2934475	214.02371	1.0428901	3815.41934466362
289	-128.47244	14.620748	-100.67176	-150.89493	-110.01225	33.239914	-63.015297	-168.34409	110.0	110.0	476849	-213.95346	17.380692	-180.97961	-291.7038	-213.95348	17.380745	-181.23495	-291.99374	-0.16655046	1.2307311	7.483573	-9.75047	213.84273	1.0699977	3828.209002017975
290	-122.084595	14.381989	-102.98767	-164.44852	-104.38643	35.081245	-28.391563	-167.603	110.0	110.0	478499	-213.86313	17.417423	-181.0596	-292.366	-213.86313	17.417257	-181.32706	-292.07233	-0.17003396	1.2250105	7.9666967	-9.305613	213.75194	1.0400556	3840.7816014289856
291	-126.093155	15.179894	-99.429	-151.77473	-110.739075	26.797037	-65.70168	-150.83147	110.0	110.0	480149	-213.53069	17.289986	-181.28114	-292.60568	-213.53093	17.28913	-181.36778	-292.405	-0.16038427	1.2283154	8.480861	-9.735055	213.42044	1.0520962	3854.581395149231
292	-128.58363	13.009568	-105.27898	-153.8528	-107.75905	32.65162	-66.65446	-161.50955	110.0	110.0	481799	-213.47879	17.3069	-181.51225	-291.9339	-213.47876	17.306206	-181.41716	-292.3572	-0.16739498	1.22836	7.2257156	-9.45202	213.37256	1.0558093	3868.2708406448364
293	-135.96045	17.041334	-109.101814	-170.67453	-130.68832	28.312416	-60.536724	-173.10359	110.0	110.0	483449	-213.40887	17.288147	-181.77838	-290.4282	-213.40887	17.287655	-181.70325	-291.0526	-0.17310897	1.2265193	10.086212	-11.158098	213.29575	1.0402488	3881.9753568172455
294	-125.64927	15.202308	-99.84318	-149.39139	-101.395676	24.067884	-66.75943	-132.86816	110.0	110.0	485099	-213.26706	17.265627	-181.61452	-291.47464	-213.2672	17.265188	-181.6139	-292.04437	-0.16980366	1.2278333	8.864181	-9.77158	213.15933	1.0447551	3895.636733531952
295	-127.76475	14.2937565	-107.94109	-160.13629	-99.15629	28.193546	-45.2384	-132.63419	110.0	110.0	486749	-213.22916	17.184679	-181.21059	-288.3253	-213.22914	17.183895	-181.42982	-288.67856	-0.18154678	1.2183197	7.7160406	-9.536833	213.12091	1.0397785	3908.24910736084
296	-128.38437	15.267529	-92.53101	-153.65976	-108.139786	37.028248	-57.81209	-166.84221	110.0	110.0	488399	-213.00227	17.205166	-181.48021	-289.11295	-213.0023	17.204676	-181.44186	-289.34097	-0.17660424	1.2230365	7.8638697	-8.773502	212.89418	1.053765	3921.935469865799
297	-130.95436	12.744463	-105.81264	-154.42201	-119.995094	31.547142	-73.53359	-168.0511	110.0	110.0	490049	-212.91325	17.10738	-180.9937	-288.5706	-212.91345	17.10747	-181.34459	-288.9176	-0.17920323	1.223042	8.831835	-9.3841095	212.80255	1.0317382	3935.6652648448944
298	-124.441376	9.77133	-105.777016	-138.5915	-108.38047	23.076502	-80.49566	-144.80045	110.0	110.0	491699	-212.79666	17.054134	-181.13809	-290.0373	-212.79668	17.054092	-180.8856	-290.2281	-0.18594162	1.2229947	7.4637947	-11.00312	212.6878	1.0305022	3948.2629935741425
299	-122.55452	13.987103	-105.27455	-150.37477	-119.54624	31.33039	-79.08693	-181.5507	110.0	110.0	493349	-212.69653	17.078136	-180.85199	-292.27536	-212.69641	17.077438	-180.70609	-291.42526	-0.16649674	1.2267692	7.501466	-9.645549	212.58815	1.0661101	3961.9770863056183
300	-124.82424	9.986758	-108.473236	-138.8068	-92.165436	28.060558	-49.57749	-145.70757	110.0	110.0	494999	-212.49057	17.006115	-180.74635	-288.06396	-212.49072	17.006449	-180.81488	-288.18393	-0.17665228	1.2207841	8.1764555	-9.083601	212.38254	1.0392942	3976.0372145175934
