Epoch	AverageEpRet	StdEpRet	MaxEpRet	MinEpRet	AverageTestEpRet	StdTestEpRet	MaxTestEpRet	MinTestEpRet	EpLen	TestEpLen	TotalEnvInteracts	AverageQ1Vals	StdQ1Vals	MaxQ1Vals	MinQ1Vals	AverageQ2Vals	StdQ2Vals	MaxQ2Vals	MinQ2Vals	LossPi	LossQ	Time
1	-6822.1934	2138.7966	-3222.7776	-11466.153	-5996.074	2261.0974	-3197.4636	-10039.54	110.0	110.0	1649	-72.87597	38.770153	0.31232893	-204.6647	-72.67355	39.00735	0.44670048	-205.10608	69.32698	2711.3389	8.538472414016724
2	-6902.3	2087.3022	-3906.6663	-11084.835	-4954.632	1945.7915	-1428.5775	-7642.8857	110.0	110.0	3299	-215.94751	85.11096	-37.053154	-589.36646	-215.90817	85.19496	-35.47215	-589.75604	209.71323	1703.9991	24.231999158859253
3	-6987.0205	2176.811	-2713.9126	-10534.511	-3888.1133	2718.6099	-189.43121	-9571.464	110.0	110.0	4949	-415.19138	121.93807	-127.38289	-972.18243	-415.18372	121.95818	-126.68295	-970.6962	403.9351	2351.8115	37.54174518585205
4	-6200.915	2210.2727	-3427.2488	-11487.063	-2161.9856	1425.3496	-298.4155	-4625.1895	110.0	110.0	6599	-587.80273	159.13875	-234.41345	-1271.8682	-587.7841	159.22917	-233.78047	-1271.8615	573.4763	3227.116	50.74868822097778
5	-7561.3994	2513.4624	-2201.9265	-10828.456	-2119.2542	1949.7861	-76.292	-6713.5107	110.0	110.0	8249	-749.03796	191.885	-304.57706	-1543.1925	-749.0179	192.01228	-302.8856	-1552.7683	729.95105	4080.7478	63.42514681816101
6	-6740.11	1697.6477	-4235.361	-10896.137	-3236.1636	2485.7532	-410.6631	-9505.261	110.0	110.0	9899	-899.01984	218.54567	-361.94217	-1780.6726	-898.99945	218.67485	-364.2973	-1790.0139	874.35815	5128.5176	77.9314444065094
7	-3099.5151	2072.5217	-344.24918	-7002.1074	-3027.0657	2893.7302	-75.52597	-9435.314	110.0	110.0	11549	-990.0861	250.91037	-431.63904	-2005.4512	-990.07904	250.99318	-426.76807	-2013.4576	962.0785	5556.385	91.94767308235168
8	-2280.3123	1557.8076	-181.08488	-5440.9487	-3822.0378	3196.5537	-428.5813	-11312.951	110.0	110.0	13199	-1025.5365	296.0551	-445.96545	-2183.022	-1025.5277	296.11652	-445.9341	-2187.067	997.2496	5363.6084	106.89160966873169
9	-2376.3308	1536.0602	-316.09796	-6261.5596	-2362.5574	2446.5042	-15.631076	-7843.6265	110.0	110.0	14849	-1049.9154	326.6934	-466.47266	-2348.4304	-1049.9019	326.7724	-464.49872	-2350.7915	1022.8916	5141.4907	123.22047758102417
10	-1802.1823	1653.6932	-210.4348	-6313.587	-3169.6406	1888.4443	-1148.2157	-6643.094	110.0	110.0	16499	-1071.3949	351.96295	-472.7866	-2497.0894	-1071.3732	352.0471	-469.6435	-2498.2754	1045.5415	4918.8525	139.5044424533844
11	-2869.8152	2015.0472	-285.9123	-7108.015	-1552.2014	1218.4791	-247.71588	-4615.0728	110.0	110.0	18149	-1082.7767	372.12225	-448.04227	-2630.709	-1082.7495	372.20966	-448.5559	-2629.9546	1056.76	4618.861	153.94871544837952
12	-2194.2847	1554.4296	-61.04703	-5985.5737	-3006.232	2443.926	-506.5218	-8017.5757	110.0	110.0	19799	-1100.8926	387.0724	-422.19162	-2773.1824	-1100.8689	387.1546	-423.46362	-2769.3508	1075.733	4387.5923	170.99554467201233
13	-1331.3651	986.4852	-80.70251	-3520.2583	-2318.3325	1432.0511	-228.53749	-4528.3467	110.0	110.0	21449	-1112.5204	400.02493	-399.79605	-2883.97	-1112.4877	400.11917	-400.1201	-2881.706	1089.3076	4133.5024	185.10699319839478
14	-2407.2395	1340.3475	-370.65286	-5966.866	-2656.4329	1475.5687	-175.4523	-4687.0786	110.0	110.0	23099	-1120.8367	412.8332	-379.94022	-3000.0127	-1120.7996	412.9565	-380.94748	-2992.9626	1095.9065	3977.8564	198.4000120162964
15	-3738.2424	2381.3857	-500.5568	-8823.368	-1670.2015	572.016	-558.35333	-2479.9705	110.0	110.0	24749	-1140.0955	421.28775	-363.72937	-3124.787	-1140.0571	421.4248	-363.90305	-3118.031	1118.8717	3884.2817	212.36466526985168
16	-2582.6409	2805.5908	-66.95482	-9687.145	-1890.5869	2292.0942	-90.75373	-8306.572	110.0	110.0	26399	-1150.7291	431.24466	-347.63635	-3217.8447	-1150.6897	431.38922	-346.7543	-3206.831	1129.3215	3793.1824	225.88787746429443
17	-2113.4165	1391.163	-83.07078	-4684.1313	-1534.677	992.7541	-347.70782	-3968.4016	110.0	110.0	28049	-1157.9908	445.84018	-328.3879	-3308.684	-1157.9517	445.98984	-329.2261	-3295.0637	1135.7983	3692.2224	240.10900044441223
18	-1864.8307	1197.8488	-300.65552	-5371.575	-1741.2141	1604.1781	-98.0101	-4753.2056	110.0	110.0	29699	-1167.5206	459.05695	-317.8237	-3351.7654	-1167.4769	459.19897	-321.2947	-3334.3015	1147.6984	3660.0505	255.25790452957153
19	-1629.9207	1153.9938	-329.94617	-3809.1792	-1194.267	1025.8845	-223.31978	-3810.7107	110.0	110.0	31349	-1177.1943	469.17667	-312.1889	-3441.024	-1177.1453	469.3314	-314.5671	-3424.9634	1157.352	3535.6812	267.8023331165314
20	-2154.6248	1551.2009	-471.73184	-5711.906	-1923.2158	1203.1135	-479.63266	-4471.02	110.0	110.0	32999	-1189.9879	481.55264	-297.09802	-3498.7559	-1189.9368	481.72952	-299.74353	-3482.9949	1170.6758	3556.5696	280.4014174938202
21	-2228.924	1390.694	-273.6	-5148.189	-3267.9607	2549.7214	-174.91843	-8659.657	110.0	110.0	34649	-1199.1843	495.36322	-286.9815	-3541.5095	-1199.1342	495.54346	-290.50766	-3521.5793	1180.8568	3462.2285	292.86251616477966
22	-2251.6428	1966.8214	-567.7062	-8747.338	-1470.294	951.91156	-87.15372	-3660.209	110.0	110.0	36299	-1202.6495	503.54526	-273.9164	-3621.6138	-1202.599	503.72366	-275.0149	-3600.5146	1185.0737	3497.156	305.848965883255
23	-1503.1403	1259.3737	-241.78627	-4336.309	-2445.029	1411.3136	-268.86298	-5859.285	110.0	110.0	37949	-1201.2174	513.5824	-256.88058	-3609.2556	-1201.1537	513.8043	-260.62415	-3589.2432	1183.4625	3466.4922	318.9256329536438
24	-2186.0505	1975.9846	-372.5735	-9010.414	-1952.5114	1561.4663	-684.7612	-6393.768	110.0	110.0	39599	-1202.3419	527.29626	-240.09537	-3660.1155	-1202.2733	527.5208	-240.98682	-3638.802	1184.1561	3443.1353	333.51447200775146
25	-1763.2875	1477.1409	-167.74199	-5972.701	-1660.3053	805.8028	-300.31174	-2792.3142	110.0	110.0	41249	-1197.4622	532.8213	-223.66466	-3661.2573	-1197.3844	533.0687	-227.36699	-3639.9688	1180.5162	3429.4807	346.96124601364136
26	-1656.8907	1033.1774	-64.41548	-4477.5366	-1615.0853	1308.5765	-235.1728	-4907.143	110.0	110.0	42899	-1189.08	539.3627	-205.20749	-3699.9216	-1188.9966	539.6413	-204.59702	-3678.8726	1171.6179	3405.26	359.7627487182617
27	-1967.3593	1276.5065	-356.37164	-4716.687	-1974.1957	1474.5709	-169.99649	-5071.062	110.0	110.0	44549	-1182.4651	545.2013	-193.9333	-3727.4146	-1182.3633	545.5358	-188.55533	-3703.093	1164.1545	3341.8467	373.67687582969666
28	-1072.854	860.98444	-89.19516	-3246.2378	-1768.5178	1202.8718	-148.709	-4313.0415	110.0	110.0	46199	-1169.722	551.55316	-183.6109	-3621.9155	-1169.6171	551.88544	-178.94016	-3616.1487	1152.1558	3320.5	387.3201730251312
29	-1348.174	508.7123	-493.9305	-2358.5005	-1348.084	741.8873	-312.9082	-2795.895	110.0	110.0	47849	-1154.3955	556.6479	-176.52512	-3821.2432	-1154.2949	557.00604	-173.41333	-3794.395	1138.3362	3305.1523	401.78833985328674
30	-1501.0156	1278.583	-192.54396	-3948.983	-1247.2603	701.2445	-67.33151	-2434.4934	110.0	110.0	49499	-1143.9752	563.49274	-166.45763	-3829.6409	-1143.856	563.8559	-159.35953	-3797.501	1125.4447	3263.5789	417.7112543582916
31	-1544.2255	1261.427	-234.90648	-4808.614	-1312.5139	645.2239	-241.39082	-2477.1614	110.0	110.0	51149	-1130.5381	567.1435	-153.99002	-3882.445	-1130.4313	567.50397	-148.84056	-3846.4236	1112.1296	3199.0398	430.9443199634552
32	-1719.0519	1109.2225	-296.38077	-3894.3708	-1448.5574	1355.6287	-280.02148	-4385.1855	110.0	110.0	52799	-1120.3925	567.02264	-142.51804	-3890.1157	-1120.2751	567.393	-138.71587	-3853.9736	1102.062	3117.337	443.6000599861145
33	-1705.1685	866.3363	-402.46002	-3394.375	-2016.2766	1097.9031	-749.7252	-4581.39	110.0	110.0	54449	-1108.2758	566.7402	-131.3234	-3714.4814	-1108.1492	567.1568	-123.93558	-3706.3218	1092.694	3079.0544	456.6444602012634
34	-1676.689	906.61115	-338.16104	-3725.0469	-1902.6039	871.1283	-159.80922	-3147.0916	110.0	110.0	56099	-1098.5431	567.0603	-118.655846	-3925.8098	-1098.4167	567.46576	-115.495705	-3890.1638	1080.1746	3086.9363	470.4994287490845
35	-1781.0404	1240.1118	-108.17287	-3765.7139	-1715.1957	864.46893	-269.08047	-3126.0527	110.0	110.0	57749	-1090.7811	565.72845	-111.49095	-3918.1316	-1090.6606	566.11584	-110.78161	-3883.5647	1075.11	3027.7874	483.9819483757019
36	-1457.0684	955.7995	-296.79373	-3192.1572	-1169.2957	794.03784	-166.5688	-2748.1797	110.0	110.0	59399	-1078.198	563.544	-101.16361	-3921.9578	-1078.0769	563.967	-96.39514	-3884.4548	1063.1262	2925.5276	498.11299085617065
37	-1475.2361	677.24896	-440.67767	-2732.979	-1500.8635	1419.4202	-637.5816	-5621.772	110.0	110.0	61049	-1058.6752	558.3399	-98.17912	-3916.1091	-1058.5505	558.73645	-89.86205	-3879.5203	1041.4866	2885.305	514.0241980552673
38	-1308.2726	854.8095	-191.68152	-3001.5825	-1217.2979	684.9204	-395.85962	-2403.1797	110.0	110.0	62699	-1043.329	554.167	-80.25479	-3879.0376	-1043.2339	554.49695	-67.66284	-3851.5889	1026.3536	2836.8457	527.3921253681183
39	-1776.4127	1364.3923	-232.39645	-4824.969	-1018.291	346.80844	-429.6952	-1723.3087	110.0	110.0	64349	-1030.1172	551.8166	-70.57616	-3898.8042	-1030.0121	552.13196	-57.818806	-3862.663	1012.3107	2789.7134	541.5624401569366
40	-1716.11	1239.1749	-211.296	-5183.8726	-1404.9868	1047.0714	-240.7935	-4017.9326	110.0	110.0	65999	-1015.4019	549.82074	-43.975895	-3891.1785	-1015.3022	550.12274	-34.92723	-3848.6528	997.3735	2775.4395	555.0261919498444
41	-1591.4989	873.9038	-120.49479	-3101.0583	-1350.5872	653.5146	-480.27692	-2677.8325	110.0	110.0	67649	-1001.9048	544.3818	-37.59149	-3854.611	-1001.7986	544.68695	-25.343039	-3824.728	983.25085	2765.1887	572.7872688770294
42	-1725.5507	1143.4304	-96.210495	-4104.3555	-1092.7107	502.76187	-90.8953	-2073.9092	110.0	110.0	69299	-984.4486	539.4065	-30.877823	-3768.4624	-984.34863	539.7208	-4.822457	-3736.6326	964.5225	2742.141	586.8394231796265
43	-1434.8188	956.1381	-183.34029	-3365.2786	-1527.2352	879.7124	-437.76218	-3267.453	110.0	110.0	70949	-973.0749	534.94604	1.6119118	-3730.6665	-972.95154	535.3054	11.019863	-3701.6316	955.70984	2689.668	601.7682762145996
44	-1607.2235	818.7295	-226.89703	-3098.3901	-1416.2981	775.8299	-123.72813	-2497.5317	110.0	110.0	72599	-952.8596	529.6613	16.853836	-3706.164	-952.736	530.05786	24.501915	-3678.425	935.79626	2603.4067	618.3285427093506
45	-1766.6301	950.53796	-411.85123	-3815.2822	-1121.6477	648.3299	-346.67023	-2644.9065	110.0	110.0	74249	-938.52325	523.4209	24.28032	-3651.054	-938.39105	523.84406	26.383232	-3616.2322	921.482	2579.798	632.4191584587097
46	-1716.6665	996.39624	-461.33014	-4387.502	-1529.1915	850.96	-191.40294	-2703.148	110.0	110.0	75899	-919.25287	516.4163	28.721899	-3609.2292	-919.12225	516.88306	38.83503	-3576.4163	902.94037	2508.6716	646.5602467060089
47	-1467.9233	855.66583	-65.634926	-3138.6199	-1676.4017	1123.5619	-479.89877	-3556.6797	110.0	110.0	77549	-904.72125	511.58563	32.32402	-3562.9597	-904.592	512.0888	42.474693	-3531.5234	884.8788	2519.2686	660.2779514789581
48	-1540.7499	773.3247	-459.2859	-3199.8455	-1210.0507	872.63904	-314.97412	-2668.5903	110.0	110.0	79199	-888.95294	508.12875	54.450935	-3548.9949	-888.80725	508.70062	52.497925	-3513.715	870.89667	2482.8945	674.309103012085
49	-1597.1224	1641.425	-186.85411	-6705.9736	-1559.7546	773.1069	-776.8797	-2834.1958	110.0	110.0	80849	-871.8608	506.80472	59.305183	-3528.8267	-871.7108	507.4031	55.438274	-3491.5881	854.09955	2438.9084	690.2586269378662
50	-1147.5739	531.9209	-211.74947	-2158.7263	-1476.1776	1066.089	-207.70427	-3477.3652	110.0	110.0	82499	-857.0961	503.33014	69.48681	-3518.259	-856.94635	503.93976	64.96188	-3481.313	838.9571	2410.0168	706.6729843616486
51	-1303.9452	1070.3346	-237.10309	-4219.0264	-1641.2291	762.09296	-610.9345	-3305.0347	110.0	110.0	84149	-844.8772	501.83054	70.388985	-3478.6768	-844.7318	502.43707	70.54213	-3438.4243	826.9814	2329.5408	721.2581782341003
52	-1243.7758	720.4312	-166.75119	-2524.9365	-1735.845	1138.2985	-117.47201	-3841.0627	110.0	110.0	85799	-832.43256	499.1813	83.4222	-3406.0398	-832.30096	499.81403	79.01163	-3364.093	817.73804	2287.1396	735.6565120220184
53	-1005.22955	777.29895	-105.20043	-3010.1904	-1619.8381	1401.6113	-239.483	-4552.3037	110.0	110.0	87449	-817.7997	495.07498	91.781624	-3405.4265	-817.67615	495.64374	88.65631	-3359.7327	800.2644	2174.5798	750.0358865261078
54	-1315.9929	872.0779	-162.9191	-3070.661	-751.2616	416.7189	-240.79495	-1786.4458	110.0	110.0	89099	-803.743	492.15085	93.127785	-3379.4568	-803.62354	492.7202	100.617645	-3337.1326	788.1887	2136.8057	765.3856160640717
55	-1455.9094	711.50055	-313.45718	-2603.1277	-1238.4973	613.3956	-498.55072	-2466.1462	110.0	110.0	90749	-792.1383	489.5239	100.037445	-3276.7715	-792.0233	490.07446	109.392555	-3243.4753	774.72546	2091.9946	781.3003804683685
56	-1420.2418	864.58813	-234.82874	-3650.5989	-1621.409	1344.1052	-287.9016	-4104.6763	110.0	110.0	92399	-780.837	488.45282	117.80398	-3312.489	-780.72644	489.02042	122.092995	-3258.9336	764.9858	2062.5344	795.2563481330872
57	-1233.4689	804.02875	-275.60663	-2923.0444	-1395.7717	1237.245	-121.837425	-4033.9783	110.0	110.0	94049	-771.15857	487.90942	119.39939	-3262.87	-771.03973	488.49463	123.400444	-3215.5154	752.18164	1990.9634	809.1724479198456
58	-992.01544	579.08124	-454.91275	-2528.2114	-942.19763	639.1915	-136.34755	-2106.9436	110.0	110.0	95699	-760.83875	485.3392	116.66869	-3246.2544	-760.7421	485.88586	125.44185	-3199.0178	744.1856	1915.5951	823.6522784233093
59	-1344.2294	714.58826	-210.4382	-2734.0225	-1056.4705	550.153	-36.8769	-1984.8882	110.0	110.0	97349	-748.2122	485.6906	121.718	-3205.3975	-748.11755	486.24048	132.08994	-3156.037	730.75616	1901.4861	836.9410996437073
60	-1533.0929	982.12585	-364.6323	-3837.089	-1168.3098	727.1618	-73.21838	-2383.1309	110.0	110.0	98999	-740.27057	482.94586	129.16615	-3201.7449	-740.18335	483.49377	143.23973	-3161.656	723.81213	1874.0188	851.40305519104
61	-1047.202	877.0597	-69.5821	-3378.8682	-1461.0212	1158.2386	-170.57172	-4326.0396	110.0	110.0	100649	-735.03217	483.35892	131.74515	-3201.4321	-734.95514	483.88596	138.56413	-3170.8105	718.3909	1845.0161	866.1299071311951
62	-1293.9517	906.9516	-248.41321	-3149.5757	-1038.8873	558.82825	-228.44241	-2181.2578	110.0	110.0	102299	-723.0075	480.95834	139.63333	-3192.9553	-722.9295	481.45236	146.39748	-3160.5532	708.13654	1813.4923	880.1662585735321
63	-1792.5024	1114.1874	-117.01125	-3736.2676	-1740.1025	1543.6456	-141.918	-5371.591	110.0	110.0	103949	-718.4617	481.03867	139.97684	-3161.7568	-718.3866	481.54727	147.10548	-3128.045	701.37067	1796.187	894.5678248405457
64	-1169.6296	643.2418	-290.48215	-2306.7083	-787.94324	693.8737	-226.6291	-2562.2913	110.0	110.0	105599	-713.62695	483.20712	138.57169	-3151.0586	-713.56274	483.6926	141.76472	-3126.599	696.32904	1745.1073	908.5573847293854
65	-1175.6566	911.96924	-175.9616	-3230.514	-835.67206	417.60153	-130.33392	-1464.3772	110.0	110.0	107249	-708.498	485.75592	144.39723	-3177.9563	-708.4359	486.22867	140.63464	-3153.0635	692.25385	1755.738	922.4280648231506
66	-1208.5569	547.5332	-261.28513	-2464.2073	-891.82745	630.61176	-255.23265	-2438.207	110.0	110.0	108899	-698.4999	487.2736	188.025	-3192.3867	-698.4393	487.7307	165.17482	-3165.0847	680.68256	1689.2837	938.9024674892426
67	-1374.9618	1043.2091	-257.11218	-4802.312	-945.3869	576.46387	-83.93734	-1999.8784	110.0	110.0	110549	-694.0086	491.60736	193.33327	-3203.076	-693.9629	492.03497	165.0241	-3183.265	677.01025	1686.9303	952.7915940284729
68	-1069.4325	645.2529	-330.924	-2595.2847	-1621.865	1328.3654	-368.01077	-4107.7207	110.0	110.0	112199	-681.589	488.58502	199.15671	-3212.9934	-681.5433	489.00897	172.28345	-3163.0088	663.8028	1610.9181	967.0893528461456
69	-1243.6088	568.7779	-269.5529	-2494.8787	-1243.1459	408.98767	-559.1144	-1734.4098	110.0	110.0	113849	-674.15295	488.1754	175.00572	-3272.2053	-674.1166	488.55798	161.48444	-3244.1006	655.445	1602.4132	980.0729615688324
70	-1105.7319	955.9197	-85.02426	-3131.6982	-998.463	807.09326	-252.0479	-2704.868	110.0	110.0	115499	-664.0699	489.03998	188.26004	-3269.766	-664.0275	489.44092	173.72113	-3259.1838	644.67456	1590.5645	992.9541382789612
71	-1166.0603	587.69446	-299.21558	-2304.1218	-1587.0002	1048.9984	-10.177716	-3956.7305	110.0	110.0	117149	-657.0608	488.40848	214.63065	-3287.8792	-657.0196	488.75717	191.06523	-3269.7856	641.31805	1567.5886	1005.3990290164948
72	-1140.9998	887.7746	-26.65474	-3285.2651	-1137.2416	686.8972	-501.93207	-2951.8618	110.0	110.0	118799	-652.31915	487.0204	209.92233	-3245.546	-652.2745	487.35953	188.3769	-3223.8306	633.3231	1584.7479	1018.9065463542938
73	-980.3776	707.7376	-242.96556	-2575.3196	-953.546	478.24792	-69.630226	-1830.5013	110.0	110.0	120449	-645.8308	486.5579	191.35825	-3241.4912	-645.79425	486.87042	185.0582	-3223.3208	629.8924	1531.4957	1032.2477583885193
74	-1144.26	937.9801	-96.67759	-4002.464	-1045.4127	727.6744	-134.76059	-2518.1853	110.0	110.0	122099	-639.47687	482.69922	212.04431	-3246.4077	-639.4464	482.99835	186.32433	-3222.1218	623.3561	1478.9797	1045.3329889774323
75	-1041.1698	478.75708	-311.0838	-2212.704	-1351.4777	517.67554	-296.08502	-2383.1887	110.0	110.0	123749	-633.8489	480.90576	189.85707	-3177.1604	-633.80914	481.19983	187.42976	-3135.038	616.73376	1446.013	1060.7115592956543
76	-1289.5598	1147.6343	-118.03785	-4663.095	-1415.9266	1108.5671	-416.06796	-3596.6582	110.0	110.0	125399	-625.3356	477.37018	208.42546	-3202.3364	-625.2989	477.64423	185.86008	-3191.4827	608.0996	1445.1852	1076.5910003185272
77	-1037.8856	696.87665	-252.85422	-2651.909	-963.40906	649.6161	-262.14398	-2033.0565	110.0	110.0	127049	-622.616	478.36697	189.41492	-3220.2407	-622.5844	478.62897	184.05626	-3206.3538	607.0833	1434.1119	1089.3108944892883
78	-1264.8696	568.34265	-285.93097	-2023.1897	-575.62537	262.2376	-263.84918	-1013.6846	110.0	110.0	128699	-620.273	478.08334	190.61807	-3170.438	-620.251	478.3325	185.71648	-3161.558	603.6697	1389.6973	1102.7881753444672
79	-1058.8539	772.388	-194.013	-2559.7092	-1172.1067	944.6105	-306.81638	-3664.9146	110.0	110.0	130349	-617.19885	477.96677	209.01578	-3072.235	-617.1695	478.19202	186.44037	-3030.587	601.5394	1385.8538	1117.7820420265198
80	-1401.2324	889.8387	-448.15646	-4016.2385	-1163.195	899.0007	-424.44266	-3572.5454	110.0	110.0	131999	-613.29114	476.44147	189.15462	-3147.523	-613.2658	476.66925	181.38326	-3136.608	596.4464	1367.0382	1131.2775712013245
81	-1087.1552	1209.6927	-342.97803	-5404.3257	-864.2046	312.48343	-227.92593	-1486.7042	110.0	110.0	133649	-611.9591	475.77017	183.33578	-3038.4272	-611.9315	475.979	178.30243	-2993.796	595.67737	1372.0194	1144.5627207756042
82	-1344.7539	1245.6436	-237.45084	-4959.024	-834.5052	613.76166	-120.43064	-2027.051	110.0	110.0	135299	-609.23236	474.41525	180.35814	-3173.537	-609.20404	474.61053	176.36894	-3170.8164	594.74506	1333.2758	1157.8892736434937
83	-976.96704	846.5815	-170.19768	-3511.4216	-1169.9478	1074.9694	-225.64552	-4235.258	110.0	110.0	136949	-611.03033	478.15414	174.5557	-3054.3892	-611.0095	478.35156	167.85104	-3014.2446	596.9955	1339.9131	1171.605942249298
84	-1242.3102	817.7857	-252.60574	-3473.722	-1027.1338	986.66736	-116.66493	-3399.4622	110.0	110.0	138599	-609.64484	475.93414	173.3578	-3159.1978	-609.62915	476.1023	170.48859	-3160.9167	594.91974	1318.3857	1184.9068393707275
85	-986.1217	300.0033	-377.13885	-1610.9615	-827.0964	562.7919	-109.96837	-2051.03	110.0	110.0	140249	-605.8764	473.8225	171.95302	-3072.0693	-605.8536	474.0043	173.31808	-3032.6777	592.6093	1307.6948	1198.1047151088715
86	-1024.2703	599.4335	-190.7648	-2046.0472	-861.8	607.25	-84.72046	-2313.5168	110.0	110.0	141899	-607.66187	473.40332	173.62593	-3076.757	-607.6508	473.5625	171.68103	-3033.3777	594.197	1297.9158	1211.1840524673462
87	-1796.8354	1374.5063	-352.8114	-4440.951	-722.1998	521.45337	-277.26022	-1766.9684	110.0	110.0	143549	-604.88525	470.7713	168.42955	-3077.5964	-604.8737	470.91885	168.72151	-3034.123	591.27295	1290.6447	1225.5321629047394
88	-994.44073	665.9673	-21.793303	-2248.5042	-1271.7908	873.0365	-473.42462	-3428.9055	110.0	110.0	145199	-604.7251	469.90955	179.1888	-3135.2551	-604.71216	470.0604	182.08646	-3122.57	588.7968	1275.9669	1239.004873752594
89	-671.6374	625.25134	-95.08379	-2733.5227	-1556.8539	802.45294	-578.3837	-2966.526	110.0	110.0	146849	-599.89484	469.25253	190.39389	-3130.3777	-599.8862	469.37122	190.37828	-3120.4785	584.5144	1257.1128	1252.2173669338226
90	-1174.3372	770.57605	-188.63832	-2898.7974	-830.646	358.03864	-293.54517	-1639.0276	110.0	110.0	148499	-595.7745	467.0141	184.92062	-3039.465	-595.76465	467.15738	180.81166	-2979.54	581.3958	1268.2532	1266.0342390537262
91	-929.71716	637.4326	-255.29369	-2789.0442	-914.47833	477.59012	-156.43031	-1738.7767	110.0	110.0	150149	-591.0918	463.8973	173.60213	-3110.6313	-591.082	464.01147	168.72597	-3102.5137	576.0244	1254.6559	1278.680605173111
92	-1088.2614	1084.7655	-195.72246	-4936.6245	-1388.238	2215.5454	-165.53378	-7897.404	110.0	110.0	151799	-586.4465	463.512	174.39207	-3042.6567	-586.4415	463.62613	170.54305	-2988.1726	571.5182	1253.9666	1293.014170408249
93	-845.13745	786.628	-81.11505	-2998.1128	-1272.5969	532.3841	-189.14174	-1988.1753	110.0	110.0	153449	-580.9982	459.25824	176.41281	-3114.8508	-580.9928	459.35736	172.00735	-3092.4954	567.513	1239.2288	1307.8419826030731
94	-900.2245	629.4478	-315.62674	-2634.2266	-1481.6216	988.38965	-541.71155	-3899.6255	110.0	110.0	155099	-576.4874	456.5358	179.08817	-3078.3376	-576.4869	456.6464	177.58804	-3063.0713	562.12354	1237.551	1321.687123298645
95	-935.0163	282.1744	-335.89343	-1371.1958	-677.7087	413.62314	-149.95027	-1328.709	110.0	110.0	156749	-574.7929	455.9505	178.73404	-2986.9458	-574.7877	456.02374	176.2798	-2959.5054	559.58594	1244.6216	1335.9773840904236
96	-910.7894	565.11597	-324.47504	-2462.428	-614.3246	353.49774	-172.7834	-1455.4136	110.0	110.0	158399	-571.5375	453.12238	177.85117	-3091.817	-571.53424	453.18338	177.29677	-3079.293	555.3901	1221.5635	1349.9056470394135
97	-1062.705	774.7635	-253.34561	-2803.0242	-1033.9119	776.6685	-186.43301	-2939.934	110.0	110.0	160049	-570.401	453.57544	175.3036	-3091.3796	-570.39624	453.62283	176.82512	-3070.9006	555.89154	1246.4938	1364.3450105190277
98	-858.48804	636.56555	-272.08456	-2530.0022	-872.1668	487.95178	-165.97296	-1708.3418	110.0	110.0	161699	-568.3504	452.61267	175.64214	-3102.5771	-568.3517	452.68204	177.03584	-3086.4243	554.7262	1213.3628	1378.0790536403656
99	-894.81647	612.28375	-183.68109	-2557.5366	-808.46765	372.20636	-159.51013	-1587.3126	110.0	110.0	163349	-563.1931	451.98773	183.38423	-3076.8015	-563.1911	452.04428	181.51755	-3075.568	549.24493	1210.1019	1391.659945487976
100	-945.9354	548.777	-287.7224	-2012.7303	-924.45245	767.842	-192.00577	-2400.8752	110.0	110.0	164999	-561.4243	450.51788	181.10783	-3075.2913	-561.42316	450.53778	179.20924	-3068.52	545.7661	1218.6871	1406.761739730835
