Epoch	AverageEpRet	StdEpRet	MaxEpRet	MinEpRet	AverageTestEpRet	StdTestEpRet	MaxTestEpRet	MinTestEpRet	EpLen	TestEpLen	TotalEnvInteracts	AverageQVals	StdQVals	MaxQVals	MinQVals	LossPi	LossQ	Time
1	-770.99304	288.12308	-292.83353	-1364.8074	-788.8435	376.85712	-2.7548876	-1416.7745	110.0	110.0	1649	-14.567892	8.497381	0.273373	-55.54635	14.148078	9.499671	6.188903331756592
2	-614.7901	128.4814	-381.5406	-918.2846	-519.6169	247.86374	-213.14587	-915.3286	110.0	110.0	3299	-39.44009	20.075127	-0.056593984	-128.2187	37.245796	10.74031	16.571622133255005
3	-725.75336	211.76297	-499.45886	-1116.1927	-363.58405	319.40268	-35.49796	-1231.9348	110.0	110.0	4949	-61.416817	28.377302	15.129162	-173.10652	57.34782	18.807676	26.28071141242981
4	-697.50134	258.6203	-273.49606	-1241.4565	-232.07812	169.04314	-56.488857	-647.77936	110.0	110.0	6599	-73.23903	40.317123	32.793243	-224.52141	68.27354	27.411392	36.13879632949829
5	-671.39667	249.76228	-345.03595	-1127.0955	-184.64018	114.127884	-11.287332	-441.27414	110.0	110.0	8249	-77.487785	47.26711	35.109715	-265.26172	71.901695	31.936499	45.88598036766052
6	-723.1956	226.68149	-397.64243	-1155.9525	-154.07022	138.14351	-10.906207	-409.89172	110.0	110.0	9899	-78.1981	53.412964	38.19193	-290.51547	72.03315	35.465057	55.532557010650635
7	-134.57114	122.433	78.16636	-398.0363	-190.0297	149.9506	-0.03805811	-452.82245	110.0	110.0	11549	-75.85093	57.050518	37.22608	-302.6459	69.82042	37.95208	65.1095552444458
8	-167.51755	177.54445	142.29956	-588.9936	-184.49449	159.06424	-2.0662904	-501.80362	110.0	110.0	13199	-66.29513	57.98332	44.130116	-310.83734	60.670597	35.706818	75.15472435951233
9	-158.19077	139.25018	6.518938	-517.95435	-185.1573	214.01094	120.64323	-534.3348	110.0	110.0	14849	-53.975727	58.54002	58.530396	-304.64505	48.75656	34.317913	85.17861461639404
10	-132.14641	129.10158	24.749523	-465.45868	-172.66814	187.0648	13.9332	-636.4924	110.0	110.0	16499	-43.31821	57.666565	64.44191	-304.6577	38.42852	30.632107	95.39513444900513
11	-107.36158	112.96307	116.348595	-383.30472	-87.29466	97.5302	88.6804	-237.84381	110.0	110.0	18149	-32.870056	56.5917	77.50427	-294.8221	28.202765	27.323881	105.56972312927246
12	-49.41814	89.41678	95.59708	-214.82594	-84.91272	165.12857	185.03712	-412.57333	110.0	110.0	19799	-20.993483	56.329323	92.90222	-271.0782	16.519318	24.886496	116.07373428344727
13	-81.38086	92.38475	79.50072	-258.49945	-102.11992	54.902187	-23.337336	-190.93338	110.0	110.0	21449	-10.718009	55.947094	103.02121	-267.28067	6.4687495	23.700867	126.07440161705017
14	-136.79987	102.474594	-5.9345036	-310.89578	-75.575516	87.061386	80.44735	-202.01497	110.0	110.0	23099	-1.1459057	56.67667	116.699066	-262.0452	-2.9831948	22.79344	136.31220269203186
15	-81.740326	87.9541	60.87479	-320.4893	-152.57523	191.24193	99.55009	-632.8862	110.0	110.0	24749	9.135969	57.06371	131.51733	-258.48746	-13.172508	22.054167	146.37894654273987
16	-81.88095	98.62071	64.53286	-307.25427	-207.76135	188.39723	149.09512	-564.69867	110.0	110.0	26399	18.91181	58.382454	153.70491	-254.52077	-22.80786	21.656998	156.36097979545593
17	-84.08656	92.38124	91.21078	-294.93298	-154.14426	166.01273	176.60487	-436.42548	110.0	110.0	28049	28.875473	59.627293	167.78429	-243.37117	-32.64587	21.328968	166.13033962249756
18	-106.83752	106.9025	45.613716	-325.0584	-72.52906	108.2626	147.49579	-219.49677	110.0	110.0	29699	38.45485	60.12526	178.89413	-235.45033	-42.11373	21.069105	175.58955025672913
19	-105.00463	90.60394	97.09221	-286.15872	-113.19873	129.41132	76.17192	-451.1374	110.0	110.0	31349	46.95836	61.1248	186.6242	-232.62263	-50.49862	20.697273	185.43606448173523
20	-105.26482	94.786804	127.75198	-320.66455	-95.51124	120.77136	68.5941	-388.7825	110.0	110.0	32999	54.98907	61.617947	196.08737	-229.35762	-58.45662	20.479328	196.90246152877808
21	-86.40682	96.06671	58.93513	-309.74915	-12.5158825	116.48713	148.83264	-192.84886	110.0	110.0	34649	63.773533	62.667694	205.50536	-224.369	-67.27606	20.283705	207.8126995563507
22	-105.01808	97.44152	22.014057	-291.23154	-144.04413	104.006424	-9.266985	-345.1124	110.0	110.0	36299	72.910385	63.777084	209.21977	-214.19704	-76.404785	20.470978	218.2863314151764
23	-119.72202	112.17993	45.614784	-373.77567	-197.98007	90.49166	-49.69959	-334.07724	110.0	110.0	37949	82.321175	64.76084	215.12572	-200.89035	-85.755684	19.94947	228.78076577186584
24	-85.179184	81.1489	99.8902	-263.05255	-102.63395	119.60947	55.455757	-389.15976	110.0	110.0	39599	91.64251	65.58945	226.57443	-199.47026	-94.93288	19.9738	239.47501015663147
25	-153.75624	117.75519	66.63954	-430.70474	-115.686935	111.74253	57.473698	-310.50974	110.0	110.0	41249	99.32272	66.39471	238.26784	-207.73279	-102.54535	19.46448	249.41659903526306
26	-113.41981	159.63327	67.94606	-508.85004	-56.243267	85.57789	105.961365	-230.06778	110.0	110.0	42899	106.88978	67.10052	248.01926	-200.1231	-110.055	19.395727	260.23022651672363
27	-104.34414	174.97748	163.01712	-599.4971	-98.86571	66.36057	-5.2484336	-204.88414	110.0	110.0	44549	113.69814	68.764725	258.3437	-211.4743	-116.812355	19.558046	272.1728193759918
28	-77.22783	130.37886	166.43272	-419.25537	-10.857096	82.983505	169.96532	-115.33128	110.0	110.0	46199	120.27429	70.23942	273.71143	-218.1704	-123.373375	19.737097	282.3662896156311
29	-63.311905	147.30179	154.58603	-418.56784	-68.92157	93.69414	153.37283	-173.22897	110.0	110.0	47849	127.25154	71.658104	277.21558	-224.08319	-130.36201	19.938797	292.2361857891083
30	-138.95338	108.68559	-31.850336	-394.78836	-97.51882	51.300285	-30.036304	-170.64754	110.0	110.0	49499	134.47673	73.14323	291.7529	-238.77979	-137.55363	20.236036	302.2584960460663
31	-102.64018	93.8076	-19.388447	-323.13876	-121.25443	132.80676	133.67017	-380.504	110.0	110.0	51149	141.36333	74.60535	295.84412	-244.02	-144.42786	19.904531	312.11829113960266
32	-63.96089	113.62428	151.38472	-363.63968	-164.56607	137.80275	-0.9862583	-396.1579	110.0	110.0	52799	147.65466	75.873825	300.95364	-246.04607	-150.66231	19.366262	322.9747703075409
33	-64.76341	70.054	63.7293	-169.0352	-149.21097	129.54483	20.89917	-455.35062	110.0	110.0	54449	154.78499	76.47691	306.5246	-245.91258	-157.8005	19.45138	333.5189895629883
34	-107.73374	100.35475	43.093098	-325.37628	-78.33591	95.6014	143.68633	-247.82083	110.0	110.0	56099	161.3797	76.882484	313.52295	-254.55905	-164.3841	19.548592	343.71145129203796
35	-110.31618	125.7402	54.647404	-363.70126	-63.008057	212.32597	172.12476	-646.8068	110.0	110.0	57749	167.0518	77.91649	329.3552	-258.6356	-169.96442	19.630478	354.3001799583435
36	-48.30358	96.37888	114.41873	-190.97998	-75.40079	136.2168	144.1534	-354.3317	110.0	110.0	59399	173.64697	78.71667	338.87134	-254.47209	-176.53603	19.534855	364.81698203086853
37	-69.04499	92.4087	99.68161	-260.52194	-124.9953	153.81308	-1.5556837	-414.74472	110.0	110.0	61049	179.26187	79.676605	343.65674	-265.3084	-182.08588	19.516388	375.80201482772827
38	-105.110725	164.15932	50.01472	-628.70544	-129.22855	127.57615	77.31979	-318.9712	110.0	110.0	62699	184.67375	80.951256	345.205	-272.2507	-187.39261	19.155487	386.83184361457825
39	-78.69661	96.28238	65.5075	-331.62473	-90.43195	179.14676	132.84372	-566.91003	110.0	110.0	64349	188.52812	81.67025	355.50443	-272.90726	-191.24913	19.606464	397.67195534706116
40	-62.527184	96.12271	133.6365	-254.88548	-225.90742	248.04813	55.43026	-700.0581	110.0	110.0	65999	193.99162	81.78088	361.7183	-286.78516	-196.8092	19.97474	409.9199299812317
41	-59.408123	107.057755	112.8291	-345.66473	-137.06442	93.95744	-12.2410345	-329.84814	110.0	110.0	67649	199.2561	82.121704	366.12982	-278.14804	-202.14493	19.80433	421.1173605918884
42	-99.22845	107.66548	80.74044	-288.85965	-76.633835	49.89975	-4.2039747	-155.26976	110.0	110.0	69299	205.16249	81.7808	370.90778	-272.07794	-207.99637	19.95977	431.56423449516296
43	-23.581707	65.429665	85.31685	-132.44441	-94.40556	84.29776	7.244087	-253.0047	110.0	110.0	70949	211.17381	81.79437	378.08752	-274.11646	-214.06035	20.22953	441.30063462257385
44	-86.86681	77.62159	26.72659	-262.00223	-81.02723	69.24492	-8.917765	-248.35281	110.0	110.0	72599	216.8514	82.22404	379.69263	-277.40982	-219.65225	20.024506	451.0211637020111
45	-78.69343	105.56034	98.92585	-318.93222	-63.934895	96.067535	138.61981	-204.63232	110.0	110.0	74249	221.76402	82.84103	383.78265	-273.15897	-224.6486	20.476122	461.4355344772339
46	-82.7294	106.817406	32.83566	-369.09167	-108.573425	68.351074	-18.035192	-255.04814	110.0	110.0	75899	227.79524	82.59137	383.7999	-271.1921	-230.55542	19.964792	471.5404109954834
47	-99.82542	100.617065	8.7567425	-428.4183	-79.94057	135.94977	151.18741	-280.30875	110.0	110.0	77549	232.75433	82.34778	387.2937	-255.883	-235.55875	19.44449	481.81135177612305
48	-83.20756	88.21387	14.861315	-333.69705	-90.20575	60.759235	16.308546	-199.8274	110.0	110.0	79199	237.53746	82.51361	390.5842	-256.9629	-240.33284	19.361757	491.80663895606995
49	-43.67008	53.254524	64.97111	-159.8519	-67.76402	96.61921	67.0331	-314.80493	110.0	110.0	80849	242.45195	82.3259	393.81628	-255.2814	-245.22047	19.473204	502.5561525821686
50	-84.59901	68.30179	13.585017	-258.38556	-95.00511	114.363205	72.347305	-323.10608	110.0	110.0	82499	246.49048	82.01185	406.10568	-246.05457	-249.25179	19.511444	513.1494879722595
51	-93.01919	78.757904	46.340176	-252.75235	-0.66388243	99.03744	157.53882	-166.07016	110.0	110.0	84149	251.67714	81.29763	414.991	-235.42358	-254.34917	19.06936	522.9926092624664
52	-67.79379	82.395546	79.41644	-184.88945	-74.70889	61.7559	52.08735	-181.12276	110.0	110.0	85799	254.8831	81.330605	420.818	-235.59041	-257.55627	18.935226	533.4689552783966
53	-114.42935	111.36896	12.7500105	-418.72034	-91.80757	107.88761	164.51459	-225.92131	110.0	110.0	87449	258.18112	80.82587	428.54102	-221.36601	-260.78763	19.303577	544.6353342533112
54	-36.734203	88.59872	114.36249	-231.88959	-30.786213	41.836185	76.55378	-91.12551	110.0	110.0	89099	261.49823	81.335686	435.85913	-230.8641	-264.1153	19.615944	555.0112698078156
55	-67.97596	71.18239	52.190273	-191.98946	-118.1003	83.757324	-13.5518875	-318.57748	110.0	110.0	90749	264.32288	82.19855	440.44568	-231.26392	-266.91248	19.846167	565.8105862140656
56	-72.625946	83.91463	108.06821	-278.10934	-72.28749	98.300575	151.21585	-224.03658	110.0	110.0	92399	267.18137	81.90596	439.13416	-237.26361	-269.75638	19.827024	577.4581797122955
57	-72.47719	106.3615	152.54	-341.40594	-91.87002	148.91919	146.41306	-351.12473	110.0	110.0	94049	269.43344	82.0502	435.9131	-224.63948	-272.03366	19.631687	587.7779760360718
58	-34.752163	95.51176	102.25032	-232.71825	-75.48324	35.28102	-13.411413	-121.47278	110.0	110.0	95699	273.05652	81.15076	434.41998	-214.345	-275.6662	19.566292	598.3520624637604
59	-104.45788	103.898964	44.46405	-340.16043	-106.752	65.449974	-12.947344	-224.35341	110.0	110.0	97349	276.23383	81.347496	433.35898	-206.87878	-278.9227	19.625801	608.5038487911224
60	-60.892017	82.717476	86.608154	-250.89091	-112.23375	129.67415	36.941174	-419.12393	110.0	110.0	98999	280.4108	80.449524	438.9576	-206.69505	-283.06613	20.06733	621.2960228919983
61	-87.87022	90.30775	60.454475	-317.9095	-83.58351	119.574745	176.77795	-284.56293	110.0	110.0	100649	282.92453	80.873215	448.55402	-186.35715	-285.5361	20.268608	631.1968793869019
62	-58.999622	122.91583	174.20697	-374.0201	-107.650246	126.58232	107.86215	-343.25894	110.0	110.0	102299	286.5546	80.47711	456.78485	-173.97238	-289.18152	19.745188	641.0083026885986
63	-107.87728	135.43567	36.85542	-493.45975	-125.22524	115.811775	46.846897	-421.7376	110.0	110.0	103949	289.3397	79.770065	460.8388	-174.76369	-291.91696	20.259895	650.6262311935425
64	-123.696915	131.5852	22.05255	-532.6051	-52.79886	84.94039	151.41737	-202.89291	110.0	110.0	105599	292.4247	79.17493	465.92157	-162.53285	-294.9819	20.373499	660.8401553630829
65	-58.467243	67.58526	136.77148	-139.8743	-55.910816	87.216576	68.16661	-241.12227	110.0	110.0	107249	295.48132	78.64014	469.456	-143.78714	-298.06097	20.146275	671.2334513664246
66	-65.1123	64.37059	15.073698	-216.67393	-88.58819	126.04183	120.94871	-319.17218	110.0	110.0	108899	297.57846	78.88847	474.98007	-143.53323	-300.1346	19.730753	681.8921961784363
67	-45.629917	72.84351	66.97297	-148.42421	-70.978294	69.82642	36.64393	-181.14583	110.0	110.0	110549	300.08942	78.39789	475.66193	-126.7548	-302.72806	19.614872	692.0298490524292
68	-53.55772	69.28614	93.67185	-147.77228	-24.384699	89.010124	167.96457	-157.66304	110.0	110.0	112199	303.7511	77.11918	479.01593	-107.520226	-306.28735	19.228275	702.190810918808
69	-41.89445	126.2659	97.651115	-364.54102	-69.83021	65.28155	20.51869	-218.83235	110.0	110.0	113849	306.3184	76.29381	476.16763	-106.40348	-308.82227	19.42357	712.436057806015
70	-99.65467	121.0955	103.115906	-454.60605	-36.268368	109.58792	185.74652	-147.5564	110.0	110.0	115499	307.5642	76.43808	478.155	-98.95843	-310.07068	19.529284	723.3929259777069
71	-64.835396	97.49794	100.78956	-318.41168	-103.9348	97.85817	52.190216	-221.03351	110.0	110.0	117149	309.70978	75.81376	478.3606	-94.0262	-312.22183	19.2329	734.1127667427063
72	-93.56062	94.76782	23.67595	-352.57492	-81.78056	70.612274	91.782234	-184.30228	110.0	110.0	118799	312.05215	75.35547	482.05295	-90.49753	-314.56647	19.54394	744.6379382610321
73	-99.69065	189.90208	133.33655	-520.29987	-112.35872	103.2403	120.25192	-289.62952	110.0	110.0	120449	313.92908	75.38258	484.5118	-87.87232	-316.4113	19.409332	754.7156848907471
74	-93.07963	64.97042	28.068657	-194.07419	-71.02021	50.284218	-8.031236	-194.83163	110.0	110.0	122099	315.95282	74.93773	487.2479	-73.17113	-318.38617	19.65856	765.2283029556274
75	-72.56201	126.34971	81.39241	-440.68863	-23.09667	88.10848	202.98271	-115.116974	110.0	110.0	123749	316.99783	74.91586	485.15396	-81.99507	-319.43164	19.115036	775.7136340141296
76	-103.12173	121.73254	91.236725	-441.64005	-43.333824	38.134377	49.566074	-102.60007	110.0	110.0	125399	319.1434	74.51377	484.467	-73.58609	-321.6503	19.20674	786.6507565975189
77	-55.6233	134.95541	79.745735	-375.90396	-62.100574	98.364395	115.747574	-225.69315	110.0	110.0	127049	320.8395	74.58707	486.23666	-85.96885	-323.3541	19.75881	798.6542959213257
78	-63.155716	103.883995	125.92081	-249.08679	-43.180344	56.66251	94.4604	-114.03808	110.0	110.0	128699	323.22244	74.638214	486.78772	-94.17727	-325.68552	19.680504	809.7133090496063
79	-65.995964	79.9862	46.22104	-249.39955	-147.53612	151.49826	-10.806943	-536.4754	110.0	110.0	130349	325.1672	73.98395	483.23328	-89.112785	-327.60312	19.369024	819.4519202709198
80	-80.19063	103.3844	106.15504	-291.02988	-51.420624	99.828705	196.89534	-183.49652	110.0	110.0	131999	325.79303	74.31417	485.92178	-90.61862	-328.18484	19.683764	829.4912946224213
81	-80.641685	81.533875	72.11381	-215.41833	-101.32567	61.714344	14.12083	-205.96394	110.0	110.0	133649	326.4683	74.98612	487.772	-77.122826	-328.8914	19.7991	839.4548325538635
82	-36.36716	96.08727	104.15473	-225.64275	-40.757694	84.54102	135.81416	-157.08917	110.0	110.0	135299	328.61203	75.242485	492.9001	-72.86833	-331.10522	20.13964	850.6650674343109
83	-63.926533	74.76411	95.17166	-169.31589	-43.248936	86.66789	148.0637	-209.64969	110.0	110.0	136949	330.5164	75.07707	486.84402	-68.22392	-333.0723	20.012747	862.8624849319458
84	-129.04027	151.82106	44.102573	-539.3688	-65.440605	67.46265	64.92123	-187.45671	110.0	110.0	138599	333.0006	74.47264	487.64255	-59.328873	-335.4512	19.547607	874.3090093135834
85	-50.335068	59.495777	49.723347	-163.2753	-116.73772	155.79462	19.9762	-537.2672	110.0	110.0	140249	334.70508	74.38062	486.77155	-58.192554	-337.25256	19.738014	884.2232427597046
86	-59.64523	68.43816	76.93155	-206.15065	-66.10332	78.12625	35.91665	-195.65407	110.0	110.0	141899	336.663	74.20652	487.16144	-45.20829	-339.15546	19.386868	895.3969745635986
87	-72.45244	98.66743	95.10432	-294.62872	-64.893814	132.27943	176.8327	-253.26834	110.0	110.0	143549	338.88586	73.743744	486.3648	-50.734207	-341.29446	19.237072	905.5437054634094
88	-36.626286	66.235855	47.46703	-208.18456	-82.27505	110.0304	193.32855	-192.8249	110.0	110.0	145199	339.05298	74.406136	493.79306	-61.330875	-341.4228	18.932365	915.6647157669067
89	-73.74263	71.56333	25.477203	-231.17357	-57.72223	64.69391	97.031044	-146.04382	110.0	110.0	146849	339.5305	74.873474	493.84528	-68.763214	-341.85706	18.750195	925.8757905960083
90	-72.363335	81.35845	77.618904	-219.80887	-31.69426	75.5765	80.450775	-222.55237	110.0	110.0	148499	340.18185	75.50163	494.28342	-88.77853	-342.53033	18.945076	936.4750139713287
91	-53.10683	76.87688	80.58197	-193.06348	-49.12577	142.24431	173.04483	-290.06918	110.0	110.0	150149	340.6484	75.7802	496.99356	-88.66207	-342.9347	18.854528	946.9761118888855
92	-99.00065	90.27737	46.552082	-372.03314	-74.14348	98.3658	94.551704	-193.75656	110.0	110.0	151799	340.5087	76.08851	495.1108	-69.98954	-342.81015	18.520618	957.3063726425171
93	-68.131615	58.052517	40.347538	-212.5176	-84.674774	73.404785	-3.5741034	-284.5786	110.0	110.0	153449	340.65616	76.34365	494.00073	-71.302315	-342.95963	19.146624	970.2931568622589
94	-69.365746	107.52743	92.08833	-328.46234	-8.376407	107.07959	162.36838	-147.8496	110.0	110.0	155099	340.69003	76.8413	494.0439	-89.80498	-342.94302	18.718708	981.147834777832
95	-101.66202	128.86702	70.25458	-385.7391	-72.28694	63.47854	64.00485	-172.39323	110.0	110.0	156749	340.76727	76.44492	495.35956	-78.78524	-343.00125	18.809034	991.7807681560516
96	-110.38232	120.78036	65.45757	-310.98615	-140.29953	112.76134	-16.961666	-397.85773	110.0	110.0	158399	341.2504	76.3579	498.0705	-75.49556	-343.5584	18.517958	1003.0080173015594
97	-48.161785	84.67324	116.55315	-263.05658	-44.636944	105.072174	154.4663	-197.2897	110.0	110.0	160049	341.729	75.80756	500.2205	-83.147026	-344.0434	19.062992	1015.5972490310669
98	-42.75424	80.15971	94.45761	-234.83759	-120.731094	133.01308	92.066414	-380.1459	110.0	110.0	161699	342.18594	74.972015	498.7438	-78.49499	-344.4596	18.76753	1026.4982509613037
99	-57.494255	90.00422	85.37432	-299.62717	-20.09648	100.3266	116.14662	-202.47829	110.0	110.0	163349	342.8235	74.47548	496.27332	-75.61329	-345.0534	18.691288	1037.9578239917755
100	-36.97032	104.27392	134.89148	-256.79437	-65.84037	79.56929	150.98042	-133.56749	110.0	110.0	164999	342.62112	74.94957	495.10825	-77.83971	-344.8679	18.844423	1049.4492111206055
