Epoch	AverageEpRet	StdEpRet	MaxEpRet	MinEpRet	AverageTestEpRet	StdTestEpRet	MaxTestEpRet	MinTestEpRet	EpLen	TestEpLen	TotalEnvInteracts	AverageQVals	StdQVals	MaxQVals	MinQVals	LossPi	LossQ	Time
1	-3164.0247	198.06114	-2846.5752	-3551.7156	-3393.873	653.43494	-2282.961	-3971.3918	110.0	110.0	1649	-70.13104	29.261593	2.3851604	-175.82983	71.03432	36.64915	5.7025580406188965
2	-3113.3354	252.3399	-2809.0037	-3597.251	-3038.7769	551.14764	-2445.3896	-3935.0166	110.0	110.0	3299	-203.8897	79.46516	-44.41284	-599.2956	202.40364	29.217083	15.981077671051025
3	-3083.9038	199.28864	-2668.1052	-3453.082	-3131.5688	722.7195	-1915.4955	-3855.4673	110.0	110.0	4949	-394.31467	114.39682	-148.49113	-846.3763	391.7432	46.118385	26.773355960845947
4	-3115.3704	138.11922	-2888.7869	-3357.4167	-2349.7961	463.66034	-1729.7117	-3020.126	110.0	110.0	6599	-561.54333	135.15118	-259.5885	-1005.2288	556.38794	56.204105	39.214375257492065
5	-3211.4219	177.85863	-2942.4646	-3532.835	-2042.0769	457.99368	-1333.4541	-2716.0286	110.0	110.0	8249	-665.38257	131.22263	-349.87085	-1100.2358	655.38214	63.826668	49.87331819534302
6	-3068.8333	140.7201	-2846.3047	-3406.292	-1821.2893	756.8343	-395.87094	-2671.5684	110.0	110.0	9899	-757.53723	136.78471	-379.87112	-1221.3019	745.6882	74.27105	61.2218759059906
7	-1925.7579	526.84326	-1100.4761	-3208.07	-1735.6617	358.10034	-1277.4327	-2296.175	110.0	110.0	11549	-822.5636	142.76396	-407.00525	-1241.7433	809.7851	80.67644	73.99013113975525
8	-1857.1078	437.6289	-1282.7477	-2649.336	-1811.0706	487.60822	-996.6559	-2508.364	110.0	110.0	13199	-862.19464	146.10434	-424.12985	-1287.563	850.2855	77.977615	87.77640676498413
9	-1757.3085	335.13803	-1097.6809	-2439.6118	-1686.1276	645.44275	-373.0067	-2788.7969	110.0	110.0	14849	-886.7787	151.75668	-435.27908	-1325.3782	876.08075	70.88294	99.98381042480469
10	-1579.069	460.74448	-879.15894	-2195.837	-1660.9978	363.65182	-1249.9792	-2518.1548	110.0	110.0	16499	-916.3098	155.53975	-450.689	-1369.3121	906.46014	69.28281	111.49970769882202
11	-1898.9894	367.6887	-1162.8158	-2456.6892	-1548.1294	443.22156	-577.7267	-2070.4663	110.0	110.0	18149	-945.50354	153.10533	-459.17514	-1413.753	936.4613	66.46791	122.8352575302124
12	-1851.9906	460.62314	-657.071	-2457.9033	-2033.2861	539.3	-706.20264	-2465.5037	110.0	110.0	19799	-967.2555	149.70195	-480.55444	-1433.8184	958.50226	65.29469	134.60767436027527
13	-1538.5383	502.55627	-380.64462	-2273.317	-1482.1152	583.36554	-555.7154	-2411.298	110.0	110.0	21449	-991.5329	147.21056	-520.72186	-1473.7675	983.0854	67.28093	146.68209886550903
14	-1447.7501	395.1964	-824.8085	-2251.6584	-1650.6586	395.25665	-933.29974	-2215.1284	110.0	110.0	23099	-1008.63245	145.35336	-557.0037	-1505.1243	1000.2312	68.666756	158.67818307876587
15	-1528.0193	484.6632	-499.18777	-2159.442	-1197.7129	430.60028	-515.4237	-1844.5558	110.0	110.0	24749	-1016.4444	141.58267	-594.87213	-1499.5732	1008.05695	68.31451	170.5501127243042
16	-1453.6498	489.8631	-516.2586	-2220.5876	-1279.5227	343.4593	-530.79443	-1772.4037	110.0	110.0	26399	-1020.5534	139.04567	-618.5731	-1494.6693	1012.18274	67.55794	181.58862400054932
17	-1413.2417	528.6583	-311.53836	-2165.8025	-1285.6178	636.80634	-329.6432	-2203.1963	110.0	110.0	28049	-1023.5356	139.87616	-636.80273	-1499.0201	1015.32574	68.7553	192.89361953735352
18	-1161.9838	428.97287	-385.29446	-1744.2219	-1448.3445	623.27563	-526.9473	-2424.2603	110.0	110.0	29699	-1022.1889	142.21446	-657.05725	-1521.7496	1014.1108	70.590866	204.01015424728394
19	-1174.5656	455.6613	-448.27347	-1904.5748	-1188.4137	551.9809	-510.83716	-2385.1038	110.0	110.0	31349	-1014.20575	143.14964	-661.1482	-1540.6132	1006.09454	71.970116	215.64324426651
20	-1234.1488	450.57523	-264.18698	-1722.303	-1355.6313	909.4991	-343.23145	-3323.5051	110.0	110.0	32999	-1007.2918	144.20241	-659.4652	-1540.7897	999.47437	75.11794	228.66519021987915
21	-1137.7966	439.09543	-505.14185	-2203.1787	-1142.7131	506.924	-502.19818	-2059.161	110.0	110.0	34649	-995.549	144.73839	-657.2466	-1542.9899	987.3492	75.28206	240.78530645370483
22	-1349.0042	548.7464	-695.25653	-2802.384	-1108.6316	682.29004	-479.81586	-2355.0698	110.0	110.0	36299	-980.5361	144.26567	-657.385	-1529.4896	972.9438	79.048775	253.90897059440613
23	-1189.9773	546.46765	-370.34897	-2826.9294	-1579.6313	680.3005	-455.3176	-2765.7034	110.0	110.0	37949	-968.1664	144.77515	-662.8924	-1558.2576	960.5414	78.51529	265.5744607448578
24	-1225.2122	378.0252	-449.11316	-2020.8691	-1552.6338	454.6895	-385.1945	-2197.6462	110.0	110.0	39599	-957.15625	146.07935	-637.3007	-1561.313	949.48346	80.214485	277.9234130382538
25	-1121.3481	488.02197	-199.85248	-1953.1508	-1048.1907	395.3221	-414.31995	-1837.2743	110.0	110.0	41249	-944.18085	147.55728	-612.29205	-1563.0155	936.653	78.78037	289.8637149333954
26	-1087.9359	366.42474	-410.4795	-1975.5742	-909.74695	383.72348	-334.571	-1456.5149	110.0	110.0	42899	-930.05927	149.21696	-586.65686	-1577.9738	922.5262	78.981094	301.67380475997925
27	-977.88306	444.60144	-334.33923	-1731.7072	-1310.5771	353.329	-496.04312	-1687.4357	110.0	110.0	44549	-917.0831	152.25745	-560.23517	-1599.724	909.9709	82.11649	311.46281147003174
28	-1057.5645	458.26602	-385.8015	-1824.9868	-1063.3702	316.42847	-553.75836	-1630.1862	110.0	110.0	46199	-902.55536	156.53127	-536.0856	-1619.372	895.43195	81.14369	321.2202363014221
29	-1174.8309	585.0029	-569.23584	-2899.1157	-972.8402	336.64084	-316.49835	-1369.0045	110.0	110.0	47849	-886.63324	159.34505	-506.37537	-1615.5745	879.56213	85.11091	331.5380001068115
30	-1140.2034	585.21	-398.3881	-2122.881	-1197.5742	297.34677	-747.5713	-1770.4548	110.0	110.0	49499	-870.9953	163.79848	-480.70224	-1608.0293	864.1247	85.72804	341.3346905708313
31	-921.55493	288.77286	-259.43817	-1307.0758	-1087.8055	904.54034	-193.93733	-3251.711	110.0	110.0	51149	-856.72943	167.77704	-453.5229	-1603.9297	849.7273	86.51983	351.62193536758423
32	-999.7808	392.08038	-494.06094	-1775.9441	-726.6846	512.1857	-228.87898	-1825.4406	110.0	110.0	52799	-840.6909	171.58075	-423.16315	-1597.8214	834.0103	86.87692	361.7426211833954
33	-1060.4053	534.6629	-405.25897	-2123.6587	-1071.0474	555.94464	-482.8834	-2415.9197	110.0	110.0	54449	-825.8256	177.73447	-400.20688	-1600.4758	819.4199	87.78731	372.1318247318268
34	-894.37085	435.97714	-511.7636	-2077.718	-812.59845	537.52765	-213.62302	-2107.803	110.0	110.0	56099	-810.98175	183.1968	-370.34683	-1606.7365	804.4098	88.75926	381.90367698669434
35	-1033.4581	479.41583	-401.99918	-1973.5748	-1153.9362	513.8111	-475.06616	-2061.607	110.0	110.0	57749	-796.5858	188.01723	-344.41568	-1621.1323	790.1021	92.384514	391.9420762062073
36	-1087.246	397.651	-365.55002	-1635.764	-1217.2928	434.56873	-665.2717	-1854.0775	110.0	110.0	59399	-784.81683	194.59158	-320.79572	-1604.314	778.4814	93.58557	401.9283957481384
37	-953.0535	464.28943	-199.92587	-1737.4052	-644.3482	277.71716	-342.1031	-1259.1797	110.0	110.0	61049	-771.46246	200.58157	-307.917	-1592.4575	765.08264	94.79137	412.32417821884155
38	-1203.4706	451.77747	-415.78067	-2133.2615	-756.53735	169.04498	-443.75504	-1057.7739	110.0	110.0	62699	-759.67676	205.23656	-293.85266	-1548.6693	753.45245	96.90653	422.37621331214905
39	-1162.5298	512.6358	-439.5315	-2023.5352	-811.6107	479.4901	-187.00043	-1934.4388	110.0	110.0	64349	-748.3819	210.85449	-270.08878	-1550.2335	742.12756	92.468834	432.71868658065796
40	-902.6938	449.13278	-219.86806	-2144.1748	-990.0543	649.30554	-179.91275	-2162.4858	110.0	110.0	65999	-737.00287	216.05101	-247.91222	-1573.5785	730.8617	95.46447	443.1390800476074
41	-1025.08	615.8004	-419.3713	-2578.269	-1182.7963	659.39557	-242.6359	-2299.1965	110.0	110.0	67649	-722.84955	222.15042	-225.60199	-1544.0317	716.65857	93.786865	453.2034559249878
42	-1017.6625	370.72437	-481.03674	-1622.1807	-1368.1268	454.33737	-821.5311	-2300.4448	110.0	110.0	69299	-710.6236	225.49493	-208.10823	-1533.2494	704.31104	93.32659	463.7944371700287
43	-1056.5195	539.31226	-405.13437	-2101.3235	-737.2109	484.39688	-202.61461	-2014.8594	110.0	110.0	70949	-699.24866	229.26956	-183.81267	-1569.5161	692.862	94.221344	474.2412328720093
44	-1056.4512	390.60727	-545.86646	-2084.077	-852.5487	433.5273	-326.22778	-1802.6221	110.0	110.0	72599	-685.65283	231.88092	-170.50693	-1556.3234	679.2191	94.95824	484.72290802001953
45	-1165.3352	564.5231	-470.87268	-2321.3127	-758.18774	446.64755	-99.638115	-1595.2837	110.0	110.0	74249	-672.4775	234.37311	-154.83546	-1540.9935	665.89954	94.26515	495.3139672279358
46	-1034.1769	474.41977	-353.7054	-1800.2222	-1265.8187	540.78	-323.7014	-2076.388	110.0	110.0	75899	-659.4475	236.66594	-100.847466	-1553.6604	653.1976	95.92164	506.04007744789124
47	-934.051	365.60144	-486.15268	-1702.4647	-812.10266	411.33026	-161.59598	-1459.8062	110.0	110.0	77549	-645.8833	239.45038	-88.605606	-1517.2482	639.4833	99.18471	516.7553133964539
48	-1029.9279	537.33215	-246.96518	-1915.059	-912.1619	388.29404	-434.61917	-1782.4246	110.0	110.0	79199	-632.6739	241.06479	-80.94595	-1504.9202	626.1687	98.83848	527.6300876140594
49	-885.194	387.6115	-323.6841	-1639.5054	-770.4137	426.1579	-130.98814	-1618.817	110.0	110.0	80849	-619.07733	242.07689	-74.78022	-1479.8405	612.6521	100.796005	539.9697179794312
50	-785.18555	371.94263	-244.31831	-1605.1465	-996.31433	366.34103	-440.47308	-1590.9303	110.0	110.0	82499	-606.369	241.02406	-75.47122	-1451.366	600.14435	99.93562	552.3343410491943
51	-866.72296	269.93118	-489.0973	-1611.6119	-947.4857	330.08252	-433.53638	-1627.9053	110.0	110.0	84149	-593.6809	242.38293	-66.6635	-1452.1176	587.76324	93.93754	565.0521590709686
52	-869.423	309.87122	-269.59683	-1334.006	-716.79724	419.0753	-261.57175	-1462.1189	110.0	110.0	85799	-584.56555	243.33026	-49.192547	-1435.581	578.1643	93.448524	577.7228863239288
53	-861.74054	410.85226	-313.43158	-1814.1122	-1006.79504	465.70853	-510.42856	-2108.8594	110.0	110.0	87449	-572.24097	243.57451	-26.944878	-1400.7562	566.06775	95.59282	590.5201244354248
54	-1046.236	458.34903	-441.39017	-1902.1027	-993.883	426.88132	-583.5895	-1992.0875	110.0	110.0	89099	-559.4913	243.68199	-20.221464	-1373.7596	552.9853	97.263695	602.746746301651
55	-995.01825	388.0441	-386.3271	-1838.4244	-777.5416	231.5509	-395.57318	-1079.5165	110.0	110.0	90749	-548.236	242.86131	-18.851171	-1356.6111	542.5174	96.774155	615.0263600349426
56	-950.5076	477.41946	-277.80365	-2104.158	-1000.4987	516.05316	-475.10876	-2234.4148	110.0	110.0	92399	-542.6125	243.74196	-16.397001	-1352.4097	536.78577	95.91739	625.3367021083832
57	-889.9934	531.40186	-306.0142	-2030.6449	-1129.5393	602.2386	-268.89957	-2194.2815	110.0	110.0	94049	-535.17285	242.81032	-11.312707	-1332.9427	529.5158	97.74288	637.7085831165314
58	-860.7081	592.2097	-311.27298	-2846.39	-631.95154	271.35214	-214.62709	-1115.0443	110.0	110.0	95699	-528.35535	241.2255	-16.649101	-1358.9779	522.55316	93.72498	648.8965311050415
59	-974.1787	481.72852	-183.8754	-1951.5848	-1110.2017	653.0556	-230.14345	-2347.9363	110.0	110.0	97349	-523.9566	241.22037	-15.88616	-1340.9646	518.32117	97.76763	661.9146263599396
60	-1130.4141	594.86835	-410.11517	-2392.0242	-816.70105	470.6803	-304.08298	-1814.9745	110.0	110.0	98999	-517.8302	240.44139	-10.019216	-1370.5834	511.85196	98.71999	674.1980152130127
61	-822.79846	485.8022	-162.32527	-1861.3765	-1183.203	482.74677	-442.8498	-2017.7223	110.0	110.0	100649	-508.09668	240.67355	-12.489596	-1300.6315	502.16327	101.31977	686.4200205802917
62	-794.9655	424.94827	-271.26593	-1745.1903	-1154.9468	571.4191	-491.4167	-2282.334	110.0	110.0	102299	-501.4497	241.45532	-7.986162	-1300.3453	495.9697	96.150795	698.7172915935516
63	-877.5048	367.98303	-176.05412	-1707.8564	-1262.0052	401.48358	-675.6888	-1901.093	110.0	110.0	103949	-496.17926	242.33643	-6.752429	-1296.5067	490.78516	100.453156	710.0637946128845
64	-1068.2811	377.3592	-527.28156	-1618.645	-1200.094	891.9009	-278.04678	-3497.7656	110.0	110.0	105599	-494.60934	241.09525	-8.80374	-1318.6881	489.30438	96.66462	721.1391072273254
65	-657.2189	263.09222	-216.624	-1109.6782	-1133.3333	512.52313	-418.72586	-1887.1456	110.0	110.0	107249	-490.66022	240.67542	-4.690142	-1335.1941	485.19232	95.7231	731.6864302158356
66	-830.31854	511.77353	-357.03125	-2389.0303	-743.61096	399.6998	-262.72964	-1429.4371	110.0	110.0	108899	-483.422	238.7086	-5.1253757	-1345.8684	477.72766	97.807236	742.8429210186005
67	-882.75024	539.4835	-212.27144	-2062.846	-731.4197	350.1246	-383.90607	-1381.0348	110.0	110.0	110549	-478.52286	237.4758	-7.0487294	-1360.9297	473.07678	92.72483	755.310622215271
68	-838.52264	285.72058	-372.8411	-1273.6416	-827.5963	298.31876	-494.8829	-1273.4891	110.0	110.0	112199	-472.49286	237.19962	-6.1779666	-1361.7742	466.90887	95.77594	767.6917498111725
69	-807.72003	478.3632	-208.89769	-1850.763	-981.28613	525.4478	-196.3232	-1861.5708	110.0	110.0	113849	-465.37033	234.5805	-5.332545	-1351.096	459.3635	94.05179	779.1806101799011
70	-795.306	353.135	-351.89536	-1551.7745	-817.796	262.48038	-320.53665	-1168.4208	110.0	110.0	115499	-457.17358	234.83424	-6.0557237	-1332.1481	451.34894	94.64548	789.7237815856934
71	-824.06354	358.99997	-398.6645	-1458.8773	-930.90106	543.3244	-170.85141	-2248.0393	110.0	110.0	117149	-449.25308	233.15552	-5.4357576	-1346.6477	443.71613	92.894264	801.3097290992737
72	-819.34076	427.83133	-274.85815	-1703.018	-723.8884	515.1883	-274.40533	-1915.358	110.0	110.0	118799	-444.68073	231.6881	-2.5023825	-1381.3417	439.36493	93.48117	811.8639829158783
73	-855.0024	511.77975	-379.5305	-2004.7615	-1039.1367	504.44174	-355.581	-2047.4614	110.0	110.0	120449	-438.90472	231.48535	1.2134289	-1340.2147	433.41586	93.81341	822.5080602169037
74	-818.2682	475.62003	-308.7209	-1822.259	-785.83514	475.6367	-183.62976	-1525.3286	110.0	110.0	122099	-434.91058	232.95378	13.739142	-1370.5498	429.25894	92.544	835.6584260463715
75	-1113.8591	618.4469	-223.18568	-2150.4688	-986.7479	466.15323	-251.40144	-1808.0466	110.0	110.0	123749	-428.65042	232.51094	19.07958	-1346.806	422.90796	96.69735	848.3516550064087
76	-992.1219	391.919	-353.7399	-1850.4132	-930.0916	405.05954	-346.25986	-1602.4192	110.0	110.0	125399	-423.67325	233.83484	21.981222	-1366.6406	417.95255	97.222725	859.4639301300049
77	-837.3495	353.31073	-310.95087	-1601.5881	-1071.5619	402.6362	-490.7093	-1693.3884	110.0	110.0	127049	-415.44684	231.18207	20.514227	-1364.416	409.8321	98.062004	870.330052614212
78	-668.8874	304.89276	-250.93477	-1256.7524	-816.42566	334.0802	-214.19012	-1443.6079	110.0	110.0	128699	-409.0274	228.58891	20.1407	-1346.5065	403.53677	96.149864	880.959892988205
79	-1003.18536	504.71796	-336.66254	-2274.7722	-832.526	309.1673	-399.01477	-1411.9363	110.0	110.0	130349	-404.63416	225.51344	19.617582	-1321.4305	399.10394	96.099785	891.523713350296
80	-728.67316	318.54404	-345.63022	-1317.9916	-790.4342	539.16394	-115.18146	-1599.9169	110.0	110.0	131999	-399.8374	224.48805	35.641068	-1296.727	394.26944	94.81771	902.0635726451874
81	-847.97656	374.16943	-281.75357	-1497.1094	-771.85986	473.3212	-300.25357	-1802.392	110.0	110.0	133649	-395.43008	225.45215	41.271965	-1281.3214	389.9818	95.666855	912.6190736293793
82	-1079.3583	511.9869	-370.0003	-2433.3965	-987.7684	447.89786	-422.28418	-1931.7318	110.0	110.0	135299	-391.8104	224.52237	52.226143	-1260.4645	386.7278	90.18064	923.2700896263123
83	-810.03644	399.5436	-300.75955	-1694.6835	-1119.6677	380.19012	-609.4534	-2030.5621	110.0	110.0	136949	-389.46646	224.31961	50.798584	-1285.4614	384.01324	97.672615	935.7215702533722
84	-845.4592	378.06824	-312.1374	-1650.9468	-907.16504	337.4921	-427.32916	-1498.834	110.0	110.0	138599	-382.7684	222.10701	53.139988	-1269.3802	377.25958	89.75317	948.8720781803131
85	-755.9449	363.29926	-197.86456	-1300.3817	-967.3753	488.24683	-359.22284	-1663.8347	110.0	110.0	140249	-381.09613	221.28026	52.98868	-1242.7489	375.9757	93.34747	961.359569311142
86	-671.38025	324.33786	-224.82617	-1486.6176	-881.6068	484.5656	-300.7548	-1911.9532	110.0	110.0	141899	-378.23093	221.1519	56.02305	-1257.3915	372.9981	95.4612	974.4445991516113
87	-828.903	508.76782	-241.70044	-2104.274	-1072.3793	486.1684	-434.94846	-2040.3828	110.0	110.0	143549	-373.83957	221.0613	63.23102	-1250.2484	368.6247	93.822876	987.6572968959808
88	-906.9405	490.79288	-358.56192	-2015.5139	-955.03204	482.36588	-347.65076	-2027.0826	110.0	110.0	145199	-373.04782	222.51416	69.30086	-1338.2397	367.95923	93.93299	998.5374393463135
89	-691.62	427.15314	-218.81049	-1730.194	-783.57117	432.53757	-203.8428	-1579.8903	110.0	110.0	146849	-369.5725	222.56297	72.266716	-1327.7853	364.52887	91.689766	1009.1365101337433
90	-991.2034	522.24536	-160.38982	-1795.5543	-805.41	250.37639	-463.89844	-1173.3951	110.0	110.0	148499	-367.97574	224.71454	69.01087	-1341.2217	362.7318	92.10504	1020.3264920711517
91	-845.94714	392.69443	-502.4888	-2066.1528	-884.8871	380.7327	-257.9927	-1381.6401	110.0	110.0	150149	-367.00443	224.70581	64.409836	-1315.9308	362.09485	92.224625	1031.5311350822449
92	-819.36316	395.9753	-306.16867	-1947.6179	-633.3068	289.17935	-223.84097	-1069.6108	110.0	110.0	151799	-365.42108	225.46513	60.688316	-1335.3228	360.29517	92.272896	1042.0155763626099
93	-688.5573	344.05682	-359.73367	-1738.1409	-874.8171	583.0514	-83.74414	-2354.7373	110.0	110.0	153449	-363.20554	226.21475	57.478966	-1294.7266	357.93118	93.34174	1052.5127465724945
94	-756.67584	364.55554	-290.19122	-1591.7029	-710.38165	269.5179	-338.96768	-1140.5576	110.0	110.0	155099	-359.35147	227.75233	59.05413	-1308.0154	354.3565	93.60911	1063.6299340724945
95	-776.54474	269.64075	-460.9865	-1322.9237	-864.5345	550.194	-331.75034	-1965.0953	110.0	110.0	156749	-355.88565	226.82251	59.884174	-1329.5825	350.83835	92.057724	1074.1365976333618
96	-806.82404	305.51315	-317.74146	-1396.7484	-912.459	636.2807	-318.20895	-2500.7866	110.0	110.0	158399	-354.71332	226.477	61.507477	-1245.3881	349.812	94.74457	1084.677214384079
97	-777.7738	427.15918	-193.38652	-1509.736	-709.2294	358.10052	-116.37134	-1300.3823	110.0	110.0	160049	-352.14468	225.91072	62.966988	-1289.8866	347.2882	92.85683	1097.5208778381348
98	-842.9297	422.33206	-184.85933	-1645.4453	-647.13275	380.3524	-265.56482	-1343.7369	110.0	110.0	161699	-350.5216	224.4866	64.92996	-1249.4205	345.41486	92.008804	1110.5881733894348
99	-835.005	411.05835	-292.49817	-1605.875	-585.70734	332.72028	-347.0434	-1451.3501	110.0	110.0	163349	-347.5464	223.43121	67.63939	-1239.4312	342.55417	91.177536	1123.2063777446747
100	-826.5662	386.99667	-335.96857	-1672.7946	-556.0311	231.18071	-177.95975	-980.9026	110.0	110.0	164999	-345.1264	223.3103	73.372185	-1307.6349	340.05432	91.6022	1134.4564118385315
101	-821.1726	365.9278	-291.90942	-1734.7545	-649.6616	192.77713	-368.73416	-966.1614	110.0	110.0	166649	-340.3336	223.58517	77.85622	-1264.5416	335.03528	94.89326	1144.9994013309479
102	-779.8499	313.3347	-373.56543	-1356.405	-596.1953	152.9076	-398.8968	-939.30096	110.0	110.0	168299	-335.9467	223.35306	73.98644	-1318.0859	330.8183	92.36139	1155.507658958435
103	-594.9676	243.455	-314.64993	-1195.9921	-478.04474	223.41359	-136.44456	-945.31165	110.0	110.0	169949	-331.26392	223.2793	72.07988	-1303.6901	326.15002	93.29373	1166.0662157535553
104	-722.55914	265.88235	-287.53915	-1450.3088	-1010.9243	463.20227	-397.70422	-1955.0059	110.0	110.0	171599	-325.8864	221.84738	76.03484	-1278.0162	320.55728	92.401855	1176.7158925533295
105	-784.56665	308.29068	-257.06924	-1233.5175	-588.4676	334.60468	-249.53674	-1361.6879	110.0	110.0	173249	-320.7794	219.88521	88.55494	-1253.6422	315.3882	88.99019	1187.8596835136414
106	-607.1497	203.58386	-289.61746	-1025.2369	-792.0968	486.58743	-120.97548	-1811.3075	110.0	110.0	174899	-316.31516	218.16008	87.79029	-1309.9902	311.27493	89.222336	1199.100686788559
107	-870.58234	382.03375	-242.146	-1495.6494	-743.97845	430.527	-207.09671	-1480.6556	110.0	110.0	176549	-314.9306	216.88754	86.42444	-1225.2299	309.73694	91.935776	1210.0458862781525
108	-632.2351	216.15544	-285.94543	-1125.0751	-784.1318	392.1789	-419.38364	-1836.9308	110.0	110.0	178199	-310.0529	215.83528	84.25047	-1238.5542	304.75906	87.8936	1220.6844913959503
109	-713.53937	265.70258	-206.5213	-1075.8585	-684.4967	409.5787	-223.26471	-1613.4132	110.0	110.0	179849	-306.3289	212.2737	84.33114	-1197.4452	301.35806	89.44842	1231.5132777690887
110	-768.137	444.67834	-176.14175	-1766.9214	-459.9914	159.93677	-238.4686	-729.0708	110.0	110.0	181499	-306.49725	212.83644	86.58454	-1159.6227	301.75787	87.18676	1242.1024627685547
111	-719.5617	320.861	-399.24744	-1573.5809	-683.83905	295.72375	-305.34677	-1306.5396	110.0	110.0	183149	-308.0899	212.0514	92.049034	-1209.8507	303.4609	86.27553	1253.314292192459
112	-672.1107	316.61304	-271.76657	-1455.6078	-779.40765	382.1157	-255.418	-1565.5679	110.0	110.0	184799	-307.96588	210.1578	91.3036	-1196.245	303.2834	86.926575	1264.5672824382782
113	-772.1957	345.72302	-293.69226	-1370.2844	-842.41077	371.57053	-327.68655	-1455.0673	110.0	110.0	186449	-308.25812	207.9667	82.51188	-1201.9711	303.6156	87.19599	1275.8392674922943
114	-733.26654	317.6785	-355.6301	-1566.1946	-541.5125	93.33444	-345.51987	-676.5274	110.0	110.0	188099	-306.6389	206.77608	71.06918	-1214.5553	301.68054	90.83531	1287.090963602066
115	-694.20197	339.53497	-202.35182	-1463.1294	-1170.1335	462.55728	-499.18747	-1961.5658	110.0	110.0	189749	-302.71042	203.74751	61.969902	-1194.1464	298.06134	92.47016	1298.45800948143
116	-679.9843	293.14612	-282.9307	-1295.7245	-837.4214	484.86655	-395.2265	-1893.4021	110.0	110.0	191399	-301.86685	200.63173	55.477955	-1197.0638	296.89	87.20351	1309.6955511569977
117	-566.9276	236.2645	-171.83559	-1067.9807	-932.7261	483.14572	-201.2029	-1810.8483	110.0	110.0	193049	-299.6162	200.73589	57.11659	-1195.3944	294.72156	86.42557	1320.9434447288513
118	-790.60913	517.4067	-339.7937	-2388.8118	-631.18976	247.58813	-302.67657	-1148.1073	110.0	110.0	194699	-297.0564	199.0482	57.33954	-1187.784	292.2172	88.04066	1332.3287692070007
119	-662.07697	320.45853	-199.12775	-1319.5609	-573.2941	242.56255	-227.4364	-1096.4635	110.0	110.0	196349	-293.95996	197.53812	54.442802	-1177.093	289.2317	88.71776	1343.2449314594269
120	-705.37305	277.36316	-314.00433	-1492.1528	-777.43036	596.1561	-317.0753	-2265.526	110.0	110.0	197999	-294.72614	195.05399	49.53965	-1178.129	290.30307	84.405075	1354.5664670467377
