Epoch	AverageEpRet	StdEpRet	MaxEpRet	MinEpRet	AverageTestEpRet	StdTestEpRet	MaxTestEpRet	MinTestEpRet	EpLen	TestEpLen	TotalEnvInteracts	AverageQ1Vals	StdQ1Vals	MaxQ1Vals	MinQ1Vals	AverageQ2Vals	StdQ2Vals	MaxQ2Vals	MinQ2Vals	LossPi	LossQ	Time
1	-555.2575	150.92323	-404.96667	-886.2145	-192.48093	37.61019	-130.33186	-282.08826	110.0	110.0	1649	-7.1458473	2.7770717	0.24447027	-18.299765	-7.1411905	2.7837474	0.3749031	-18.292057	6.140984	6.410626	6.865614652633667
2	-582.8378	151.19179	-409.2939	-878.41956	-188.37369	20.790249	-150.61125	-217.02863	110.0	110.0	3299	-15.171059	5.8005805	-4.964382	-39.321056	-15.171434	5.8023205	-4.9026523	-39.27969	12.520729	2.0424318	17.892390251159668
3	-593.5871	149.72575	-394.93982	-871.94507	-182.94489	22.976994	-150.38751	-219.70323	110.0	110.0	4949	-23.184107	8.4562235	-6.3801026	-52.295048	-23.184662	8.454123	-6.318985	-52.128334	19.246208	2.2556255	28.619751930236816
4	-567.71204	151.49214	-373.79507	-832.0007	-177.54716	21.900412	-137.77974	-204.86345	110.0	110.0	6599	-28.156998	9.523198	-6.9412246	-59.51927	-28.156288	9.5248575	-7.0883822	-59.1114	23.723906	2.5260324	38.80096483230591
5	-549.7714	127.309006	-363.59732	-851.4612	-181.31416	16.31728	-158.63924	-204.04305	110.0	110.0	8249	-31.692875	9.362497	-8.357562	-63.51323	-31.6923	9.365707	-8.44452	-63.078163	27.28583	2.5759196	49.47831416130066
6	-513.09796	150.58269	-300.74326	-833.0552	-170.49954	30.633965	-107.559586	-204.3083	110.0	110.0	9899	-35.185806	8.879705	-11.131624	-67.12079	-35.18548	8.8808975	-10.915371	-67.33048	30.9185	2.5948803	60.92934274673462
7	-515.571	86.0106	-388.24448	-686.87085	-165.52725	30.796318	-101.35667	-196.27948	110.0	110.0	11549	-38.8076	8.48436	-14.487932	-71.71813	-38.807835	8.483181	-14.329891	-71.73296	34.768116	2.5339968	71.88330078125
8	-572.7609	135.69412	-358.46173	-813.8854	-168.82866	22.770609	-134.30876	-211.82375	110.0	110.0	13199	-43.08872	8.317077	-18.121536	-75.90531	-43.089012	8.315247	-18.160149	-76.49922	39.128254	2.53904	84.13598561286926
9	-551.78357	113.018166	-423.0109	-755.8535	-183.7042	22.370712	-123.60634	-204.0003	110.0	110.0	14849	-47.836525	8.224993	-21.851738	-80.25481	-47.836594	8.223785	-21.908287	-81.137634	43.92435	2.625216	94.07149171829224
10	-588.5282	148.73932	-397.9516	-804.0361	-172.6768	21.325642	-132.87042	-212.63277	110.0	110.0	16499	-52.8859	8.318626	-25.403038	-85.265305	-52.886	8.318373	-25.18643	-85.775604	48.979774	2.702665	104.11673069000244
11	-576.12146	166.79701	-338.40753	-849.15186	-180.08678	22.021858	-145.49434	-208.7465	110.0	110.0	18149	-57.744534	8.608131	-29.311848	-89.86325	-57.744556	8.606516	-29.162231	-90.53969	53.83375	2.691619	114.75524830818176
12	-557.9505	133.19365	-386.14072	-880.9468	-165.7493	40.242504	-58.240013	-198.9105	110.0	110.0	19799	-62.284935	8.842602	-32.87073	-96.40873	-62.28497	8.84079	-32.624306	-95.8596	58.307613	2.6794767	125.51531434059143
13	-215.74112	122.11696	-145.16597	-637.7487	-174.11136	28.181738	-127.01201	-206.16331	110.0	110.0	21449	-66.47659	9.247639	-35.30271	-102.697136	-66.47602	9.248748	-35.212658	-102.31216	62.637688	2.6244822	136.57039046287537
14	-185.60747	15.3705015	-146.45154	-206.57333	-167.36287	26.879593	-107.802795	-197.47324	110.0	110.0	23099	-69.86499	10.098537	-38.720848	-108.3591	-69.86498	10.099219	-38.74575	-108.82598	66.20205	2.437266	147.73639178276062
15	-167.26047	22.31261	-102.57147	-197.77441	-179.46994	16.16197	-152.7063	-202.71283	110.0	110.0	24749	-73.41577	10.694401	-42.25293	-113.34535	-73.41569	10.694807	-42.439693	-113.55935	69.98818	2.3069088	159.20717334747314
16	-174.00136	28.823057	-118.367905	-209.31601	-172.126	28.401636	-114.946175	-200.96443	110.0	110.0	26399	-76.89297	11.273046	-44.82904	-120.50255	-76.89297	11.27329	-44.65816	-120.645134	73.67385	2.1895225	170.57195615768433
17	-177.48207	24.228645	-114.0071	-216.85008	-178.24783	23.41641	-135.42336	-213.3193	110.0	110.0	28049	-80.270706	11.817978	-47.7192	-126.01319	-80.270744	11.818253	-47.76906	-125.73137	77.19552	2.072723	181.921541929245
18	-179.87193	24.024471	-126.41583	-203.41408	-178.69864	19.765512	-143.22235	-207.25154	110.0	110.0	29699	-83.91669	12.131053	-51.16057	-131.17468	-83.916336	12.132164	-51.121887	-130.80602	81.007706	2.0230815	193.25610661506653
19	-176.88667	27.742596	-113.737885	-206.9011	-172.13802	19.082102	-150.66933	-213.18735	110.0	110.0	31349	-87.34552	12.54561	-53.858772	-138.46915	-87.34551	12.546683	-54.206158	-138.15935	84.54424	1.966595	204.17699456214905
20	-164.27103	28.295301	-98.124435	-195.32266	-171.1266	35.08267	-91.448044	-209.12024	110.0	110.0	32999	-90.85129	13.048796	-56.982143	-143.56357	-90.85127	13.050595	-57.15602	-143.61974	88.22837	1.9322913	216.5861895084381
21	-166.49153	17.578102	-139.12695	-202.42137	-172.74397	30.429638	-87.68767	-200.67157	110.0	110.0	34649	-94.439026	13.37174	-60.162846	-148.08543	-94.43916	13.373597	-60.158623	-148.6116	91.97178	1.9116546	227.76652002334595
22	-163.84161	25.27222	-120.75314	-217.40388	-165.49315	33.67882	-108.9494	-209.43365	110.0	110.0	36299	-97.830666	13.735676	-62.75606	-153.54478	-97.830765	13.736419	-62.71626	-154.21082	95.44578	1.8832065	238.40655660629272
23	-171.43231	24.357521	-107.243	-217.74007	-164.4369	12.528458	-146.25313	-182.99922	110.0	110.0	37949	-101.31908	14.2096615	-65.40721	-157.20357	-101.31923	14.209084	-65.04815	-157.84212	99.0228	1.9095815	249.37608194351196
24	-150.3913	31.17969	-88.387024	-191.62111	-165.20863	20.660791	-141.74713	-198.93633	110.0	110.0	39599	-104.76811	14.476443	-68.63195	-163.21062	-104.768265	14.476095	-68.28123	-162.86766	102.56925	1.8562381	260.4815685749054
25	-178.84508	20.963478	-129.17908	-206.85847	-176.4453	23.927822	-135.10748	-209.08888	110.0	110.0	41249	-108.12544	14.760157	-70.35107	-168.68689	-108.12543	14.760079	-69.84334	-168.6889	105.941765	1.8653575	273.88525390625
26	-159.6733	25.134108	-88.93517	-191.63916	-155.68237	32.06356	-85.33656	-205.54706	110.0	110.0	42899	-111.37858	15.2041	-73.39025	-170.90656	-111.37859	15.204891	-72.673706	-171.35371	109.26579	1.8359438	286.18247961997986
27	-158.7539	20.893345	-118.024506	-194.53363	-156.8658	16.902174	-119.02092	-174.96565	110.0	110.0	44549	-114.3082	15.570095	-77.75859	-175.31932	-114.30829	15.569883	-77.41619	-174.90402	112.31062	1.8601228	296.2556164264679
28	-160.2103	17.296358	-125.32144	-181.06161	-162.58072	24.851316	-105.87013	-189.37643	110.0	110.0	46199	-117.181854	15.811006	-79.72356	-178.37387	-117.181725	15.81214	-79.43729	-178.40034	115.20429	1.8180804	306.02507495880127
29	-160.78107	15.904038	-127.97279	-189.36452	-148.04704	29.534237	-113.6217	-197.86475	110.0	110.0	47849	-120.28268	16.005077	-82.86312	-184.68985	-120.28288	16.005838	-83.02279	-184.49199	118.435585	1.8171544	317.1136074066162
30	-170.86142	21.693354	-126.542946	-204.10759	-161.68335	22.54926	-111.13874	-191.49629	110.0	110.0	49499	-123.16309	15.971861	-85.7287	-187.27232	-123.16285	15.972913	-85.58559	-187.0464	121.35952	1.8055173	328.6382131576538
31	-157.40839	24.05443	-109.41538	-203.04393	-157.84592	34.984764	-108.69455	-208.51865	110.0	110.0	51149	-126.065414	16.05154	-88.23133	-189.86354	-126.06555	16.052673	-88.25031	-189.62776	124.24314	1.7677804	339.7171173095703
32	-159.18251	20.162548	-125.24371	-192.54903	-153.30814	28.399092	-104.625916	-192.69556	110.0	110.0	52799	-128.7116	16.27195	-90.34096	-195.48724	-128.7116	16.272367	-90.33642	-195.46762	127.01451	1.7827595	350.41223549842834
33	-151.49942	29.876205	-88.16605	-200.11836	-159.03113	23.672506	-131.28882	-200.9239	110.0	110.0	54449	-131.2236	16.393461	-94.098175	-196.90976	-131.22356	16.3937	-93.770035	-196.78055	129.57787	1.7860101	361.7346684932709
34	-167.28217	24.639389	-127.9429	-219.69022	-165.87602	29.394087	-104.23514	-200.69162	110.0	110.0	56099	-133.96304	16.414156	-96.07751	-203.47751	-133.96318	16.41402	-95.164406	-202.57089	132.32434	1.7721531	372.3633072376251
35	-170.53604	28.623148	-108.156	-207.86578	-157.95424	25.299623	-103.997856	-182.45302	110.0	110.0	57749	-136.50394	16.493488	-96.810936	-204.44913	-136.50404	16.492579	-96.60555	-203.5277	134.85979	1.7353501	383.87545561790466
36	-158.80708	18.543451	-120.550186	-189.42085	-171.98685	23.941406	-126.3346	-207.4396	110.0	110.0	59399	-139.01364	16.47519	-98.89062	-207.78302	-139.01382	16.472868	-98.59821	-206.88885	137.37874	1.7604219	394.69204354286194
37	-163.44931	18.244032	-129.8189	-189.64162	-169.50844	18.416222	-125.68057	-194.65239	110.0	110.0	61049	-141.39926	16.508118	-100.7015	-210.4591	-141.39929	16.505857	-100.50708	-209.91115	139.82912	1.7569206	405.59001636505127
38	-159.01463	27.5562	-120.966705	-201.59601	-144.06664	22.63512	-100.1608	-186.50307	110.0	110.0	62699	-143.83807	16.49522	-103.08355	-213.49136	-143.8382	16.492418	-102.59499	-213.0182	142.31287	1.7579169	415.3836896419525
39	-172.26186	22.71097	-129.15735	-215.79655	-155.1145	14.352258	-134.28282	-192.88582	110.0	110.0	64349	-146.20079	16.629276	-104.92821	-216.00354	-146.20074	16.628073	-104.9251	-215.60913	144.60445	1.711264	425.4908039569855
40	-148.43552	25.209667	-109.54285	-189.77322	-154.50864	21.491184	-123.166466	-195.39526	110.0	110.0	65999	-148.7201	16.58953	-106.973114	-218.40517	-148.72032	16.58772	-107.02375	-218.3393	147.20944	1.7627499	435.79101300239563
41	-146.90048	24.126057	-103.70141	-193.38861	-147.08403	23.17601	-97.67314	-189.68224	110.0	110.0	67649	-150.89519	16.651346	-109.348724	-221.71565	-150.89522	16.648924	-109.26616	-221.48499	149.36418	1.7483406	446.8685472011566
42	-134.43135	35.689587	-71.96523	-197.37717	-150.93576	17.100172	-122.454506	-174.79764	110.0	110.0	69299	-152.98134	16.643442	-111.19086	-223.34125	-152.98149	16.641987	-110.9788	-222.91603	151.52475	1.7655227	457.46758341789246
43	-147.66705	32.298424	-92.00475	-191.3672	-146.05388	46.882183	-52.907887	-204.7722	110.0	110.0	70949	-155.06505	16.591154	-113.36529	-224.9911	-155.06508	16.588984	-112.74211	-225.09042	153.65149	1.7716297	468.3562650680542
44	-141.4848	23.934452	-106.358864	-184.2677	-142.9917	32.14166	-87.243805	-195.95605	110.0	110.0	72599	-157.19026	16.685555	-115.53122	-230.41122	-157.19019	16.68505	-115.386024	-230.75937	155.8001	1.7763071	479.29586696624756
45	-148.34709	36.067196	-85.74059	-197.69919	-142.79192	33.239773	-92.17467	-211.92107	110.0	110.0	74249	-158.93163	16.710737	-117.45278	-231.50336	-158.93187	16.709045	-117.54017	-232.59889	157.4762	1.7955357	491.80764651298523
46	-133.82286	34.202374	-62.19921	-181.62976	-134.01132	40.728603	-87.55505	-190.85365	110.0	110.0	75899	-160.70564	16.752665	-119.70497	-233.12451	-160.70549	16.751543	-119.59504	-234.1321	159.29045	1.7967203	502.909649848938
47	-139.01654	33.83911	-74.90866	-200.58337	-137.86737	20.70657	-110.80288	-166.3306	110.0	110.0	77549	-162.46712	16.943804	-121.53749	-236.37004	-162.46709	16.94182	-121.46241	-236.51323	161.09679	1.8409511	513.3452353477478
48	-139.19278	37.41707	-61.21447	-192.58875	-144.60112	29.947819	-91.12411	-197.62486	110.0	110.0	79199	-164.06233	16.937128	-123.68696	-238.32419	-164.06248	16.936687	-123.26218	-238.71451	162.72046	1.8006395	524.180513381958
49	-143.39818	28.793005	-102.897484	-186.56918	-143.12589	30.282135	-87.88538	-179.55046	110.0	110.0	80849	-165.60226	16.991175	-124.666595	-238.74886	-165.60233	16.990612	-124.551254	-239.1857	164.28352	1.8463717	535.2240719795227
50	-136.07594	24.581642	-76.62326	-185.36015	-131.89658	34.674503	-77.06591	-194.93318	110.0	110.0	82499	-167.1899	17.080711	-127.06167	-241.21707	-167.18996	17.079844	-126.63352	-240.1021	165.91519	1.8295543	545.482782125473
51	-146.41043	25.465868	-94.67851	-201.75015	-107.44452	51.778904	-22.017908	-188.98933	110.0	110.0	84149	-168.53905	17.218315	-128.46939	-242.04974	-168.53882	17.21685	-128.1903	-242.59613	167.32372	1.8694437	555.6074230670929
52	-148.10252	19.099876	-120.62209	-178.99173	-123.95982	23.297388	-88.903885	-163.80702	110.0	110.0	85799	-169.9807	17.389143	-130.17194	-243.83916	-169.98068	17.387934	-130.19144	-244.53162	168.7166	1.8934082	567.0208747386932
53	-135.56015	32.23409	-87.92556	-199.61674	-143.30188	29.13875	-85.60497	-180.45508	110.0	110.0	87449	-171.22124	17.460426	-131.43388	-244.6854	-171.22119	17.459856	-131.53285	-244.50078	169.9539	1.9158404	578.6352331638336
54	-137.79709	22.079115	-94.572945	-178.03012	-143.03542	23.719828	-105.46876	-184.4773	110.0	110.0	89099	-172.43512	17.5365	-133.32812	-246.97435	-172.43526	17.535778	-133.26776	-246.6192	171.14345	1.9070687	589.0288383960724
55	-143.89098	27.189985	-100.539	-195.59499	-119.14803	31.211548	-66.00226	-189.624	110.0	110.0	90749	-173.79808	17.700668	-135.28056	-247.90086	-173.79805	17.700262	-135.3022	-247.2703	172.48792	1.9197171	600.028645992279
56	-143.51065	24.581713	-99.694786	-190.73427	-126.61456	44.835674	-52.89821	-215.16565	110.0	110.0	92399	-174.88792	17.891207	-137.04224	-250.2327	-174.88777	17.890461	-136.656	-250.57967	173.67169	1.9372209	611.5884540081024
57	-133.36826	23.207132	-96.86056	-185.82335	-140.35669	37.526768	-99.62188	-220.19833	110.0	110.0	94049	-175.88588	18.004658	-138.11652	-252.43158	-175.886	18.00339	-137.7793	-250.70654	174.60292	1.9463855	622.649472951889
58	-129.92383	35.414062	-83.91945	-198.95226	-139.16739	27.805977	-81.7236	-169.15692	110.0	110.0	95699	-176.91017	18.25058	-139.30832	-253.45354	-176.91005	18.249865	-139.40005	-252.07077	175.67218	1.9626033	633.2352240085602
59	-131.32162	24.9766	-80.56479	-175.69885	-134.32094	24.310091	-99.86139	-181.80331	110.0	110.0	97349	-177.70946	18.383932	-139.60156	-252.16988	-177.70934	18.383402	-139.8833	-252.7674	176.46614	1.974517	643.860677242279
60	-123.138336	29.680164	-60.384384	-159.67262	-114.04021	24.53282	-77.29908	-162.418	110.0	110.0	98999	-178.47044	18.49167	-140.48091	-256.2379	-178.47057	18.490343	-140.88808	-254.40524	177.23027	1.9538113	655.1798598766327
61	-118.41312	31.1871	-80.68881	-209.29813	-130.68013	36.84042	-68.53915	-197.3919	110.0	110.0	100649	-179.24817	18.63399	-141.16064	-252.51938	-179.24811	18.63324	-141.43422	-251.50479	177.98546	1.9839636	665.5520825386047
62	-144.14763	18.63464	-104.652084	-171.16792	-121.211754	31.100746	-79.480576	-183.38104	110.0	110.0	102299	-179.97159	18.894257	-141.34944	-257.22546	-179.97177	18.892044	-141.18813	-257.81653	178.91331	2.0292714	676.5170707702637
63	-143.38283	31.743393	-84.29569	-187.58286	-130.8854	26.309473	-69.96788	-179.82555	110.0	110.0	103949	-180.71025	19.010681	-142.22386	-258.33368	-180.7103	19.009642	-142.05089	-258.14084	179.47101	2.0267117	688.748453617096
64	-128.36852	28.320856	-62.871124	-175.38991	-157.3043	23.631424	-124.724144	-194.2773	110.0	110.0	105599	-181.39287	19.099527	-143.0111	-258.3335	-181.39305	19.098396	-142.8412	-259.1382	180.16687	1.9801589	699.7448060512543
65	-133.19069	34.337574	-62.81884	-185.15842	-132.50217	16.727165	-105.840805	-154.38895	110.0	110.0	107249	-181.95883	19.196653	-143.72256	-260.5444	-181.95854	19.195936	-143.86327	-260.00497	180.77298	2.0323987	713.7089412212372
66	-131.89052	29.33889	-76.5274	-173.00066	-126.73684	33.541386	-62.446064	-180.36139	110.0	110.0	108899	-182.53575	19.31596	-144.62096	-259.9018	-182.53589	19.315763	-144.55284	-260.52032	181.32497	2.0412402	725.1789393424988
67	-130.20491	28.889187	-77.50976	-173.62825	-130.8006	30.734201	-87.11228	-179.83485	110.0	110.0	110549	-183.1887	19.507198	-145.55779	-262.09967	-183.1886	19.507523	-145.31517	-262.26895	181.97318	2.0570283	736.3452916145325
68	-127.72888	30.284973	-85.632385	-189.03519	-146.55429	24.885084	-113.14714	-200.96188	110.0	110.0	112199	-183.57507	19.579767	-146.3734	-261.04285	-183.57507	19.579233	-145.9238	-262.29153	182.40144	2.0604808	747.4240741729736
69	-138.49342	28.068296	-98.92791	-193.21387	-109.362526	34.63027	-54.79764	-187.04555	110.0	110.0	113849	-184.18953	19.748865	-146.45018	-265.14246	-184.18915	19.749743	-146.3892	-263.70023	183.05533	2.0671928	758.1672797203064
70	-137.14825	28.271793	-92.41049	-192.19035	-129.93718	25.20042	-87.58886	-175.14952	110.0	110.0	115499	-184.62901	19.864305	-146.43987	-260.97775	-184.62909	19.86229	-145.94754	-261.80453	183.45148	2.059594	770.0937602519989
71	-120.0032	37.07096	-63.508793	-212.36858	-121.209595	35.076183	-55.253513	-173.6593	110.0	110.0	117149	-184.99272	20.129585	-145.76598	-263.34222	-184.99248	20.13002	-145.70358	-264.67517	183.7917	2.036735	780.2993323802948
72	-122.47359	27.70791	-70.864685	-163.90678	-130.0159	34.077972	-82.58112	-191.37068	110.0	110.0	118799	-185.30214	20.351374	-145.13998	-265.2801	-185.30194	20.352442	-144.77759	-264.9445	184.11636	2.068818	791.3108141422272
73	-134.13046	28.10032	-96.914345	-175.59412	-123.28159	31.984581	-59.81488	-165.43878	110.0	110.0	120449	-185.5567	20.530209	-144.33234	-266.98096	-185.55647	20.531216	-144.41203	-268.1684	184.3783	2.07396	801.8029572963715
74	-128.90564	27.766487	-72.69475	-179.28264	-137.36766	34.717575	-73.523285	-188.25386	110.0	110.0	122099	-186.00592	20.80274	-143.37308	-265.85898	-186.00623	20.803337	-143.71942	-264.98224	184.92923	2.1060383	813.4532480239868
75	-122.73614	18.945791	-94.36128	-165.75104	-140.55093	19.453102	-110.19325	-170.3	110.0	110.0	123749	-186.29552	21.096111	-143.37743	-268.9409	-186.29526	21.097319	-143.50287	-270.18445	185.19746	2.1209564	824.7881293296814
76	-120.13866	13.297509	-100.994446	-144.71437	-123.532425	29.427084	-84.29129	-190.39592	110.0	110.0	125399	-186.57602	21.318232	-143.15501	-269.6914	-186.57565	21.319822	-143.05376	-270.1731	185.38098	2.117581	835.0817592144012
77	-130.52896	31.13656	-77.9888	-207.5702	-136.64124	30.72456	-88.516945	-191.6838	110.0	110.0	127049	-186.62267	21.52555	-142.58017	-272.2587	-186.62248	21.528027	-142.76219	-272.77994	185.44102	2.0833712	845.6750874519348
78	-125.76069	27.999546	-78.30372	-174.4294	-134.1907	30.327028	-71.943504	-181.9349	110.0	110.0	128699	-186.9459	21.594261	-142.35405	-274.04916	-186.94557	21.594475	-142.20978	-274.64276	185.88518	2.1483383	855.8989226818085
79	-133.82668	31.535784	-63.801907	-180.95247	-126.57141	31.853098	-70.94541	-191.651	110.0	110.0	130349	-187.23795	21.780441	-141.44002	-274.93115	-187.23793	21.783283	-141.02199	-275.7691	186.17773	2.1035013	866.2114181518555
80	-128.74045	27.432226	-81.95822	-170.7709	-130.69505	27.605562	-85.43167	-174.66116	110.0	110.0	131999	-187.50958	21.978357	-140.91907	-277.76083	-187.50946	21.980587	-140.69034	-278.12497	186.44498	2.0923917	876.5818388462067
81	-137.21182	22.094717	-99.19101	-177.17429	-134.45053	17.359398	-111.59915	-172.63324	110.0	110.0	133649	-187.82909	22.209259	-140.21873	-276.74515	-187.82884	22.210497	-140.01904	-277.1253	186.77228	2.119498	887.4532978534698
82	-129.62213	29.286922	-75.08706	-179.0064	-130.81436	24.836027	-93.509384	-165.58383	110.0	110.0	135299	-187.91907	22.429813	-140.31479	-279.80344	-187.91882	22.430141	-140.2562	-280.3838	186.86575	2.1166472	898.1666233539581
83	-123.01273	33.39644	-67.42235	-181.95218	-127.90556	17.917791	-89.24324	-153.34085	110.0	110.0	136949	-188.06885	22.729961	-140.1473	-278.0479	-188.0686	22.73078	-139.67781	-277.74744	186.97859	2.1374927	908.8536159992218
84	-135.02823	26.652025	-93.73968	-174.3988	-111.86357	38.81944	-69.93938	-194.27225	110.0	110.0	138599	-188.13065	22.885511	-139.28152	-280.81995	-188.13051	22.88671	-139.14775	-278.82037	186.99019	2.1208954	919.9503614902496
85	-125.45367	24.06799	-61.375633	-150.54381	-114.03252	37.23882	-62.625057	-171.74042	110.0	110.0	140249	-188.34395	23.176748	-139.21048	-284.82693	-188.34412	23.178219	-138.58331	-284.3204	187.27402	2.1077437	930.6058337688446
86	-139.14618	28.8681	-84.10188	-183.57759	-107.74602	25.262196	-53.968075	-146.69206	110.0	110.0	141899	-188.46596	23.453445	-138.60481	-287.15466	-188.46555	23.45436	-138.33226	-285.92126	187.3364	2.1078215	941.013514995575
87	-133.52641	25.952093	-67.902565	-175.26874	-127.861	39.546104	-61.88174	-188.79163	110.0	110.0	143549	-188.78398	23.753637	-138.31172	-287.82162	-188.7838	23.755981	-138.26234	-288.34723	187.68509	2.1202235	952.8128886222839
88	-128.92047	19.080465	-95.794106	-162.32497	-147.97214	36.079323	-89.66908	-191.66846	110.0	110.0	145199	-188.9455	23.851254	-138.11362	-287.6489	-188.94534	23.852034	-138.00316	-288.00586	187.95923	2.0907502	963.2103550434113
89	-129.7288	24.356968	-81.46688	-187.4095	-126.61898	28.315119	-73.12743	-158.69316	110.0	110.0	146849	-189.03835	24.15321	-137.76375	-289.4406	-189.03818	24.15623	-137.81499	-289.8064	188.04489	2.1499753	973.4365096092224
90	-124.82507	24.103153	-89.20336	-172.18416	-115.2854	24.837255	-68.96122	-148.83752	110.0	110.0	148499	-189.20784	24.316164	-137.8045	-291.00934	-189.20773	24.3179	-137.53946	-291.86096	188.31343	2.0977805	983.6391203403473
91	-137.16412	28.599226	-74.589554	-187.72043	-114.97044	34.945538	-70.40393	-185.75513	110.0	110.0	150149	-189.3396	24.526003	-137.32039	-294.60062	-189.33943	24.527119	-136.74901	-292.96735	188.29909	2.0908887	994.3785824775696
92	-128.4507	30.012947	-67.118484	-172.1506	-116.49884	28.458433	-72.01556	-166.5409	110.0	110.0	151799	-189.55745	24.779741	-136.77611	-295.7128	-189.55737	24.781656	-136.04309	-294.6839	188.59326	2.085264	1005.6573123931885
93	-110.65569	30.397549	-53.90508	-173.79396	-103.93522	24.42317	-56.634235	-146.24557	110.0	110.0	153449	-189.62971	24.934738	-136.98105	-293.23117	-189.62949	24.9376	-136.5122	-294.18976	188.62186	2.042118	1016.1380732059479
94	-116.485405	25.005466	-69.069275	-157.2813	-129.14235	17.550148	-99.22991	-154.99261	110.0	110.0	155099	-189.6867	25.212463	-136.61703	-293.58203	-189.68642	25.215149	-135.97723	-293.9894	188.79224	2.0703676	1027.440000295639
95	-125.322365	27.858337	-85.523056	-169.83717	-114.087036	26.542105	-69.571266	-155.43263	110.0	110.0	156749	-189.6804	25.417744	-136.32893	-297.5413	-189.68005	25.420855	-136.068	-296.18332	188.74799	2.0459607	1037.6910212039948
96	-118.317024	30.428476	-49.093994	-154.8881	-103.49927	24.297064	-74.93855	-144.61418	110.0	110.0	158399	-189.70929	25.501518	-136.50089	-300.03656	-189.70926	25.505215	-135.95247	-298.17093	188.71803	2.0347443	1047.9875571727753
97	-113.964806	35.70215	-57.25073	-174.54932	-119.07217	29.918022	-78.42525	-175.84251	110.0	110.0	160049	-189.82549	25.817749	-136.08687	-298.55774	-189.82526	25.820843	-135.88525	-297.01468	188.94443	2.0187485	1059.3038425445557
98	-124.13549	17.821943	-95.83802	-159.7107	-120.62539	35.71129	-75.37795	-200.11743	110.0	110.0	161699	-189.74202	25.973946	-135.65886	-299.69092	-189.74193	25.976044	-135.87572	-299.13324	188.89014	1.9910609	1069.3965122699738
99	-103.37528	21.473888	-74.11856	-138.51093	-117.097374	21.166346	-65.77315	-145.9403	110.0	110.0	163349	-189.80359	26.150494	-135.31854	-305.16208	-189.8034	26.15267	-135.37035	-303.71005	188.91943	1.9939862	1081.0744013786316
100	-122.81496	35.016575	-74.24394	-195.9668	-137.65079	11.849038	-121.86658	-157.85043	110.0	110.0	164999	-189.93567	26.36526	-135.64331	-303.73892	-189.93536	26.368149	-135.45761	-302.70312	188.96315	2.000653	1091.1522948741913
101	-120.10558	31.271425	-79.78645	-204.74127	-132.01157	45.92748	-49.313576	-186.22493	110.0	110.0	166649	-189.9508	26.56689	-135.14288	-306.23288	-189.95055	26.568462	-135.16812	-305.8672	189.00026	1.9571464	1102.3139352798462
102	-122.191826	25.425037	-77.60238	-178.62997	-140.71169	21.460693	-102.06381	-171.5339	110.0	110.0	168299	-189.8059	26.6973	-134.98607	-304.66034	-189.80598	26.698895	-134.86084	-303.84113	188.79321	1.9333508	1113.211478471756
103	-119.90121	24.18393	-81.37721	-169.94421	-123.387245	23.103714	-78.175644	-154.51193	110.0	110.0	169949	-189.97385	27.004799	-134.7768	-306.81305	-189.97379	27.00682	-134.79758	-306.0006	189.03099	1.9736618	1123.771297454834
104	-129.36896	27.988693	-82.967	-192.50903	-104.18984	21.317461	-69.74179	-141.78853	110.0	110.0	171599	-189.90976	27.092028	-134.5137	-305.26962	-189.90932	27.093882	-134.65923	-305.26196	189.04657	1.9490088	1135.2566187381744
105	-118.66799	38.464222	-63.929146	-182.5652	-106.91376	25.789822	-65.348694	-159.91931	110.0	110.0	173249	-189.80957	27.209106	-134.14838	-306.51593	-189.80952	27.210953	-134.48012	-306.6939	188.81178	1.9982507	1145.58358335495
106	-128.20117	29.589355	-66.0712	-181.96088	-117.99007	31.721373	-60.829533	-169.19548	110.0	110.0	174899	-189.88039	27.351765	-134.09714	-307.2598	-189.88002	27.354069	-134.02832	-307.84723	188.91624	1.995124	1155.7595551013947
107	-122.11751	21.804953	-71.1556	-155.08952	-105.98546	25.53923	-66.911736	-143.42152	110.0	110.0	176549	-190.04291	27.452942	-134.14868	-308.83508	-190.04297	27.454931	-133.86699	-309.61505	189.14299	1.9756554	1166.6918041706085
108	-125.91893	16.518543	-93.27105	-162.63109	-109.92812	23.982409	-80.237785	-150.40984	110.0	110.0	178199	-189.9215	27.477104	-133.6448	-309.10754	-189.92145	27.478283	-133.61917	-309.61597	188.95375	1.9877383	1177.8447408676147
109	-112.83718	26.829954	-79.04806	-169.73372	-105.9904	38.48233	-62.777843	-166.08725	110.0	110.0	179849	-190.04109	27.530962	-133.33055	-309.66962	-190.04086	27.534246	-133.41281	-310.78314	189.11488	1.9747009	1189.0157597064972
110	-120.82375	19.751595	-88.421776	-165.43448	-121.480835	26.750765	-74.47066	-161.18387	110.0	110.0	181499	-189.93924	27.795431	-133.2103	-310.97705	-189.93906	27.797926	-133.00362	-310.68732	189.0709	1.9526606	1200.0213947296143
111	-125.01415	33.612915	-69.03655	-184.28821	-116.687294	23.60131	-86.2003	-158.34921	110.0	110.0	183149	-189.82948	27.730583	-132.86711	-310.7647	-189.82942	27.7319	-132.81151	-311.3641	189.00107	1.9343327	1210.8395609855652
112	-117.65431	33.954872	-44.78879	-179.7408	-120.97441	22.253246	-80.222755	-154.87306	110.0	110.0	184799	-190.071	27.888632	-132.74086	-311.70312	-190.07074	27.889336	-132.8468	-311.89096	189.1384	1.9553574	1221.5607056617737
113	-112.93473	25.17549	-57.41896	-156.97142	-124.80794	32.3655	-69.37328	-192.1369	110.0	110.0	186449	-189.78859	27.906862	-132.52745	-316.01813	-189.78821	27.90796	-132.84154	-312.92838	188.93477	1.9639237	1233.4171297550201
114	-113.64823	21.456808	-83.04662	-153.14105	-125.578735	23.277906	-107.85251	-192.39803	110.0	110.0	188099	-189.77176	27.92323	-132.53691	-313.9427	-189.77133	27.925339	-132.46034	-314.32587	188.93147	1.9850314	1244.773625612259
115	-109.11823	17.452015	-72.144714	-137.83727	-109.2441	32.976162	-61.152203	-166.43117	110.0	110.0	189749	-189.57799	28.015707	-131.8476	-316.82056	-189.57779	28.017023	-132.01717	-317.48712	188.78816	1.9764278	1255.4986114501953
116	-118.72199	21.664055	-85.036446	-152.00714	-126.257034	19.09263	-87.41974	-151.26318	110.0	110.0	191399	-189.59874	28.081755	-131.79713	-315.55545	-189.59872	28.08456	-131.75029	-315.7846	188.64148	1.9930604	1267.4718117713928
117	-117.03328	20.781136	-89.45031	-169.75877	-121.659874	16.695547	-98.7676	-144.6884	110.0	110.0	193049	-189.347	28.160105	-131.23917	-315.76697	-189.34662	28.16166	-131.20546	-315.16544	188.41936	2.0024092	1281.3122687339783
118	-122.530365	22.26279	-81.15754	-162.45941	-122.43219	19.105442	-92.590965	-146.71536	110.0	110.0	194699	-189.34906	28.124344	-131.17682	-318.95026	-189.34894	28.126423	-130.8127	-320.6888	188.398	1.9723642	1293.4689795970917
119	-118.68209	26.251183	-63.643898	-175.08986	-112.30977	32.655598	-70.0447	-173.58798	110.0	110.0	196349	-189.23349	28.112785	-130.51904	-317.4652	-189.23335	28.115013	-130.45068	-315.5142	188.40137	1.9896835	1306.0404436588287
120	-114.97499	30.500095	-76.2771	-193.0664	-106.41229	20.380363	-71.756584	-134.32939	110.0	110.0	197999	-189.32317	28.209194	-129.832	-318.47806	-189.3229	28.211237	-129.96886	-319.32004	188.46344	1.9605347	1316.211505651474
121	-116.31101	24.865244	-67.992386	-159.06721	-113.34157	26.99265	-69.91486	-177.33603	110.0	110.0	199649	-189.09074	28.244194	-129.34589	-320.61694	-189.09045	28.245565	-129.39987	-321.80493	188.34818	1.9742918	1326.8306958675385
122	-126.16024	21.626657	-82.49237	-167.17441	-116.6863	22.34692	-81.35826	-142.53984	110.0	110.0	201299	-189.17757	28.235271	-129.46855	-321.4613	-189.17763	28.236395	-129.11646	-322.06973	188.40477	1.990099	1338.324114561081
123	-114.361435	30.310076	-62.927975	-189.95804	-141.24059	34.42418	-53.752274	-183.46024	110.0	110.0	202949	-189.06467	28.367043	-128.64418	-322.17615	-189.0643	28.369236	-128.7165	-321.94727	188.23518	2.0192983	1348.9123225212097
124	-108.266754	22.974438	-74.002556	-155.68747	-105.76109	14.682935	-83.15881	-134.98575	110.0	110.0	204599	-189.06259	28.383793	-128.83615	-323.68756	-189.06244	28.38645	-128.37653	-324.47366	188.32481	1.9984537	1360.3132297992706
125	-132.39592	25.165585	-100.164536	-197.83548	-111.10994	27.182459	-71.074135	-169.53552	110.0	110.0	206249	-189.02672	28.246618	-128.0951	-324.93674	-189.02655	28.249205	-127.755104	-324.6407	188.14572	2.0510683	1371.619194984436
126	-120.417656	21.083786	-88.37854	-159.90971	-126.45229	25.094282	-98.00612	-181.68263	110.0	110.0	207899	-188.84521	28.338375	-127.95412	-322.13562	-188.84494	28.340485	-127.73363	-322.35925	188.09618	2.047799	1382.8203349113464
127	-126.61738	22.165468	-96.95958	-180.52448	-104.448975	35.082676	-50.205467	-163.74168	110.0	110.0	209549	-188.74443	28.265348	-127.68214	-323.13168	-188.74432	28.268456	-127.24123	-323.4642	188.09488	1.9977173	1394.1606981754303
128	-114.86445	27.7403	-73.17209	-162.49907	-139.47722	25.398241	-80.7972	-172.13672	110.0	110.0	211199	-188.92494	28.371147	-127.55454	-322.0547	-188.92482	28.371378	-127.19525	-322.47113	188.04987	2.0216818	1405.219869852066
129	-111.875465	25.28471	-72.36459	-163.1161	-98.734695	30.456144	-45.225067	-131.7622	110.0	110.0	212849	-188.63531	28.322388	-127.3338	-319.37338	-188.63513	28.323048	-126.741615	-319.58173	187.90659	1.9589965	1416.452968120575
130	-118.78357	36.482372	-70.60154	-214.37558	-111.171	27.815542	-77.24552	-175.37102	110.0	110.0	214499	-188.56656	28.361063	-127.03473	-319.59418	-188.56633	28.36072	-126.61413	-318.6503	187.78723	2.0106812	1427.9370200634003
131	-110.502396	22.535963	-54.62673	-151.45465	-114.11172	26.084518	-81.994156	-169.05023	110.0	110.0	216149	-188.38625	28.458931	-126.71197	-322.3287	-188.38626	28.459663	-126.37149	-322.3914	187.56792	2.0259306	1440.306803226471
132	-123.07293	26.779688	-68.982124	-178.25992	-94.62125	26.985533	-23.821201	-132.23741	110.0	110.0	217799	-188.25952	28.488234	-126.62067	-322.9449	-188.25922	28.489332	-126.451935	-323.13104	187.38916	1.9834219	1450.4794311523438
133	-123.90174	28.170786	-66.782974	-195.23355	-125.255775	28.160402	-92.32802	-186.13893	110.0	110.0	219449	-188.09084	28.449015	-126.40819	-319.8246	-188.09087	28.449245	-126.24968	-320.8447	187.47668	1.9770252	1461.896183013916
134	-121.68967	21.99442	-76.55531	-152.13524	-105.82082	32.50789	-49.854694	-148.6997	110.0	110.0	221099	-187.91676	28.549622	-125.877014	-321.20517	-187.91661	28.550684	-125.9325	-319.9957	187.08958	2.0195732	1474.2483303546906
135	-116.84779	34.26973	-60.523834	-179.1194	-101.574326	37.152004	-50.03654	-168.289	110.0	110.0	222749	-187.77402	28.52791	-125.68255	-320.51306	-187.77391	28.529213	-125.317215	-319.8744	187.05576	2.0210469	1485.666390657425
136	-114.21709	29.32008	-57.226276	-152.93596	-120.752335	29.5841	-71.29732	-185.16643	110.0	110.0	224399	-187.48688	28.65231	-125.367004	-325.2065	-187.48683	28.652979	-125.24305	-325.52652	186.55959	1.986836	1495.6852321624756
137	-111.18936	23.10946	-58.665257	-135.6383	-111.40684	22.153215	-79.100395	-143.1673	110.0	110.0	226049	-187.18962	28.649992	-125.05903	-323.6717	-187.18938	28.649746	-125.083046	-323.73566	186.32384	1.9492433	1506.0583078861237
138	-109.66875	18.849747	-83.31751	-145.85051	-118.25488	28.943525	-59.61404	-167.89163	110.0	110.0	227699	-187.09305	28.644154	-124.794655	-323.58768	-187.09317	28.644947	-124.841194	-325.52173	186.36407	1.9888824	1517.151094675064
139	-111.27211	30.503311	-58.375362	-173.52596	-113.396805	26.011463	-63.67405	-158.85518	110.0	110.0	229349	-186.92445	28.799665	-124.79887	-320.94934	-186.92422	28.80044	-124.5567	-319.77905	186.25667	1.9487582	1527.8303031921387
140	-121.352394	38.426495	-81.043686	-208.69527	-101.68367	23.522827	-63.25133	-137.30824	110.0	110.0	230999	-186.80669	28.820938	-124.38799	-320.87897	-186.80684	28.821356	-124.29001	-320.0481	186.03769	1.9650884	1539.2709476947784
141	-118.479645	15.075675	-87.77345	-149.4469	-129.53246	35.669144	-62.467068	-190.9156	110.0	110.0	232649	-186.7687	28.964922	-124.237816	-321.01263	-186.76845	28.965092	-124.16136	-320.1482	185.88977	1.9772439	1550.4352855682373
142	-113.66959	21.271833	-74.15591	-150.65298	-135.9466	23.43084	-95.75888	-176.47661	110.0	110.0	234299	-186.64394	28.914099	-123.754425	-322.82764	-186.644	28.9143	-123.93047	-323.73483	185.89723	1.9631028	1561.9051585197449
143	-114.91712	26.631851	-66.29658	-157.91718	-104.533165	23.976223	-74.52903	-146.00572	110.0	110.0	235949	-186.36465	28.911327	-123.63575	-320.37683	-186.36461	28.910467	-123.6824	-320.49023	185.58974	1.9952993	1572.6899240016937
144	-119.05464	23.740437	-88.01688	-181.28195	-115.574326	30.872372	-62.815815	-168.64131	110.0	110.0	237599	-186.06635	28.895706	-123.33455	-322.00156	-186.06627	28.895996	-123.203705	-320.6636	185.21269	1.961268	1583.7726793289185
145	-108.656746	31.90029	-60.076645	-161.76746	-110.14127	23.71081	-59.01631	-155.14304	110.0	110.0	239249	-185.82326	28.759354	-122.74812	-321.55206	-185.82318	28.75884	-123.042786	-321.86783	185.0441	1.9468161	1594.904795885086
146	-118.45603	36.832123	-63.8113	-189.50487	-122.19661	29.855387	-46.83636	-162.83054	110.0	110.0	240899	-185.71635	28.914684	-122.749855	-323.23734	-185.71643	28.915117	-122.60595	-320.97995	184.84738	1.9858036	1606.3142848014832
147	-121.63603	21.209124	-84.67293	-160.70715	-113.38674	33.39795	-64.91193	-162.57877	110.0	110.0	242549	-185.39174	28.872635	-122.468994	-320.00797	-185.39157	28.872267	-122.42205	-320.10574	184.65594	1.9694602	1616.9385623931885
148	-112.7196	19.14152	-80.28914	-154.59274	-113.175514	23.227688	-73.583855	-164.11415	110.0	110.0	244199	-185.26979	28.909603	-122.05209	-323.68552	-185.26974	28.909178	-122.26391	-325.2876	184.49138	1.9738646	1628.0117785930634
149	-109.068085	30.482864	-48.639294	-155.9364	-119.819374	18.174313	-84.13797	-147.26201	110.0	110.0	245849	-184.93773	28.926203	-122.16489	-320.0924	-184.93767	28.926798	-121.77147	-319.63272	184.12723	1.9524249	1638.5278506278992
150	-121.14562	28.027386	-68.38011	-179.24033	-130.49417	28.177166	-87.007195	-193.56142	110.0	110.0	247499	-184.81934	29.03779	-121.87896	-324.09927	-184.81918	29.038364	-121.75372	-325.59732	184.04102	1.9622025	1650.428214788437
151	-119.97496	25.623615	-63.108437	-180.85452	-115.37239	26.440453	-68.25116	-148.51427	110.0	110.0	249149	-184.77873	29.04672	-120.92628	-320.4124	-184.77875	29.04736	-121.264565	-318.71875	184.06569	1.9547491	1662.0083224773407
152	-125.23619	16.745687	-90.77314	-156.19427	-109.16978	24.089264	-80.03056	-155.09995	110.0	110.0	250799	-184.59729	29.035702	-120.49459	-318.62198	-184.59712	29.036291	-120.69753	-317.63742	183.88213	1.987417	1673.2734248638153
153	-116.74251	21.208437	-73.71903	-149.4314	-102.5329	22.247171	-71.863365	-138.82011	110.0	110.0	252449	-184.66042	29.08304	-120.3611	-320.3601	-184.66049	29.082779	-119.994675	-321.4942	183.92386	1.9707559	1685.162698507309
154	-119.6661	21.681328	-72.87295	-162.20383	-118.39976	30.967768	-60.95332	-162.17795	110.0	110.0	254099	-184.4484	28.994764	-120.308685	-317.13638	-184.44812	28.995178	-120.433464	-317.28638	183.80899	1.9707171	1695.440003156662
155	-131.15831	31.512629	-73.088	-189.11244	-110.02395	41.98002	-32.290028	-191.17438	110.0	110.0	255749	-184.48578	29.050858	-119.876686	-321.0335	-184.48572	29.051258	-119.827515	-321.04416	183.7237	2.016456	1705.7570683956146
156	-131.89224	27.734484	-79.423325	-174.95787	-108.776024	36.922054	-55.606415	-167.02637	110.0	110.0	257399	-184.42744	29.055357	-119.596214	-317.00812	-184.42746	29.055653	-119.731285	-316.76184	183.63641	1.960978	1716.8515493869781
157	-115.6445	15.880435	-90.42944	-143.04959	-117.41286	18.366045	-86.56345	-149.57784	110.0	110.0	259049	-184.20967	29.070475	-119.16583	-316.2882	-184.20941	29.070639	-119.35632	-315.65005	183.51068	1.9673406	1727.2423787117004
158	-116.14876	26.434275	-71.40844	-168.91914	-114.5238	22.103315	-90.11615	-158.76868	110.0	110.0	260699	-184.18057	29.098076	-119.13109	-317.2329	-184.18053	29.099174	-119.3019	-317.95963	183.41127	1.9457963	1738.5866558551788
159	-113.65191	28.07244	-31.628561	-151.56816	-112.24278	23.40305	-70.11045	-151.30792	110.0	110.0	262349	-184.06421	29.014307	-118.757774	-318.10684	-184.0642	29.015017	-118.759224	-318.74506	183.32292	1.9636186	1748.7837970256805
160	-108.5749	24.541286	-62.584126	-155.37521	-105.74583	21.860508	-73.38145	-147.72682	110.0	110.0	263999	-183.97588	29.114235	-118.712006	-311.7826	-183.97568	29.115322	-119.083	-310.734	183.31952	2.0113642	1759.5316932201385
161	-123.58725	31.42907	-77.43789	-183.7623	-90.15272	23.991177	-60.13981	-130.94551	110.0	110.0	265649	-183.92369	29.137867	-118.77515	-316.3138	-183.92365	29.138365	-119.15515	-316.28116	183.20474	2.009963	1770.6940925121307
162	-110.02189	21.622097	-61.477478	-144.4277	-110.80797	22.015419	-82.02806	-162.10832	110.0	110.0	267299	-183.65439	29.137705	-119.02394	-310.64944	-183.65417	29.13962	-119.120316	-309.81122	182.85449	1.9441303	1781.3560104370117
163	-121.79689	29.147186	-65.84818	-166.52724	-93.84239	24.79102	-45.13729	-136.10497	110.0	110.0	268949	-183.37541	29.111063	-118.57815	-311.84973	-183.37547	29.112263	-118.81688	-311.55984	182.51752	1.9369239	1792.9207346439362
164	-115.45996	34.848473	-65.41309	-180.71725	-135.43076	37.974003	-64.66952	-210.12927	110.0	110.0	270599	-183.38791	29.219883	-118.71783	-311.38016	-183.38777	29.221554	-118.91828	-312.16492	182.61377	1.9101411	1805.31964802742
165	-124.39126	31.33221	-71.23807	-185.80547	-128.76712	28.38698	-99.816216	-176.0909	110.0	110.0	272249	-183.31274	29.264837	-118.63107	-310.44592	-183.31233	29.265446	-118.68563	-310.28058	182.57034	1.9404829	1816.600034236908
166	-124.02726	30.832636	-77.80088	-192.18283	-112.934975	20.696434	-81.61624	-152.15526	110.0	110.0	273899	-183.26648	29.485458	-118.42516	-309.13977	-183.26686	29.48502	-118.57474	-310.5478	182.54655	1.9303119	1827.2755725383759
167	-126.58416	28.454216	-67.42298	-176.49286	-114.30011	37.0403	-44.0146	-173.22575	110.0	110.0	275549	-183.13826	29.448662	-117.918	-307.8683	-183.13814	29.44923	-118.316284	-308.2945	182.49629	1.9155946	1840.2710733413696
168	-115.787315	33.3026	-55.5629	-176.57666	-102.60658	27.17854	-37.153954	-132.53891	110.0	110.0	277199	-183.07153	29.525297	-117.92919	-305.41608	-183.07161	29.526344	-118.28062	-305.80823	182.38974	1.9686153	1851.3274569511414
169	-122.85588	21.708187	-80.625206	-162.60478	-110.82448	17.599052	-80.66741	-139.23244	110.0	110.0	278849	-183.05482	29.58469	-117.88992	-304.96643	-183.05467	29.584187	-117.93475	-303.7386	182.3453	1.9204336	1862.3916463851929
170	-111.83179	20.16265	-74.823555	-149.63133	-108.58645	33.292637	-39.23403	-155.84004	110.0	110.0	280499	-182.95152	29.566246	-117.92655	-303.1542	-182.95135	29.566664	-117.90685	-305.14502	182.29362	1.9577197	1874.1614837646484
171	-118.78343	23.473955	-78.71356	-161.84178	-109.68404	28.22616	-69.03352	-163.57451	110.0	110.0	282149	-182.8021	29.622576	-118.1339	-305.9387	-182.80217	29.622995	-117.983406	-304.44196	182.21783	1.9685973	1885.1312098503113
172	-116.5677	25.818892	-55.325264	-169.7293	-112.982605	29.01145	-73.01629	-163.31682	110.0	110.0	283799	-182.57825	29.669544	-117.9068	-298.68137	-182.5782	29.66893	-117.61798	-301.2213	181.92848	1.9488435	1896.6960186958313
173	-110.70028	17.740004	-86.37912	-144.46536	-118.50569	25.289507	-76.58012	-160.4356	110.0	110.0	285449	-182.48445	29.612373	-117.8759	-300.0225	-182.48457	29.612173	-117.784	-299.28302	181.83757	1.9423532	1907.2849342823029
174	-114.67934	22.327888	-69.622925	-151.07112	-106.63031	48.902096	-53.13776	-212.00801	110.0	110.0	287099	-182.31912	29.660048	-117.38713	-302.46844	-182.31898	29.660969	-117.59288	-301.59747	181.64227	1.9545841	1918.6643207073212
175	-121.99602	28.452486	-64.9712	-166.43637	-115.99217	28.30933	-87.580986	-169.23012	110.0	110.0	288749	-182.0563	29.561031	-116.87334	-301.90054	-182.05635	29.560457	-117.47086	-303.4012	181.35866	1.9405843	1930.5928568840027
176	-124.37094	31.692547	-68.954865	-167.82112	-115.089035	22.428373	-57.85231	-136.47897	110.0	110.0	290399	-182.00966	29.598232	-116.62584	-299.25424	-182.00984	29.597992	-116.62261	-300.63678	181.34389	1.9793111	1943.149694442749
177	-109.85573	26.859394	-47.429836	-140.3599	-103.95868	38.9418	-33.61368	-164.29027	110.0	110.0	292049	-181.6505	29.659775	-116.21527	-303.52237	-181.65051	29.658075	-116.46469	-302.1179	180.95369	2.0017216	1954.0422813892365
178	-118.97344	22.573711	-69.980064	-170.04346	-108.77006	23.26921	-62.900135	-155.39296	110.0	110.0	293699	-181.47418	29.669197	-115.94279	-297.07956	-181.47435	29.668535	-116.503296	-299.28793	180.74417	1.9702073	1965.3938791751862
179	-117.20968	26.63372	-80.72352	-157.12756	-110.40881	30.083445	-66.86949	-154.08571	110.0	110.0	295349	-181.2576	29.631462	-116.09723	-295.9455	-181.25774	29.630259	-116.14577	-295.21582	180.53712	1.9480972	1976.7440130710602
180	-123.88164	23.86614	-71.65621	-165.92245	-119.75098	31.970362	-63.528248	-179.33945	110.0	110.0	296999	-181.21428	29.72776	-116.132545	-300.72095	-181.21437	29.726025	-116.05247	-299.45245	180.5296	2.0047066	1986.774250984192
181	-117.772446	19.955618	-73.83491	-142.59093	-123.87289	21.153885	-97.999115	-176.14424	110.0	110.0	298649	-180.71614	29.64328	-115.25054	-300.70782	-180.71614	29.642624	-115.75122	-299.23523	179.98584	2.0162685	1998.0862300395966
182	-128.73642	26.465456	-60.71444	-171.54225	-125.67987	21.419027	-88.80051	-166.4772	110.0	110.0	300299	-180.52115	29.593596	-114.956764	-298.82632	-180.5211	29.592476	-114.78641	-298.18393	179.84682	1.9611381	2008.8162558078766
183	-119.91963	31.915428	-45.809902	-165.73083	-104.834984	21.153141	-72.86658	-138.61586	110.0	110.0	301949	-180.32503	29.699547	-114.12789	-292.24133	-180.3251	29.698065	-114.31583	-292.68735	179.67165	1.9934056	2019.9014918804169
184	-104.0735	17.022476	-78.306244	-138.8934	-104.66191	35.86395	-53.368656	-168.64093	110.0	110.0	303599	-180.1065	29.724138	-114.04444	-289.6687	-180.10646	29.723698	-113.79355	-290.6335	179.43756	1.9919943	2030.9614989757538
185	-93.97212	24.3349	-60.123516	-145.04066	-131.16489	30.143425	-90.429695	-183.01605	110.0	110.0	305249	-179.8862	29.645758	-113.7304	-295.03726	-179.88638	29.643837	-113.51717	-295.19095	179.18037	2.0680027	2041.7006812095642
186	-118.063835	33.356476	-52.247665	-172.1241	-125.200294	17.803652	-94.932175	-157.41301	110.0	110.0	306899	-179.64026	29.83103	-113.544815	-295.54837	-179.6402	29.830328	-112.99419	-295.91507	178.93315	1.978716	2052.7254691123962
187	-121.47544	19.886171	-83.8295	-157.18904	-117.70123	26.895338	-74.12414	-157.92165	110.0	110.0	308549	-179.27783	29.73155	-112.71591	-295.52435	-179.27797	29.730906	-112.53182	-295.20078	178.634	1.9976045	2064.1044266223907
188	-118.14584	22.503704	-85.74816	-160.23042	-93.28715	27.211525	-42.1376	-140.61034	110.0	110.0	310199	-178.9216	29.758604	-112.42292	-293.1199	-178.92159	29.757767	-112.01479	-294.72647	178.11647	1.9635578	2074.6927149295807
189	-119.31296	27.363186	-74.49196	-186.0205	-108.752335	23.384043	-74.06961	-137.61002	110.0	110.0	311849	-178.63472	29.851255	-111.61655	-293.72513	-178.63464	29.850136	-111.30922	-293.9038	177.88792	1.9750364	2086.3060936927795
190	-109.65825	30.98434	-70.064156	-185.1186	-107.49611	29.650715	-71.40024	-163.61769	110.0	110.0	313499	-178.38638	29.873314	-111.18142	-293.4441	-178.38655	29.872395	-111.02655	-292.96866	177.69098	1.9724902	2096.7474007606506
191	-115.30697	37.604137	-43.465733	-195.2514	-108.807846	22.594	-65.31232	-143.0011	110.0	110.0	315149	-178.02132	29.827782	-110.57655	-294.4358	-178.0213	29.826456	-110.45567	-293.94836	177.30452	1.958613	2107.3640356063843
192	-115.1394	25.495148	-70.8164	-164.28674	-117.65548	22.74834	-74.96142	-150.26875	110.0	110.0	316799	-177.90784	29.92387	-110.242546	-293.8326	-177.90794	29.922968	-110.13011	-292.13538	177.22182	1.9796768	2118.0479419231415
193	-116.18077	27.847902	-70.13779	-172.6877	-109.96352	27.55434	-69.97232	-145.4129	110.0	110.0	318449	-177.43063	29.943172	-109.80448	-293.12076	-177.43056	29.942814	-109.644684	-291.7102	176.6741	1.9532102	2129.770686864853
194	-124.74491	28.082075	-64.30933	-171.22374	-108.13859	33.115158	-46.429306	-145.09789	110.0	110.0	320099	-177.11598	29.945356	-109.17679	-289.2597	-177.11627	29.944387	-109.06187	-289.39218	176.40318	1.9777353	2140.0407087802887
195	-115.33236	27.018372	-58.48595	-155.98874	-116.069595	20.724325	-78.7969	-143.45856	110.0	110.0	321749	-176.78557	29.872128	-109.01075	-289.1184	-176.78589	29.871702	-108.962494	-288.02435	176.12125	1.9334366	2149.834486722946
196	-105.058525	26.93098	-50.658978	-161.63992	-109.42708	26.88288	-63.557636	-153.26006	110.0	110.0	323399	-176.41336	29.911043	-108.58335	-288.3536	-176.41316	29.910892	-108.62991	-288.10217	175.83919	1.9742626	2161.213326215744
197	-120.613976	17.723423	-97.563896	-162.3333	-125.541405	27.790281	-88.083435	-171.7255	110.0	110.0	325049	-175.98035	29.88238	-108.0503	-287.8338	-175.9804	29.882496	-107.96221	-287.9725	175.34914	1.9379603	2171.931025981903
198	-108.74023	26.600288	-63.673065	-150.60391	-115.09442	26.186106	-79.655106	-173.50333	110.0	110.0	326699	-175.70255	29.85686	-107.743484	-287.58066	-175.70251	29.856441	-107.60354	-288.47797	174.97856	1.9717202	2183.511652469635
199	-106.471634	15.432454	-84.548935	-139.04535	-94.50962	23.965998	-55.933926	-135.39633	110.0	110.0	328349	-175.50368	29.985231	-107.39075	-296.5114	-175.50389	29.9859	-107.109085	-297.7824	174.87044	1.9697589	2193.8726782798767
200	-113.436066	27.01063	-69.09074	-158.4002	-97.59422	23.163937	-64.578804	-147.53276	110.0	110.0	329999	-175.3529	30.029013	-106.65046	-291.49963	-175.35265	30.028831	-106.936714	-290.36407	174.68492	1.9358274	2205.370100259781
