Epoch	AverageEpRet	StdEpRet	MaxEpRet	MinEpRet	AverageTestEpRet	StdTestEpRet	MaxTestEpRet	MinTestEpRet	EpLen	TestEpLen	TotalEnvInteracts	AverageQVals	StdQVals	MaxQVals	MinQVals	LossPi	LossQ	Time
1	-205.67905	7.265591	-184.33308	-213.47324	-204.22298	10.724991	-178.18385	-215.00043	110.0	110.0	1649	-4.0032954	1.4105872	0.18903378	-7.444386	3.9277258	0.05206665	6.1526947021484375
2	-204.57216	5.5294676	-193.5424	-212.93417	-202.79807	13.307747	-174.00128	-214.19691	110.0	110.0	3299	-13.039289	3.8818436	-5.4928036	-21.962793	12.9419155	0.027834065	16.11693572998047
3	-205.9353	5.398962	-195.21811	-212.3906	-199.64412	8.713921	-183.28258	-211.02174	110.0	110.0	4949	-26.262655	3.940877	-16.71276	-36.17852	26.130156	0.058491815	25.013381958007812
4	-206.68034	3.8319664	-200.45694	-213.41396	-200.42508	8.40078	-178.81052	-207.53377	110.0	110.0	6599	-38.769615	3.857471	-27.981262	-50.56629	38.585964	0.10313676	34.03740382194519
5	-203.91951	5.3995247	-188.5624	-209.39273	-192.44682	16.59716	-168.32759	-209.99211	110.0	110.0	8249	-50.496277	3.8604958	-39.531273	-63.281746	50.28035	0.13417885	42.84752631187439
6	-202.99509	5.6680036	-191.06712	-212.51706	-188.00037	19.89673	-150.00781	-208.41493	110.0	110.0	9899	-61.558483	3.8688364	-50.017395	-75.65942	61.332527	0.18056352	51.17121124267578
7	-205.2923	5.6232824	-192.92065	-211.99933	-191.31654	17.036184	-147.8204	-208.49242	110.0	110.0	11549	-72.00892	3.921579	-60.212322	-85.81187	71.78336	0.20536482	60.040624380111694
8	-208.17372	3.6892006	-199.63518	-214.41505	-189.35071	21.310366	-149.63428	-209.83855	110.0	110.0	13199	-82.26502	3.9988434	-69.80396	-96.44818	82.04953	0.22215709	68.98746943473816
9	-205.11188	4.7547984	-195.8855	-212.68503	-190.2203	17.708858	-161.80621	-209.79161	110.0	110.0	14849	-92.17398	4.091168	-79.490265	-107.3964	91.954445	0.2373796	77.82754850387573
10	-202.68007	6.312371	-192.83696	-209.61555	-196.2189	7.167952	-184.351	-208.53075	110.0	110.0	16499	-101.46723	4.118543	-88.61266	-117.79283	101.240685	0.2530246	86.6920804977417
11	-206.54665	3.7544832	-199.40898	-212.8482	-193.08937	8.554194	-174.62503	-200.13124	110.0	110.0	18149	-110.34493	4.1557493	-97.60504	-128.23564	110.11673	0.27259785	95.60799074172974
12	-207.15758	4.0555854	-199.3357	-215.14793	-187.58524	22.835958	-130.18256	-210.3844	110.0	110.0	19799	-119.08735	4.151645	-106.83082	-136.51782	118.86601	0.26154682	103.93531823158264
13	-189.94775	22.341208	-136.48232	-210.33269	-182.42062	25.939913	-124.65905	-210.27353	110.0	110.0	21449	-127.37398	4.1416445	-114.734406	-143.75865	127.1608	0.2738949	113.15503573417664
14	-186.73344	20.202984	-127.54481	-205.56915	-187.29068	21.997862	-136.7561	-211.7602	110.0	110.0	23099	-135.38556	4.2262464	-122.91824	-151.71973	135.1819	0.27970314	122.41913628578186
15	-193.53198	11.200689	-169.10641	-208.18474	-179.7923	23.997293	-129.99498	-206.6396	110.0	110.0	24749	-142.99648	4.378812	-129.84068	-158.32352	142.79193	0.28716606	131.70422959327698
16	-189.23296	12.872909	-156.20024	-204.6251	-179.90633	19.505148	-153.08786	-210.48132	110.0	110.0	26399	-150.09729	4.5553803	-135.28596	-166.16783	149.88544	0.30451694	140.76066064834595
17	-189.51924	16.20384	-147.48569	-205.70238	-190.24709	14.760854	-154.38982	-206.56285	110.0	110.0	28049	-157.00195	4.769422	-140.50925	-173.86697	156.79564	0.31520766	149.6741237640381
18	-181.62895	13.684492	-155.92491	-204.22089	-183.44656	16.153847	-164.05362	-212.3181	110.0	110.0	29699	-163.52396	4.9743657	-145.42136	-180.73462	163.31549	0.3280483	158.3660328388214
19	-179.36198	19.981682	-117.68456	-197.94704	-191.36765	8.092097	-179.77634	-203.37553	110.0	110.0	31349	-169.63072	5.2068157	-149.97855	-187.70523	169.42067	0.35129532	167.1207423210144
20	-178.07652	23.014582	-132.27847	-205.33058	-193.83412	9.759355	-169.68411	-204.91154	110.0	110.0	32999	-175.31131	5.418789	-154.89603	-192.6513	175.08961	0.37188137	176.43686699867249
21	-184.63242	17.34771	-151.11237	-204.04611	-185.77412	17.63841	-160.80869	-208.01633	110.0	110.0	34649	-180.61195	5.7845774	-159.73656	-199.66454	180.37114	0.38965613	185.71122360229492
22	-176.29755	16.4235	-146.99359	-200.36522	-181.70088	14.81406	-152.86113	-200.72517	110.0	110.0	36299	-185.64182	6.0668674	-164.2135	-204.53824	185.385	0.40636858	195.00111532211304
23	-190.37096	12.602928	-164.02596	-206.52165	-177.37593	24.28624	-135.70372	-206.79558	110.0	110.0	37949	-190.20494	6.324547	-168.13632	-209.57237	189.94171	0.4349663	204.29532313346863
24	-178.72147	19.591434	-144.5192	-207.68813	-188.86115	12.517798	-164.81157	-204.24678	110.0	110.0	39599	-194.42676	6.4605637	-172.22284	-214.40392	194.15863	0.4414072	213.7069525718689
25	-179.99933	18.678003	-145.16922	-201.7248	-181.72331	22.836472	-137.11517	-206.13808	110.0	110.0	41249	-198.42119	6.6939073	-175.2714	-218.82265	198.1492	0.4675298	222.47074699401855
26	-177.05347	18.543356	-139.66585	-203.60408	-185.27069	14.799819	-151.92477	-210.81241	110.0	110.0	42899	-202.08829	6.8398976	-178.45665	-222.99356	201.80292	0.4858621	231.38796210289001
27	-182.69157	22.55083	-130.90547	-207.16248	-191.24374	12.30554	-169.32996	-205.75713	110.0	110.0	44549	-205.48337	7.003862	-180.21355	-226.50928	205.19109	0.48251787	242.04692840576172
28	-182.77702	23.662233	-121.77053	-206.8972	-193.25533	11.6692095	-166.4674	-209.82141	110.0	110.0	46199	-208.7597	7.2215595	-184.06532	-231.10966	208.48163	0.4733178	252.49577832221985
29	-186.49614	13.442223	-157.77724	-203.46634	-181.84615	18.51039	-149.69598	-204.69484	110.0	110.0	47849	-212.0807	7.45244	-186.54857	-234.91835	211.82034	0.5019746	262.01420521736145
30	-176.02866	17.982462	-146.42982	-202.1894	-189.10904	22.418198	-140.06314	-208.34378	110.0	110.0	49499	-215.26897	7.7340956	-189.0164	-239.28314	215.00838	0.48229143	271.05002522468567
31	-180.16437	22.714943	-114.06181	-209.72307	-173.03267	22.802061	-122.90059	-201.42616	110.0	110.0	51149	-218.26949	7.982182	-192.12769	-242.75061	218.01913	0.49872956	280.4406533241272
32	-175.17888	15.415065	-140.22015	-198.19005	-181.40926	23.884483	-132.68965	-203.6876	110.0	110.0	52799	-221.16856	8.144124	-194.47592	-246.21158	220.91953	0.4919357	289.62434220314026
33	-189.69951	13.904223	-165.31401	-209.79797	-191.56897	18.301397	-144.65746	-210.63542	110.0	110.0	54449	-224.07729	8.380389	-196.99141	-249.04085	223.82834	0.492602	299.02597546577454
34	-181.19638	18.257698	-147.54147	-206.11902	-185.68533	13.892645	-154.53293	-199.53658	110.0	110.0	56099	-226.93584	8.616878	-198.60919	-252.58786	226.68625	0.49506438	307.95575165748596
35	-176.38957	20.203785	-125.45556	-201.18742	-171.22763	21.420464	-128.51488	-206.52203	110.0	110.0	57749	-229.44434	8.897782	-200.5169	-255.52136	229.18936	0.4823113	317.1822340488434
36	-186.2596	14.409145	-145.48965	-204.43822	-167.56337	36.081596	-105.37901	-201.90009	110.0	110.0	59399	-231.83719	9.150846	-201.68365	-259.11667	231.58136	0.5048533	326.6851875782013
37	-183.61922	15.296253	-157.37907	-212.11992	-166.44351	31.6243	-84.40382	-203.1835	110.0	110.0	61049	-234.19493	9.423622	-203.65596	-262.19385	233.94614	0.50304264	336.1593198776245
38	-174.78076	20.658318	-127.31675	-199.0492	-178.99771	17.483524	-142.03706	-202.07468	110.0	110.0	62699	-236.37978	9.661551	-205.01833	-265.00684	236.12459	0.51498777	345.7038064002991
39	-172.23018	28.694069	-102.6218	-212.00508	-170.01541	26.93475	-113.02345	-205.84201	110.0	110.0	64349	-238.35336	9.90187	-206.6973	-267.87408	238.0875	0.5082448	354.79812359809875
40	-172.54973	20.32176	-132.86903	-207.39177	-185.3176	18.471764	-149.05547	-203.30162	110.0	110.0	65999	-240.17966	10.123095	-208.2754	-270.8478	239.91711	0.504864	364.1548092365265
41	-173.77974	17.731455	-147.61067	-206.85956	-175.64314	18.570839	-153.20302	-205.61224	110.0	110.0	67649	-241.90797	10.365978	-209.89053	-272.71356	241.64885	0.5162271	373.86326479911804
42	-177.49673	25.445143	-127.64775	-207.50154	-191.08188	7.819676	-181.48785	-205.32346	110.0	110.0	69299	-243.61156	10.515591	-210.77039	-275.5246	243.34407	0.5353143	383.82677841186523
43	-181.90782	24.048851	-125.845245	-203.787	-182.4523	14.881646	-155.95363	-211.78003	110.0	110.0	70949	-245.05632	10.709906	-211.95703	-278.0909	244.78062	0.5535572	393.3925528526306
44	-164.26225	28.840109	-112.182846	-207.12915	-172.04607	21.610004	-131.23119	-198.45062	110.0	110.0	72599	-246.33394	10.869325	-212.4922	-280.7171	246.0467	0.5643819	403.10218954086304
45	-174.16878	22.551476	-131.78603	-200.83875	-188.6813	10.142696	-166.70645	-202.11232	110.0	110.0	74249	-247.34077	11.202941	-213.09956	-282.24817	247.03949	0.59481597	412.8889219760895
46	-175.83011	21.889011	-114.289314	-201.75035	-186.10503	16.399342	-161.80504	-213.587	110.0	110.0	75899	-248.36722	11.44028	-213.30183	-282.9488	248.06367	0.61274	422.83212447166443
47	-170.13042	25.213419	-127.237045	-202.83777	-183.32117	21.784739	-133.6323	-203.58344	110.0	110.0	77549	-249.26509	11.66898	-214.01674	-284.24692	248.98189	0.62677974	432.21849513053894
48	-169.81277	20.014765	-135.90697	-201.1162	-177.48596	18.706944	-139.58412	-203.91962	110.0	110.0	79199	-250.35095	11.922935	-215.16861	-287.85294	250.09114	0.6118306	441.610830783844
49	-172.66403	24.3549	-123.005585	-205.3695	-184.58778	22.479746	-131.2099	-207.58226	110.0	110.0	80849	-251.32837	12.150188	-215.59924	-290.42755	251.0611	0.61974335	451.0401203632355
50	-179.09035	14.645191	-149.23788	-197.81052	-174.55391	13.97947	-151.23198	-197.17682	110.0	110.0	82499	-252.23306	12.41477	-216.55511	-290.8578	251.96417	0.5955775	460.9956521987915
51	-181.54208	14.55864	-155.54282	-207.73518	-177.43295	21.748062	-137.75688	-202.41917	110.0	110.0	84149	-253.20529	12.6663885	-216.21313	-295.8675	252.94157	0.6189796	470.378427028656
52	-178.46292	20.195253	-120.15966	-205.45352	-178.55263	16.280691	-137.42807	-196.28879	110.0	110.0	85799	-254.24368	12.859601	-217.07916	-297.86746	253.98973	0.6058902	479.90475606918335
53	-179.61201	23.062225	-137.99298	-207.28543	-172.95706	27.004475	-118.1776	-204.09369	110.0	110.0	87449	-255.2772	13.175554	-217.37228	-297.81284	255.02248	0.5893292	489.30122208595276
54	-170.68088	23.330921	-112.45012	-202.80408	-167.51752	21.12046	-139.44617	-205.97704	110.0	110.0	89099	-256.14417	13.502044	-218.35298	-299.34195	255.89162	0.6016168	498.9525797367096
55	-160.07362	20.034811	-127.8538	-199.44412	-180.49771	19.176165	-143.60359	-205.09077	110.0	110.0	90749	-256.9107	13.802959	-218.42378	-301.10202	256.6461	0.6096898	508.5122742652893
56	-174.249	18.577085	-127.52146	-203.96939	-176.41028	19.670341	-129.4316	-201.61247	110.0	110.0	92399	-257.416	14.141766	-218.28546	-303.3523	257.1344	0.5838395	517.9225208759308
57	-159.723	23.66526	-111.85602	-205.19423	-155.04784	31.660992	-93.67994	-200.96413	110.0	110.0	94049	-257.89896	14.409848	-218.38567	-305.0848	257.61014	0.6138928	527.8486540317535
58	-153.99895	27.229137	-108.18229	-196.64001	-175.90161	29.665228	-113.93724	-208.74553	110.0	110.0	95699	-258.17984	14.8087435	-218.48334	-307.50922	257.8715	0.5894938	537.8423004150391
59	-167.07684	22.44593	-127.06681	-206.50023	-161.37833	27.50854	-95.44973	-194.28665	110.0	110.0	97349	-258.34732	15.071256	-218.7797	-310.0418	258.04477	0.6227472	547.2555034160614
60	-170.78516	17.508257	-134.01224	-192.9693	-173.1439	25.526745	-116.89803	-203.39851	110.0	110.0	98999	-258.54672	15.413674	-218.42621	-311.0646	258.2359	0.6199387	556.9593639373779
61	-156.93008	19.7252	-122.85827	-193.63734	-162.66754	34.572285	-82.3564	-203.04675	110.0	110.0	100649	-258.6805	15.684423	-217.79422	-312.09122	258.37723	0.61357754	566.7361369132996
62	-173.89069	22.461872	-128.3513	-207.78673	-156.95853	18.456062	-122.22967	-177.68192	110.0	110.0	102299	-258.8654	16.026411	-218.23856	-312.33566	258.55582	0.6089113	576.6819748878479
63	-165.36478	25.832033	-122.49682	-207.01956	-157.57341	29.133116	-102.54629	-192.55907	110.0	110.0	103949	-258.99612	16.376705	-218.05423	-313.27728	258.68295	0.61062336	586.6200988292694
64	-161.72525	26.474613	-103.65307	-207.45502	-147.88579	20.579967	-121.07873	-183.66075	110.0	110.0	105599	-258.88998	16.778301	-217.05823	-314.59805	258.5773	0.6233023	596.6037602424622
65	-170.8355	22.704372	-126.89766	-213.48009	-173.5508	20.803999	-135.49365	-202.57764	110.0	110.0	107249	-258.94296	17.12828	-215.9227	-316.77728	258.63162	0.6334228	605.9620623588562
66	-163.68332	22.594563	-110.29447	-198.1922	-156.71854	44.837955	-50.29584	-201.023	110.0	110.0	108899	-258.98843	17.680424	-215.73477	-318.32318	258.67477	0.63929105	615.3775911331177
67	-168.47523	19.763332	-125.51451	-202.0713	-154.56474	29.92669	-101.10044	-195.44925	110.0	110.0	110549	-258.81592	17.922983	-215.37566	-320.1108	258.49814	0.6240971	627.0596470832825
68	-161.57904	17.850803	-124.544174	-189.3637	-145.6029	39.744904	-75.32809	-210.92433	110.0	110.0	112199	-258.83334	18.148584	-214.95206	-320.51282	258.52188	0.6424466	639.162722826004
69	-160.02353	21.778511	-121.329346	-207.84192	-174.4724	23.821247	-114.58201	-199.97789	110.0	110.0	113849	-258.67447	18.34861	-214.29779	-321.7861	258.3624	0.6426084	649.7203438282013
70	-171.12396	21.013634	-134.37073	-204.34515	-156.53508	26.366785	-95.7694	-191.91908	110.0	110.0	115499	-258.60544	18.67118	-214.25508	-322.69534	258.29858	0.6457765	659.7081251144409
71	-162.40141	29.867676	-107.45721	-211.97202	-149.97847	28.931694	-96.91274	-200.56184	110.0	110.0	117149	-258.5817	19.00667	-213.94598	-323.22424	258.26477	0.665877	669.1023066043854
72	-163.35661	25.067677	-111.22628	-196.12453	-161.47589	23.88908	-113.13676	-186.28166	110.0	110.0	118799	-258.3704	19.247272	-213.04747	-323.50073	258.0421	0.68169296	679.1688902378082
73	-159.64247	29.16487	-84.1112	-204.9325	-163.45554	26.052877	-116.3989	-200.38266	110.0	110.0	120449	-257.94864	19.501757	-212.90697	-324.80585	257.6137	0.68516624	688.679532289505
74	-154.29759	21.660894	-109.82667	-196.34926	-167.08534	26.95221	-117.80764	-206.54204	110.0	110.0	122099	-257.70724	19.808908	-212.42023	-326.28766	257.3797	0.7110489	698.6758875846863
75	-163.15646	27.923601	-112.56295	-205.24997	-164.51265	34.951847	-87.463715	-207.30267	110.0	110.0	123749	-257.32492	20.004885	-212.9899	-326.04135	256.99374	0.6689213	708.6290690898895
76	-166.04239	31.67511	-93.025475	-204.47241	-159.10915	36.27426	-69.052216	-195.66473	110.0	110.0	125399	-256.95377	20.165997	-212.97836	-326.28558	256.6167	0.6832641	718.1680431365967
77	-152.03801	34.24793	-72.46295	-187.55824	-163.22	24.42785	-115.92413	-197.72565	110.0	110.0	127049	-256.43283	20.285603	-212.71518	-327.68265	256.09967	0.6811374	727.5943150520325
78	-165.20882	28.59149	-104.66224	-203.72752	-169.63507	24.584398	-117.45371	-203.16904	110.0	110.0	128699	-256.17233	20.560827	-212.5418	-328.29095	255.83066	0.67488563	736.9827656745911
79	-166.34174	16.876942	-130.05302	-189.44363	-147.15913	49.505238	-59.497944	-205.02061	110.0	110.0	130349	-255.77159	20.808342	-212.51547	-328.4001	255.4235	0.66730267	747.1110455989838
80	-164.94833	20.508595	-120.44316	-196.52414	-156.63052	28.77121	-99.70048	-180.83014	110.0	110.0	131999	-255.23701	21.063839	-211.57787	-329.78073	254.89523	0.7010646	757.0610415935516
81	-154.81326	29.559175	-74.26055	-203.63736	-168.61934	32.185482	-87.327065	-205.078	110.0	110.0	133649	-254.69255	21.237068	-211.14697	-330.54962	254.3459	0.6945083	766.989030122757
82	-170.04428	26.385462	-109.24195	-206.21175	-171.53947	19.447826	-137.4578	-197.59837	110.0	110.0	135299	-254.08533	21.480568	-211.20859	-330.18668	253.73125	0.68108	776.7513682842255
83	-150.56224	21.968815	-107.41146	-185.07462	-152.23592	30.408522	-105.35451	-201.49483	110.0	110.0	136949	-253.6115	21.671062	-211.1639	-330.78302	253.24754	0.68982273	786.7152197360992
84	-173.25931	20.230341	-122.17706	-201.96848	-161.4625	25.266764	-105.69664	-191.59172	110.0	110.0	138599	-252.91237	21.750727	-210.69324	-332.41943	252.5545	0.7171935	796.6753852367401
85	-159.26842	23.662693	-113.62509	-195.58926	-154.68074	29.513958	-92.9001	-185.65332	110.0	110.0	140249	-252.195	21.98584	-210.46315	-332.2389	251.83337	0.67677957	806.7497453689575
86	-156.02101	32.322327	-101.54455	-205.10025	-168.63673	23.78091	-118.404594	-201.93808	110.0	110.0	141899	-251.6946	22.119751	-210.24835	-331.42126	251.31511	0.7223628	816.7818644046783
87	-165.03452	26.328619	-111.61161	-197.93582	-151.95023	40.03574	-51.54667	-198.18507	110.0	110.0	143549	-251.11954	22.326563	-208.55864	-332.1258	250.73886	0.7170058	826.1697859764099
88	-157.8378	25.459026	-94.15621	-191.57973	-171.21948	33.081367	-98.998344	-200.9484	110.0	110.0	145199	-250.47102	22.45286	-207.28532	-332.8285	250.1016	0.69236207	836.148444890976
89	-143.25104	25.245604	-94.28354	-185.03935	-158.3474	30.47982	-84.281265	-202.47801	110.0	110.0	146849	-249.77399	22.485123	-205.77612	-332.3717	249.4111	0.7172854	846.0885767936707
90	-159.48227	24.156681	-121.175995	-189.8169	-162.61258	24.995758	-131.4846	-205.57175	110.0	110.0	148499	-249.36905	22.680035	-204.47377	-333.45782	249.01405	0.72824323	856.1162300109863
91	-171.798	23.53771	-105.86994	-199.10706	-169.75961	20.54275	-128.31819	-202.91826	110.0	110.0	150149	-248.7937	22.710922	-203.47375	-333.26852	248.43837	0.71000695	867.4166395664215
92	-156.77261	25.844875	-100.782616	-201.10649	-169.03033	21.715298	-137.20534	-208.04504	110.0	110.0	151799	-248.14499	22.689474	-202.44527	-332.7222	247.80408	0.7113215	878.5883324146271
93	-161.9439	24.70011	-119.33473	-208.58821	-148.84258	38.96115	-72.52436	-198.53542	110.0	110.0	153449	-247.817	22.828955	-200.99873	-333.1778	247.47238	0.7111612	888.5749139785767
94	-153.91252	30.07986	-95.111145	-196.89476	-160.8273	28.057283	-111.75815	-209.5948	110.0	110.0	155099	-247.38887	22.84859	-200.48691	-333.88568	247.043	0.6845028	898.5266551971436
95	-161.9883	26.312632	-122.735565	-201.97543	-144.49869	37.047024	-106.50461	-206.0071	110.0	110.0	156749	-246.88342	22.873928	-199.42781	-332.05142	246.52557	0.6884478	907.91033244133
96	-153.46341	30.291782	-80.46948	-207.72548	-159.3445	41.0205	-52.558796	-199.1583	110.0	110.0	158399	-246.41481	23.058975	-198.01677	-332.01123	246.06343	0.66886747	917.7837173938751
97	-156.37221	23.724352	-108.260315	-191.21901	-153.5839	21.8558	-97.24854	-178.48123	110.0	110.0	160049	-246.13731	23.425478	-196.75882	-331.62585	245.79727	0.68109936	927.2414741516113
98	-157.48996	26.958252	-105.5895	-207.51309	-178.88431	19.45358	-128.94547	-197.32217	110.0	110.0	161699	-245.64053	23.669079	-195.4698	-330.82196	245.3052	0.65256584	937.2834198474884
99	-159.90224	24.79326	-115.335	-201.60141	-146.06068	26.225172	-103.9869	-197.62668	110.0	110.0	163349	-245.30623	23.870653	-193.458	-332.77042	244.95917	0.6545359	946.7270188331604
100	-153.94322	26.735716	-109.12148	-194.91237	-155.51071	31.06788	-93.14173	-199.04149	110.0	110.0	164999	-244.85165	24.275347	-192.62589	-331.40652	244.50166	0.6752627	956.6958267688751
101	-134.14445	26.752289	-95.33752	-189.07632	-151.80188	19.719378	-123.63293	-181.26788	110.0	110.0	166649	-244.32361	24.384201	-191.26534	-331.53897	243.98099	0.6641156	966.1614582538605
102	-163.40012	26.265457	-98.002205	-205.54092	-142.19357	33.06282	-86.28129	-187.95485	110.0	110.0	168299	-243.98035	24.651678	-189.65639	-331.76868	243.63719	0.6447655	976.2044954299927
103	-153.45209	25.460165	-105.80776	-189.81822	-128.6933	28.256323	-61.56536	-170.47496	110.0	110.0	169949	-243.6606	24.841497	-189.31215	-330.95398	243.31209	0.6806429	986.406879901886
104	-158.95894	29.054995	-110.48148	-201.63414	-159.7667	30.919987	-97.650604	-207.47104	110.0	110.0	171599	-243.19377	25.01006	-188.03644	-331.06	242.84225	0.6665199	996.4297609329224
105	-146.83841	25.171324	-100.36744	-185.30626	-161.81918	21.71489	-135.25255	-198.80414	110.0	110.0	173249	-242.85513	25.177402	-187.17064	-331.22104	242.51015	0.6937566	1006.4625687599182
106	-151.64153	32.14706	-83.39602	-202.56573	-153.77754	20.555378	-114.26538	-175.01683	110.0	110.0	174899	-242.4113	25.492636	-185.56241	-331.38275	242.06743	0.68556964	1015.8640525341034
107	-143.53897	30.81732	-69.19091	-197.6749	-149.78484	25.132177	-93.13959	-187.87825	110.0	110.0	176549	-242.22417	25.793331	-184.09735	-330.65347	241.88655	0.66944736	1025.529272556305
108	-144.68593	29.335613	-86.74356	-184.1626	-146.83484	24.359648	-113.443375	-180.27104	110.0	110.0	178199	-241.81482	25.989431	-182.36606	-331.39645	241.46806	0.6989246	1035.463570356369
109	-158.11136	22.72979	-120.65147	-200.3498	-147.18558	25.582344	-100.11796	-183.80785	110.0	110.0	179849	-241.30305	26.30815	-181.07405	-331.9452	240.94774	0.6744719	1045.5017774105072
110	-147.16129	30.160461	-100.28058	-201.28864	-150.40392	22.770678	-107.51894	-187.02193	110.0	110.0	181499	-240.74664	26.599241	-179.8783	-333.20157	240.39005	0.71929806	1054.9682705402374
111	-134.13109	22.813988	-97.28871	-172.5476	-151.25494	31.934175	-100.52015	-202.8639	110.0	110.0	183149	-240.31964	26.898052	-178.29483	-333.19348	239.96898	0.7167285	1064.3885412216187
112	-141.70332	25.629623	-94.447556	-181.71042	-143.78064	35.545036	-81.43439	-190.6429	110.0	110.0	184799	-239.77101	27.02338	-178.63579	-334.20105	239.41394	0.7208283	1074.3630743026733
113	-151.10474	20.697922	-122.64164	-201.96004	-151.77612	27.80446	-107.53348	-192.54276	110.0	110.0	186449	-239.38538	27.363243	-178.20494	-332.59238	239.03062	0.7609993	1084.2780313491821
114	-146.44948	17.084705	-100.96853	-176.51424	-148.61197	24.21396	-83.69707	-166.39532	110.0	110.0	188099	-238.7914	27.514902	-178.1005	-332.49213	238.44333	0.7727403	1094.2055456638336
115	-147.6477	36.576168	-90.81845	-209.80644	-155.27457	14.52831	-129.00467	-176.42532	110.0	110.0	189749	-238.36874	27.686811	-177.25996	-332.35724	238.01709	0.7555422	1103.890857219696
116	-152.22208	27.89801	-99.50976	-197.2181	-153.56564	36.12183	-103.04201	-197.1992	110.0	110.0	191399	-237.80327	27.869587	-176.3304	-332.43658	237.45142	0.76876915	1113.2937479019165
117	-146.49176	29.142282	-86.61313	-179.06552	-153.49026	26.150703	-109.69426	-204.1652	110.0	110.0	193049	-237.44676	28.091743	-175.04965	-332.83203	237.08598	0.7687848	1123.2962262630463
118	-155.77501	26.773443	-98.99446	-193.14746	-166.05862	23.550694	-108.37566	-194.41826	110.0	110.0	194699	-236.80096	28.268385	-173.57312	-331.65326	236.43135	0.7895934	1133.1074271202087
119	-158.80046	24.66868	-102.38837	-198.27661	-133.76404	34.809845	-63.917595	-168.20895	110.0	110.0	196349	-236.3959	28.442892	-172.41042	-332.98047	236.0374	0.7673203	1143.107254743576
120	-150.6408	30.071564	-106.15062	-191.06024	-151.05447	22.780224	-118.64389	-179.37302	110.0	110.0	197999	-235.8058	28.583826	-171.26321	-332.3027	235.4451	0.79598767	1153.0465216636658
121	-171.83786	20.716146	-124.74632	-200.47589	-157.34651	23.887203	-107.65749	-190.84422	110.0	110.0	199649	-235.45105	28.691078	-170.56923	-331.7409	235.09134	0.7651695	1163.0476536750793
122	-144.33133	33.496544	-87.67007	-196.18497	-145.92548	32.38936	-86.362434	-188.0369	110.0	110.0	201299	-234.8726	28.66466	-170.05292	-330.93326	234.50362	0.7700472	1172.6428821086884
123	-164.56464	20.074461	-132.14786	-194.04077	-154.79501	30.725378	-98.55852	-195.56575	110.0	110.0	202949	-234.38095	28.682938	-169.20438	-328.3065	234.02306	0.7512333	1182.0795426368713
124	-159.09863	26.852472	-99.54602	-199.20695	-169.48653	25.584675	-121.76182	-206.40442	110.0	110.0	204599	-234.16957	28.74209	-168.37181	-328.75784	233.81712	0.7559151	1191.4416868686676
125	-151.76689	33.5716	-92.960365	-204.50113	-148.76465	32.8125	-78.33011	-204.14404	110.0	110.0	206249	-233.53009	28.642687	-168.02911	-329.10925	233.18878	0.71611077	1201.4913272857666
126	-161.69809	23.281452	-103.38999	-191.75508	-147.7378	21.320677	-102.16141	-184.36717	110.0	110.0	207899	-233.32657	28.549034	-168.44212	-327.79047	232.9898	0.7010431	1211.4782836437225
127	-158.38701	25.827755	-122.03888	-200.00092	-169.06726	25.34001	-119.241035	-201.74872	110.0	110.0	209549	-233.29417	28.41538	-167.2194	-327.44058	232.95534	0.72779554	1221.602935552597
128	-158.39095	26.47619	-105.47872	-201.58261	-160.92232	23.599237	-119.90697	-201.79893	110.0	110.0	211199	-233.00107	28.29663	-167.73453	-327.15106	232.66742	0.69767416	1231.556807756424
129	-166.82983	19.821823	-131.68585	-197.39885	-152.56653	28.712708	-96.28863	-184.09828	110.0	110.0	212849	-232.81084	28.102585	-167.51909	-325.9278	232.46927	0.71703285	1241.5221319198608
130	-155.29544	27.367102	-77.420135	-193.95099	-148.09094	20.01741	-117.54635	-179.48694	110.0	110.0	214499	-232.55159	27.879446	-167.18234	-325.42392	232.20467	0.71521235	1251.484179019928
131	-149.62335	30.07269	-86.7718	-193.75241	-156.79285	24.200918	-103.596	-191.26567	110.0	110.0	216149	-232.47568	27.874441	-167.13364	-323.24338	232.12462	0.70682055	1261.486496925354
132	-151.2925	33.663597	-75.855225	-196.68123	-152.55156	35.690308	-78.42195	-204.37872	110.0	110.0	217799	-231.839	27.556576	-167.64766	-321.4414	231.4767	0.71260387	1271.450259923935
133	-147.58418	29.97053	-92.82221	-196.36444	-166.39871	22.79938	-126.25644	-211.81512	110.0	110.0	219449	-231.34576	27.458416	-168.09758	-321.0761	230.99304	0.7143878	1281.6155714988708
134	-154.77016	29.795052	-103.14704	-201.93428	-169.28452	19.617083	-135.2082	-193.31714	110.0	110.0	221099	-231.17723	27.305632	-168.7195	-320.03415	230.82986	0.7121796	1291.689787864685
135	-149.82652	29.611004	-91.892006	-189.01717	-153.98648	26.077284	-115.49865	-188.01027	110.0	110.0	222749	-230.77571	27.102173	-169.49992	-320.64764	230.45242	0.683261	1301.696325302124
136	-145.6154	26.144371	-104.11114	-192.42264	-137.41458	18.439579	-112.83594	-171.28647	110.0	110.0	224399	-230.79683	27.095724	-169.61081	-320.01755	230.49178	0.68763644	1311.725695848465
137	-150.36978	36.054306	-66.06054	-193.89192	-148.18436	39.09108	-71.31922	-192.57129	110.0	110.0	226049	-230.90694	27.11007	-170.1229	-319.93744	230.59576	0.689473	1321.7735269069672
138	-151.71043	36.7739	-77.14359	-191.83249	-127.44533	41.504013	-47.658382	-178.18938	110.0	110.0	227699	-230.83514	27.051897	-169.84421	-319.36557	230.50645	0.6772099	1331.75457239151
139	-140.38536	27.812283	-87.19422	-186.42638	-151.89198	26.949612	-102.20563	-189.314	110.0	110.0	229349	-230.51714	27.168226	-169.76418	-317.65698	230.19446	0.71090806	1342.6801481246948
140	-152.187	30.565657	-76.11152	-195.93005	-143.63583	21.366365	-114.262	-188.5013	110.0	110.0	230999	-230.5525	27.040676	-169.79176	-316.77554	230.24011	0.67181635	1354.488585472107
141	-158.91579	25.576065	-90.61081	-195.667	-158.54369	25.812122	-98.80467	-183.78682	110.0	110.0	232649	-230.507	26.93177	-169.56667	-316.21173	230.19583	0.6931143	1365.6685597896576
142	-145.4825	22.74835	-109.98207	-187.14977	-145.49673	32.20854	-84.18822	-194.17314	110.0	110.0	234299	-230.43782	27.018976	-169.74231	-315.5907	230.12398	0.7104076	1375.2239229679108
143	-151.10284	21.054493	-116.466934	-197.14926	-145.72095	25.34823	-109.61607	-179.82697	110.0	110.0	235949	-230.29782	26.991379	-169.74287	-314.7164	229.97101	0.7255882	1385.2248373031616
144	-152.53514	33.385727	-86.36354	-202.14432	-142.29506	20.88268	-116.706116	-179.23251	110.0	110.0	237599	-230.09865	26.994019	-169.52527	-315.35306	229.76866	0.68705624	1394.9737515449524
145	-144.6127	35.127663	-74.081375	-198.90044	-141.68	34.794266	-79.72754	-200.35287	110.0	110.0	239249	-229.77768	26.975744	-168.9333	-316.33215	229.43599	0.72389525	1405.0118420124054
146	-138.76106	27.460894	-99.1274	-206.70996	-155.3239	31.279392	-111.35314	-206.15875	110.0	110.0	240899	-229.50655	26.852089	-168.37479	-315.02832	229.1743	0.6953118	1414.4314966201782
147	-161.45702	27.333616	-116.23999	-209.58012	-140.16722	25.253332	-108.4774	-189.01842	110.0	110.0	242549	-229.17586	26.7756	-168.5424	-315.2078	228.84633	0.7259715	1424.153881072998
148	-136.46611	29.345873	-80.213394	-196.88881	-126.37858	28.628958	-82.18483	-163.67216	110.0	110.0	244199	-228.9041	26.802422	-167.93304	-314.54196	228.55801	0.69029444	1434.1877958774567
149	-141.21785	15.840681	-101.53401	-176.97276	-120.65991	38.86014	-59.276905	-172.97926	110.0	110.0	245849	-228.61394	26.803734	-167.67561	-314.41974	228.27023	0.69401646	1443.8203415870667
150	-148.23103	25.646822	-88.098854	-190.8303	-151.37497	33.010708	-85.700516	-200.48958	110.0	110.0	247499	-228.33833	26.77771	-167.31915	-315.5082	227.99937	0.70108104	1453.3924503326416
151	-124.34818	30.810503	-65.13705	-174.7663	-143.5796	30.837109	-72.69216	-180.38765	110.0	110.0	249149	-228.04059	26.682524	-166.84758	-315.39352	227.70432	0.6815567	1464.4223144054413
152	-138.83548	24.727047	-87.03108	-183.8272	-135.36435	35.650913	-71.813324	-188.57108	110.0	110.0	250799	-227.50987	26.781649	-166.71011	-314.61218	227.17706	0.7062658	1476.5667612552643
153	-145.71979	25.937399	-98.85843	-186.03522	-153.91405	30.123535	-103.839035	-199.26605	110.0	110.0	252449	-227.23524	26.729956	-166.93703	-314.95364	226.89198	0.69659	1486.051245212555
154	-128.2031	17.967215	-97.25711	-158.07664	-136.9918	18.995798	-106.821304	-162.38953	110.0	110.0	254099	-226.81052	26.655888	-166.85518	-314.22687	226.46632	0.7287484	1495.5293827056885
155	-149.77425	27.90711	-109.98761	-207.9432	-143.00764	27.98087	-100.61319	-185.31583	110.0	110.0	255749	-226.32224	26.538164	-165.93346	-314.48877	225.97002	0.7048106	1505.569742679596
156	-140.02525	22.373632	-88.60285	-174.14615	-126.370255	33.56577	-74.68848	-193.15955	110.0	110.0	257399	-225.83899	26.352285	-166.36165	-313.2837	225.49042	0.7013556	1515.079716682434
157	-142.29031	28.342037	-92.87981	-177.93698	-132.03952	24.042204	-81.96641	-162.0655	110.0	110.0	259049	-225.32936	26.37355	-164.63089	-312.70035	224.9734	0.70094925	1525.1320765018463
158	-142.5681	26.705376	-100.826515	-201.73746	-131.55885	28.912956	-70.43992	-185.38232	110.0	110.0	260699	-225.04138	26.292658	-162.95135	-311.09396	224.6923	0.6999609	1535.2418718338013
159	-148.26552	23.15307	-95.63711	-186.0785	-141.02321	26.60606	-94.80433	-187.13705	110.0	110.0	262349	-224.6115	26.291513	-162.80292	-311.57025	224.25659	0.70418006	1544.7344808578491
160	-135.91277	33.126938	-82.11415	-187.7651	-116.8384	36.0506	-72.508095	-193.8917	110.0	110.0	263999	-224.18121	26.150356	-163.09059	-312.02692	223.81903	0.7096598	1554.7572815418243
161	-127.146385	28.484144	-70.56956	-175.25134	-156.29488	18.72851	-123.43845	-179.63449	110.0	110.0	265649	-223.69461	26.080656	-162.07138	-312.3817	223.32538	0.7050821	1564.5848550796509
162	-133.56804	30.01677	-71.84147	-187.36266	-146.35007	30.6372	-82.985695	-190.27853	110.0	110.0	267299	-223.06221	25.917727	-161.70207	-309.99734	222.68585	0.71082014	1574.632489681244
163	-140.50371	20.82851	-102.53044	-184.63855	-142.03354	25.31571	-94.734604	-180.824	110.0	110.0	268949	-222.36841	25.698181	-161.11852	-307.98886	221.99516	0.72305936	1584.8530666828156
164	-140.91844	29.787666	-77.60845	-186.54582	-143.75989	23.64518	-94.8924	-173.88835	110.0	110.0	270599	-221.85065	25.57194	-161.96133	-304.9803	221.47708	0.718448	1594.8433992862701
165	-132.71556	26.572111	-89.395226	-175.93977	-121.77217	24.988993	-83.62224	-155.21535	110.0	110.0	272249	-221.3351	25.462006	-161.87044	-304.21786	220.96297	0.71683973	1604.91499376297
166	-139.84703	23.523468	-85.786156	-179.53183	-155.03874	23.95981	-99.21858	-176.96658	110.0	110.0	273899	-220.93741	25.28233	-162.7418	-305.55707	220.56163	0.7320395	1614.9849021434784
167	-134.34454	22.29293	-86.230774	-181.07294	-131.0986	37.474236	-74.92302	-186.49625	110.0	110.0	275549	-220.31358	25.134016	-163.75081	-301.8293	219.93834	0.6936468	1624.5347261428833
168	-128.26028	27.119722	-78.647156	-188.51982	-113.18439	22.183619	-73.28996	-149.37207	110.0	110.0	277199	-219.86342	24.895243	-164.26363	-300.87506	219.49535	0.7094	1634.0043663978577
169	-136.56822	31.01163	-84.92536	-186.44775	-137.9362	18.871288	-114.95535	-168.90422	110.0	110.0	278849	-219.4316	24.731415	-164.55853	-299.6219	219.06267	0.6922233	1643.6585352420807
170	-132.7059	19.28319	-97.948265	-176.15	-153.94043	17.489351	-122.92294	-174.50003	110.0	110.0	280499	-218.81743	24.545202	-164.17776	-298.7029	218.43663	0.7029316	1653.3942036628723
171	-145.24835	20.697819	-110.92184	-197.6155	-125.38513	26.887493	-80.21642	-174.0246	110.0	110.0	282149	-218.24608	24.413582	-163.87354	-297.14453	217.87	0.71996087	1662.9375734329224
172	-137.27881	22.139097	-112.84897	-196.6199	-141.68172	31.306406	-86.96113	-189.71028	110.0	110.0	283799	-217.79951	24.255178	-163.44301	-296.08707	217.43152	0.71728814	1672.471387386322
173	-128.21953	28.782473	-62.902008	-175.6799	-144.96706	44.466114	-40.832775	-191.7383	110.0	110.0	285449	-217.41699	24.130028	-163.0436	-295.2343	217.05183	0.7052214	1682.5141162872314
174	-136.10677	20.110214	-94.38479	-176.54195	-144.74492	24.318792	-112.1483	-185.23819	110.0	110.0	287099	-217.08939	24.049292	-163.23259	-295.33862	216.71414	0.7214231	1692.6092488765717
175	-134.14221	22.14642	-86.31221	-166.59	-131.7867	16.013428	-106.698425	-156.35619	110.0	110.0	288749	-216.46216	24.033014	-162.34515	-294.0731	216.07849	0.71865666	1702.6504225730896
176	-135.2062	23.385475	-102.03898	-169.67563	-129.23886	27.155474	-81.2396	-162.39127	110.0	110.0	290399	-215.81447	23.876156	-161.87894	-295.34015	215.42245	0.7220096	1712.505508184433
177	-140.16423	20.29456	-96.595856	-182.04585	-144.56161	16.02207	-124.35513	-163.30951	110.0	110.0	292049	-214.99506	23.644352	-161.71252	-295.60248	214.5888	0.716891	1722.362936258316
178	-132.95186	20.285149	-102.47084	-169.0781	-126.108475	32.752205	-77.05418	-181.98721	110.0	110.0	293699	-214.27449	23.455294	-161.42516	-295.2679	213.8641	0.73427206	1731.8728144168854
179	-125.05627	18.813738	-90.413795	-160.62286	-136.43686	30.318542	-80.98188	-184.67844	110.0	110.0	295349	-213.57678	23.26674	-160.67783	-295.3196	213.17033	0.7207248	1741.921536207199
180	-126.848175	19.802862	-89.59468	-155.49197	-126.32118	26.568209	-74.871124	-159.96204	110.0	110.0	296999	-212.82808	22.995174	-159.62599	-294.28232	212.43307	0.6948168	1751.9811327457428
181	-122.10616	28.07317	-79.3716	-160.60979	-144.39482	30.933825	-94.891495	-182.39459	110.0	110.0	298649	-212.39038	22.867577	-159.29576	-292.41895	212.0088	0.68290555	1762.1061234474182
182	-130.49875	18.160025	-98.54623	-166.96837	-136.27724	30.730343	-90.82909	-182.16171	110.0	110.0	300299	-211.94087	22.730642	-158.40387	-291.50598	211.56004	0.70322335	1771.9569244384766
183	-128.99773	27.48934	-76.95746	-187.1108	-130.86891	18.927282	-98.24573	-165.65617	110.0	110.0	301949	-211.36417	22.59889	-157.65733	-290.96118	210.97511	0.69034046	1782.000815629959
184	-134.60724	20.786364	-99.99359	-173.54776	-129.8597	30.03483	-89.0054	-176.45218	110.0	110.0	303599	-210.86668	22.530643	-157.23337	-290.801	210.4721	0.6905644	1792.0299906730652
185	-125.216255	29.199041	-73.47843	-175.5774	-109.37633	19.279795	-83.98998	-147.84407	110.0	110.0	305249	-210.41821	22.520044	-157.21637	-289.41605	210.03143	0.6699124	1802.015341758728
186	-128.32748	25.849152	-73.07107	-166.34964	-131.58658	30.771776	-76.67356	-175.25034	110.0	110.0	306899	-209.90211	22.335648	-156.64542	-285.58154	209.51329	0.6782231	1812.109711408615
187	-126.450165	29.654383	-67.1265	-190.73158	-146.77026	31.23591	-98.68601	-195.42657	110.0	110.0	308549	-209.3873	22.273045	-155.78656	-285.68832	208.9935	0.7246012	1821.93297290802
188	-139.46825	21.134525	-108.75527	-187.57787	-148.5477	13.75165	-120.23969	-173.37555	110.0	110.0	310199	-208.93094	22.14186	-154.65764	-287.48615	208.54333	0.6972113	1831.4750518798828
189	-120.090324	27.900059	-80.145775	-180.53215	-127.49011	26.460852	-94.21463	-189.9634	110.0	110.0	311849	-208.47192	22.020288	-154.07529	-283.41113	208.10147	0.71319985	1840.9351425170898
190	-128.45824	30.62207	-79.90006	-186.23781	-124.65883	33.124805	-75.69774	-177.56413	110.0	110.0	313499	-208.23593	21.941904	-153.78073	-283.00415	207.87036	0.68327814	1851.033597946167
191	-138.9003	31.27846	-77.43849	-197.47287	-124.18601	23.93103	-92.520454	-159.16011	110.0	110.0	315149	-207.93954	21.866186	-152.61072	-284.3107	207.58322	0.69878393	1860.504932641983
192	-126.706825	24.412146	-93.26644	-177.51558	-132.29182	19.661163	-104.86742	-167.01025	110.0	110.0	316799	-207.67628	21.796337	-152.00972	-283.25476	207.30655	0.7067522	1870.6020021438599
193	-137.28145	20.63162	-103.053635	-183.7929	-120.06631	19.943691	-83.32635	-145.91891	110.0	110.0	318449	-207.32895	21.812876	-151.79376	-284.1187	206.96246	0.6964112	1880.3266932964325
194	-129.75182	12.629363	-109.89298	-156.52484	-107.89458	31.393429	-52.34632	-156.49826	110.0	110.0	320099	-206.9921	21.812191	-150.88152	-286.3462	206.61537	0.73913884	1890.00945520401
195	-146.47887	22.366068	-96.50227	-190.07959	-125.20862	35.592045	-58.78232	-170.25386	110.0	110.0	321749	-206.58012	21.818903	-150.22755	-285.9084	206.20258	0.755753	1900.0367951393127
196	-138.93758	29.579868	-81.5573	-191.22308	-117.822556	25.640913	-73.853035	-160.75519	110.0	110.0	323399	-206.19226	21.710665	-149.68297	-283.7659	205.81558	0.7360193	1909.5185194015503
197	-119.27855	19.931969	-70.505714	-155.69283	-119.24115	25.285784	-59.35697	-146.16061	110.0	110.0	325049	-205.76352	21.763077	-149.20538	-284.9987	205.37592	0.7438315	1918.9773962497711
198	-124.47122	27.026098	-75.33219	-176.28448	-125.80261	31.943228	-78.007675	-192.98885	110.0	110.0	326699	-205.30681	21.69974	-148.50172	-283.01575	204.92252	0.74884397	1928.4489850997925
199	-135.05887	25.716703	-93.05492	-183.80016	-109.14227	35.79025	-40.587593	-157.33836	110.0	110.0	328349	-204.83055	21.578274	-148.18452	-279.78564	204.44724	0.7620171	1938.6275265216827
200	-134.04558	23.847162	-105.145485	-182.59138	-134.75165	18.244009	-110.6533	-174.69221	110.0	110.0	329999	-204.32693	21.617384	-147.40884	-280.48193	203.94345	0.76109284	1948.744616985321
201	-137.2034	28.597202	-82.756805	-189.92918	-126.49331	33.68595	-78.40371	-174.72806	110.0	110.0	331649	-204.05171	21.681686	-146.61038	-279.37808	203.67094	0.7386181	1958.217029094696
202	-132.64307	16.995409	-96.61387	-157.47586	-146.52888	37.773834	-72.57607	-182.77356	110.0	110.0	333299	-203.76262	21.597445	-146.31238	-280.16208	203.38318	0.7617476	1968.312035560608
203	-136.57417	21.36698	-108.042366	-176.02788	-134.78008	30.083042	-84.88001	-173.55243	110.0	110.0	334949	-203.25888	21.665024	-145.22894	-279.11182	202.86897	0.7455313	1977.7422170639038
204	-121.46361	20.845163	-83.33921	-153.7991	-123.86049	28.239368	-88.069626	-169.86934	110.0	110.0	336599	-202.93297	21.682438	-144.9711	-280.64764	202.54863	0.7351572	1987.855937242508
205	-137.92	27.945559	-74.43859	-182.52214	-127.9257	27.580149	-78.49769	-173.66382	110.0	110.0	338249	-202.4669	21.684362	-144.33336	-281.02243	202.08667	0.74938846	1997.877300977707
206	-125.181725	25.681652	-83.81461	-164.04697	-133.2721	22.574903	-84.628555	-161.33965	110.0	110.0	339899	-202.09514	21.641031	-144.20158	-279.95993	201.71489	0.7214697	2007.763176202774
207	-134.16219	33.301903	-58.80628	-178.83693	-128.57019	28.85134	-95.803955	-172.64314	110.0	110.0	341549	-201.78589	21.52644	-143.83669	-278.48816	201.40428	0.75390315	2017.243554353714
208	-125.50188	28.943758	-78.86763	-167.73465	-143.8943	25.144766	-120.75331	-198.93906	110.0	110.0	343199	-201.4234	21.459927	-144.08641	-279.52103	201.04123	0.709251	2026.711606502533
209	-124.01781	21.96684	-86.47575	-160.69449	-133.36693	29.580128	-67.24258	-160.37494	110.0	110.0	344849	-201.10867	21.42159	-143.42215	-278.61053	200.73486	0.7630906	2036.4674787521362
210	-127.15013	24.233887	-93.44183	-186.6311	-130.93826	32.71668	-73.569496	-181.28954	110.0	110.0	346499	-200.82848	21.540102	-142.19461	-278.93005	200.4418	0.7342446	2046.5692369937897
211	-116.509575	27.624678	-56.31619	-167.56064	-125.19131	22.560936	-87.311165	-167.54863	110.0	110.0	348149	-200.16074	21.514345	-140.85779	-279.88303	199.76813	0.72687805	2055.9919805526733
212	-125.223854	23.071741	-78.488884	-158.38077	-115.758835	26.563793	-66.8078	-157.19923	110.0	110.0	349799	-199.83188	21.542679	-140.58455	-280.70898	199.43724	0.7297149	2067.568055152893
213	-140.15593	30.988575	-75.80601	-188.98065	-103.354004	18.563854	-62.854034	-131.98224	110.0	110.0	351449	-199.23175	21.550005	-139.84505	-283.33795	198.83713	0.7345341	2079.9670419692993
214	-120.897125	25.720688	-73.57058	-169.95059	-134.41748	24.021492	-94.9504	-171.78464	110.0	110.0	353099	-198.83824	21.568527	-138.79536	-278.62857	198.44836	0.7247575	2089.5554707050323
215	-129.48187	23.291037	-92.176094	-174.45042	-122.36619	32.040398	-51.61323	-168.30714	110.0	110.0	354749	-198.5515	21.689247	-138.30887	-280.60703	198.16083	0.7076546	2099.4292714595795
216	-132.1909	26.94457	-55.440697	-172.51018	-122.64353	32.319107	-56.160538	-152.29451	110.0	110.0	356399	-197.97774	21.626505	-137.4298	-281.2411	197.59021	0.7626635	2109.457611322403
217	-119.735405	25.367525	-59.547947	-155.5555	-114.655716	26.612934	-83.842514	-157.00002	110.0	110.0	358049	-197.75272	21.66924	-136.79802	-280.41708	197.36218	0.7349768	2119.5166158676147
218	-127.24606	24.667847	-90.84566	-173.61308	-130.25305	31.328949	-94.04272	-173.723	110.0	110.0	359699	-197.29471	21.669008	-136.42375	-282.72122	196.89787	0.7535131	2129.5697054862976
219	-130.41187	26.261395	-80.046394	-175.91643	-109.60704	33.91343	-60.04424	-170.02753	110.0	110.0	361349	-196.8707	21.66508	-135.61748	-281.8867	196.47261	0.74107563	2139.472841024399
220	-117.987434	21.696299	-77.33489	-158.81393	-126.4978	18.032019	-87.483185	-151.75993	110.0	110.0	362999	-196.40158	21.778446	-135.46448	-289.08823	196.00102	0.74736357	2148.944954395294
221	-116.87904	25.661877	-78.273315	-166.19742	-117.655594	22.165976	-67.06427	-139.05736	110.0	110.0	364649	-195.9761	21.910755	-135.15263	-288.19287	195.57648	0.757949	2158.9995188713074
222	-120.60489	27.309706	-65.76135	-151.23592	-121.06993	33.67229	-75.67004	-181.77528	110.0	110.0	366299	-195.57336	21.902689	-134.80716	-285.47766	195.18169	0.73700196	2168.9942758083344
223	-125.11698	27.28462	-81.96378	-186.8809	-124.62427	38.452282	-71.959854	-193.55447	110.0	110.0	367949	-195.2376	21.881998	-134.1643	-286.8011	194.84587	0.7381668	2180.3416719436646
224	-128.2426	22.439554	-91.34891	-164.12679	-123.186584	25.962757	-88.229095	-177.8144	110.0	110.0	369599	-194.86003	21.956808	-134.34909	-286.67828	194.4764	0.7640509	2192.3182113170624
225	-118.93954	21.71324	-77.87746	-152.92801	-154.36185	17.190258	-125.68802	-174.32613	110.0	110.0	371249	-194.33754	21.997826	-134.37141	-283.8923	193.95807	0.75189364	2202.2665433883667
226	-136.87506	28.10089	-75.63054	-169.81133	-111.91206	29.688751	-70.97698	-160.39836	110.0	110.0	372899	-194.114	22.14006	-135.23901	-285.1207	193.73576	0.69772685	2211.7681794166565
227	-125.79349	24.092918	-101.30416	-174.89864	-115.35469	32.207333	-67.14456	-170.59435	110.0	110.0	374549	-193.84695	22.253572	-135.07715	-284.9635	193.47481	0.72969365	2221.8250987529755
228	-133.68579	30.190445	-82.0898	-170.38364	-111.53255	33.96909	-62.819805	-173.38454	110.0	110.0	376199	-193.80388	22.295443	-134.43428	-286.0175	193.42598	0.7304709	2231.393157720566
229	-117.23011	23.992323	-89.386314	-165.18584	-112.36658	32.537853	-50.551132	-176.2221	110.0	110.0	377849	-193.51318	22.469515	-134.55507	-286.6977	193.13426	0.71606314	2241.4758610725403
230	-125.39589	27.160332	-79.25536	-195.69945	-116.76837	30.451729	-43.94046	-151.51347	110.0	110.0	379499	-193.202	22.59897	-134.27917	-290.319	192.82301	0.70651454	2251.314236164093
231	-105.69357	19.59272	-75.727936	-158.38647	-126.221275	38.030926	-82.3799	-184.04054	110.0	110.0	381149	-192.93597	22.758543	-133.92406	-290.5114	192.5553	0.7193904	2260.8696916103363
232	-125.61984	36.590137	-62.977585	-197.28905	-134.46901	31.957832	-69.32104	-175.8354	110.0	110.0	382799	-192.56488	22.852602	-134.1644	-287.0847	192.17416	0.7101052	2270.977171897888
233	-124.47769	35.167892	-58.051662	-169.58739	-134.16719	32.870316	-86.77933	-198.60068	110.0	110.0	384449	-192.16318	22.811182	-134.34814	-286.3312	191.78299	0.7082777	2281.140632390976
234	-134.64517	37.68668	-72.36219	-184.80006	-141.99573	33.050186	-55.770977	-180.97029	110.0	110.0	386099	-191.79367	22.943834	-133.97498	-287.17432	191.41716	0.68412375	2291.250286579132
235	-132.97087	29.814531	-70.254005	-176.59814	-141.82571	28.513088	-80.02457	-188.11966	110.0	110.0	387749	-191.62898	23.035034	-133.34914	-286.78314	191.25243	0.71033204	2301.4919431209564
236	-133.65987	26.081451	-78.76866	-184.98996	-116.224754	20.998865	-89.85734	-158.98434	110.0	110.0	389399	-191.35654	23.17594	-133.23097	-285.63855	190.9832	0.68659884	2311.011692762375
237	-125.68457	25.862856	-82.89336	-159.84988	-117.84392	42.203842	-54.325397	-175.18677	110.0	110.0	391049	-191.07768	23.258783	-133.12726	-285.2422	190.70518	0.70340526	2321.116013288498
238	-111.91188	26.010645	-49.89966	-160.69603	-131.46591	29.180637	-71.41164	-164.08846	110.0	110.0	392699	-190.85042	23.355463	-132.52492	-284.21814	190.47997	0.70322496	2330.921843290329
239	-136.37187	33.565792	-56.972733	-187.10117	-136.07314	34.095116	-77.60643	-179.99089	110.0	110.0	394349	-190.58185	23.370333	-131.57166	-284.55402	190.20657	0.72595006	2340.670179128647
240	-120.600266	32.44941	-72.07321	-183.554	-119.39388	20.392498	-87.899734	-156.06868	110.0	110.0	395999	-190.40271	23.467829	-130.9503	-282.05994	190.03871	0.7053693	2350.763501405716
241	-113.781624	22.31202	-75.32324	-155.63959	-130.50912	26.53311	-52.934017	-149.78401	110.0	110.0	397649	-190.12764	23.430687	-129.95161	-282.52563	189.76746	0.69003063	2360.7471141815186
242	-123.95389	27.714746	-66.22269	-184.20793	-118.44319	35.53246	-74.72726	-179.02982	110.0	110.0	399299	-190.05522	23.498314	-129.67703	-281.60638	189.68257	0.71335655	2370.86367726326
243	-124.52346	29.454529	-80.17426	-182.36853	-130.81172	33.63592	-66.59731	-181.72469	110.0	110.0	400949	-189.71127	23.5574	-127.67193	-283.12247	189.33769	0.7049676	2380.9591743946075
244	-118.17673	32.748215	-60.4579	-172.87396	-145.61954	24.37987	-110.59784	-183.7483	110.0	110.0	402599	-189.50882	23.522089	-126.514015	-284.4744	189.13358	0.7271941	2391.06325340271
245	-138.27657	25.615158	-69.57746	-175.61655	-125.85686	26.800833	-78.05031	-176.36844	110.0	110.0	404249	-189.31363	23.641972	-125.65409	-283.26282	188.93718	0.7169371	2401.1144857406616
246	-130.94366	31.136166	-74.36735	-184.53574	-123.4938	35.25939	-55.994312	-177.42638	110.0	110.0	405899	-189.05066	23.675337	-125.16063	-284.57	188.6732	0.7106785	2411.2731428146362
247	-116.5996	27.849741	-66.66852	-152.45901	-133.73024	36.663452	-75.13007	-199.62039	110.0	110.0	407549	-188.77202	23.64456	-124.80891	-279.99832	188.39958	0.7122676	2422.1390278339386
248	-133.77063	27.85426	-73.186455	-180.83618	-127.12593	25.321205	-61.428757	-152.74185	110.0	110.0	409199	-188.54834	23.689938	-124.773766	-285.67795	188.17845	0.7290955	2434.090521335602
249	-124.35006	23.022957	-73.49268	-154.6359	-132.70798	24.780361	-93.955376	-173.64404	110.0	110.0	410849	-188.24684	23.741428	-125.30563	-281.33572	187.87404	0.7379945	2444.1854984760284
250	-119.52305	14.911072	-93.958984	-155.15564	-112.100815	25.430038	-69.10577	-165.8008	110.0	110.0	412499	-188.00565	23.704744	-124.62106	-289.55936	187.62805	0.7295477	2454.139986515045
251	-121.658424	27.353249	-61.104298	-162.85089	-131.90921	19.250847	-100.35391	-169.63506	110.0	110.0	414149	-187.85692	23.675432	-124.746216	-286.1166	187.48671	0.746316	2464.212813138962
252	-121.30197	30.430424	-61.077644	-186.59854	-119.96431	21.477036	-84.7737	-155.60219	110.0	110.0	415799	-187.49243	23.84854	-124.95282	-287.9847	187.10638	0.732182	2474.5811257362366
253	-128.88556	23.511822	-84.56406	-174.65636	-104.70241	23.431023	-65.2257	-149.7517	110.0	110.0	417449	-187.14386	23.915174	-125.13946	-288.01184	186.7602	0.7411778	2484.6041102409363
254	-117.01376	34.89833	-74.24567	-181.83875	-123.359314	35.444923	-54.576393	-166.89662	110.0	110.0	419099	-186.88602	23.9837	-124.04391	-287.02716	186.5043	0.74775183	2494.772580385208
255	-119.62995	22.282484	-83.86407	-164.4266	-130.41847	29.150229	-69.733536	-188.78642	110.0	110.0	420749	-186.4043	24.020643	-123.64864	-288.28873	186.0228	0.7266161	2504.834367990494
256	-129.23737	28.93574	-60.8057	-179.2795	-129.23544	21.235638	-87.01566	-161.4288	110.0	110.0	422399	-186.18222	24.273664	-122.94643	-288.63013	185.79784	0.7605144	2514.862366914749
257	-128.27036	29.818094	-78.83904	-179.71988	-126.9669	26.517893	-90.823906	-176.21735	110.0	110.0	424049	-185.72743	24.363476	-123.20273	-289.16083	185.34132	0.7351292	2524.901910305023
258	-103.03449	28.87631	-68.7601	-176.32195	-145.68008	20.956396	-114.95407	-174.87251	110.0	110.0	425699	-185.37712	24.53793	-122.57852	-290.24173	184.99742	0.75879174	2534.5272698402405
259	-138.2496	25.7502	-84.47886	-194.90074	-124.885925	29.896969	-85.98348	-168.20099	110.0	110.0	427349	-185.31142	24.720474	-122.25515	-289.72708	184.93579	0.7481989	2544.313237428665
260	-124.51519	20.764288	-74.162094	-161.42522	-116.871864	31.821539	-66.59545	-170.19537	110.0	110.0	428999	-184.93959	24.771038	-122.28802	-284.54395	184.5584	0.7593009	2554.29243016243
261	-132.93811	32.524055	-82.873566	-181.88889	-123.84819	33.256294	-55.055843	-169.91646	110.0	110.0	430649	-184.8396	24.814356	-122.10611	-290.56207	184.45401	0.762491	2564.415517807007
262	-125.13362	29.709892	-83.267746	-195.66162	-111.4811	30.64481	-53.887005	-152.02632	110.0	110.0	432299	-184.45966	24.947453	-121.83658	-291.5871	184.0724	0.73701465	2573.9720017910004
263	-118.49898	30.0941	-68.12431	-158.98283	-127.58807	27.880598	-84.530876	-181.98701	110.0	110.0	433949	-184.08507	24.853651	-120.840225	-289.76154	183.70543	0.7470329	2583.7958841323853
264	-122.45967	18.851042	-84.41935	-147.76196	-123.70079	35.500664	-78.87106	-202.19394	110.0	110.0	435599	-183.84335	24.797926	-120.09434	-285.69724	183.45613	0.73832303	2593.9199686050415
265	-115.3875	32.40466	-63.47308	-174.07063	-131.02702	30.958202	-70.64463	-173.07732	110.0	110.0	437249	-183.55803	24.781544	-120.17711	-282.33878	183.16333	0.7371767	2603.4480583667755
266	-133.43614	27.38071	-85.11436	-171.06802	-128.16722	30.83979	-88.75937	-172.69672	110.0	110.0	438899	-183.22598	24.710526	-120.32859	-284.20312	182.83685	0.7416315	2613.266940355301
267	-134.08356	30.106413	-75.773445	-197.01482	-137.71323	25.963276	-112.8159	-190.31789	110.0	110.0	440549	-182.90181	24.700584	-121.151184	-286.50974	182.50896	0.721203	2622.91254734993
268	-121.787476	33.371723	-75.314896	-176.21774	-144.51115	17.629473	-128.4106	-191.17392	110.0	110.0	442199	-182.60243	24.696276	-121.347275	-278.58823	182.20946	0.7432014	2632.4531207084656
269	-137.9909	24.692762	-84.68399	-170.56436	-118.4328	25.580189	-81.64515	-153.38123	110.0	110.0	443849	-182.3542	24.633854	-121.847946	-279.36737	181.96819	0.7398831	2642.0984036922455
270	-125.93611	16.029997	-108.063126	-154.08371	-129.54977	34.620872	-78.91323	-194.99707	110.0	110.0	445499	-182.10141	24.681652	-121.34233	-278.3537	181.71765	0.75024503	2652.1902232170105
271	-117.6451	29.63723	-68.66315	-169.48804	-136.87753	23.852535	-102.04094	-178.3948	110.0	110.0	447149	-181.9033	24.64688	-121.25366	-273.1315	181.51965	0.72882605	2662.369492292404
272	-129.22049	35.35326	-70.196434	-181.68768	-124.349144	34.6001	-79.04798	-180.5621	110.0	110.0	448799	-181.743	24.638548	-120.12723	-272.66705	181.3555	0.74646336	2672.5300858020782
273	-129.84409	27.809341	-77.55927	-185.90292	-126.37331	27.307539	-83.599556	-178.08272	110.0	110.0	450449	-181.46501	24.512707	-120.08301	-269.50308	181.0797	0.72978044	2682.627072572708
274	-132.91577	28.265602	-77.69103	-169.14384	-122.059586	20.314238	-93.818726	-162.91476	110.0	110.0	452099	-181.04376	24.580011	-120.61419	-269.0807	180.66208	0.7425547	2692.743760585785
275	-132.39926	27.418087	-88.07268	-177.27263	-117.54854	23.50986	-71.47081	-148.1928	110.0	110.0	453749	-180.98871	24.48361	-120.5575	-267.45197	180.61417	0.71590227	2702.744383096695
276	-122.451164	21.848574	-81.136375	-153.98819	-127.81621	44.0415	-58.388805	-208.35529	110.0	110.0	455399	-180.81824	24.330587	-119.992805	-266.03815	180.4482	0.7236389	2712.3046367168427
277	-135.87294	36.595657	-59.84065	-190.23178	-140.23874	29.332298	-85.97804	-178.94794	110.0	110.0	457049	-180.61804	24.397245	-120.23018	-264.5827	180.24638	0.70756406	2722.467330932617
278	-129.27576	21.854984	-92.51683	-172.93611	-129.13007	30.960014	-91.48718	-170.66002	110.0	110.0	458699	-180.48206	24.200586	-119.75966	-266.54596	180.11102	0.71091306	2732.0859608650208
279	-123.303856	22.541101	-85.67405	-159.4998	-146.47464	19.280575	-112.01798	-182.793	110.0	110.0	460349	-180.36804	24.121126	-119.54239	-265.36563	180.00867	0.6893047	2742.217536211014
280	-129.36482	29.645807	-84.55191	-194.08658	-132.04468	30.366179	-89.270386	-187.7677	110.0	110.0	461999	-180.45369	24.237322	-119.3598	-264.23404	180.10733	0.6953029	2752.348093509674
281	-140.38194	27.462233	-96.08672	-192.6455	-137.11555	33.407665	-51.224937	-177.83951	110.0	110.0	463649	-180.63493	24.232937	-119.50833	-266.63037	180.2917	0.6895483	2762.5085129737854
282	-127.15769	31.386892	-77.84458	-170.96046	-133.79886	25.952831	-67.87141	-166.28651	110.0	110.0	465299	-180.69296	24.158432	-119.681816	-265.3712	180.34761	0.68294954	2772.579329967499
283	-141.64693	16.881044	-112.49116	-171.43347	-134.67915	30.515598	-81.827705	-183.11647	110.0	110.0	466949	-180.95291	24.17203	-119.57742	-265.72922	180.60326	0.68149704	2782.854655265808
284	-135.10677	35.722755	-68.88384	-186.35391	-127.40523	26.496906	-83.891815	-187.62936	110.0	110.0	468599	-180.96341	24.069328	-119.31511	-266.2754	180.60754	0.66886055	2793.1242032051086
285	-129.3946	25.976013	-92.435745	-174.48984	-144.54517	22.664711	-93.12959	-184.00053	110.0	110.0	470249	-180.77534	23.91609	-119.0309	-267.95844	180.42519	0.6857042	2803.323813199997
286	-133.95409	31.000248	-71.71457	-183.03313	-139.2829	27.743834	-94.27114	-177.85	110.0	110.0	471899	-181.01343	24.047306	-118.7786	-267.5391	180.66042	0.6667413	2813.4661316871643
287	-122.04548	22.657703	-80.927025	-168.171	-126.98181	36.886185	-65.23032	-186.66061	110.0	110.0	473549	-181.03326	24.02455	-118.57971	-267.13492	180.68736	0.6623753	2823.585872888565
288	-121.91734	27.222178	-71.61548	-161.29425	-129.3151	25.777588	-83.34368	-169.38863	110.0	110.0	475199	-181.12843	24.102016	-119.04573	-270.34274	180.78212	0.67256665	2833.744251728058
289	-118.089066	23.99117	-76.4424	-182.26057	-127.38796	43.564137	-36.137943	-195.04523	110.0	110.0	476849	-181.04185	24.093428	-118.43557	-269.857	180.67729	0.67424506	2843.348880290985
290	-132.13579	27.23512	-82.44745	-175.16396	-111.08842	25.968374	-66.70932	-162.77629	110.0	110.0	478499	-180.95587	24.126774	-118.6069	-267.64282	180.5812	0.6640608	2853.471859693527
291	-125.16432	23.315311	-78.05598	-158.75058	-127.21074	24.15763	-78.8931	-161.41536	110.0	110.0	480149	-180.79701	24.2388	-118.09383	-274.39285	180.42625	0.6892377	2863.64289188385
292	-114.53018	26.08439	-71.61193	-155.6238	-123.6769	29.314207	-64.18829	-156.7699	110.0	110.0	481799	-180.58148	24.269533	-117.91839	-272.1804	180.20985	0.6747357	2873.2025542259216
293	-122.394585	26.039505	-81.95382	-162.02939	-128.83243	27.578234	-89.97098	-179.8861	110.0	110.0	483449	-180.32655	24.537947	-117.34579	-268.91516	179.95123	0.6815576	2883.3243083953857
294	-119.9022	21.781612	-63.557827	-153.5587	-142.30574	26.046646	-92.730484	-172.14424	110.0	110.0	485099	-180.12349	24.578312	-116.68773	-269.0318	179.76955	0.6774607	2892.840525150299
295	-138.77182	33.16755	-64.058105	-185.20602	-118.31216	21.476496	-93.509026	-155.65857	110.0	110.0	486749	-180.12303	24.660421	-116.70577	-275.56244	179.78062	0.65866345	2902.859956264496
296	-123.056305	31.756823	-70.868004	-173.35648	-128.64638	42.656883	-42.89501	-176.54709	110.0	110.0	488399	-180.30061	24.718048	-116.25424	-273.5181	179.97803	0.6533006	2915.1181275844574
297	-130.29498	25.397934	-79.840454	-170.12651	-126.59972	24.322056	-82.037926	-168.30797	110.0	110.0	490049	-180.53372	24.740276	-116.81497	-273.79428	180.21779	0.65602285	2927.4525027275085
298	-127.90244	33.80754	-66.547874	-175.2341	-129.93137	35.030235	-61.02897	-173.99023	110.0	110.0	491699	-180.86444	24.787718	-116.74514	-277.2821	180.54556	0.649759	2937.5983669757843
299	-133.60658	27.788109	-84.27981	-178.61067	-123.98606	34.779797	-46.8988	-159.63895	110.0	110.0	493349	-180.93605	24.626963	-115.776024	-276.30392	180.6227	0.6636723	2947.728349685669
300	-128.91399	32.738426	-78.37916	-183.83244	-144.58763	23.587656	-86.94073	-178.98819	110.0	110.0	494999	-181.38493	24.737091	-116.64694	-270.645	181.07213	0.66247684	2957.894371032715
