Epoch	AverageEpRet	StdEpRet	MaxEpRet	MinEpRet	AverageTestEpRet	StdTestEpRet	MaxTestEpRet	MinTestEpRet	EpLen	TestEpLen	TotalEnvInteracts	AverageQVals	StdQVals	MaxQVals	MinQVals	LossPi	LossQ	Time
1	-7121.279	1843.9374	-4027.3003	-11037.559	-8682.076	3645.0637	-2382.5183	-12489.701	110.0	110.0	1649	-108.49852	63.025257	0.19820066	-338.98178	105.9376	1106.2876	5.460452556610107
2	-7468.4307	2368.905	-3315.2207	-11303.946	-5645.322	3409.9597	-685.5552	-10962.034	110.0	110.0	3299	-402.24692	166.778	-61.705547	-1108.4161	392.06927	1107.5276	14.091109275817871
3	-8120.1206	1983.9615	-4979.543	-11368.294	-3222.149	1420.2062	-458.72614	-5948.8066	110.0	110.0	4949	-806.91345	249.70059	-206.56512	-1845.7395	791.5833	2033.9076	22.833081007003784
4	-7211.619	2296.4973	-1998.5134	-10604.773	-3527.5337	1298.1656	-744.83685	-5614.838	110.0	110.0	6599	-1173.8909	322.25293	-459.4827	-2443.68	1150.444	2794.2546	31.61644744873047
5	-6792.6064	1539.9167	-4410.3193	-9384.18	-2549.4116	1242.5526	-444.5221	-4706.451	110.0	110.0	8249	-1479.9424	399.30356	-543.11365	-3259.649	1447.297	3459.7505	40.37520718574524
6	-6515.9585	1915.214	-3371.4824	-11587.545	-3277.603	1541.4019	-948.765	-5055.135	110.0	110.0	9899	-1666.319	446.1749	-574.5425	-3543.5923	1627.8541	3759.6648	49.169509410858154
7	-2643.926	1614.7072	-162.0435	-6283.297	-1432.2278	896.6412	-119.338234	-2969.6365	110.0	110.0	11549	-1766.2134	481.6796	-688.9525	-3882.5	1727.0264	3688.1353	58.382080078125
8	-2022.9501	1713.7347	-163.38872	-6274.8843	-2930.484	2719.977	-289.18582	-9402.211	110.0	110.0	13199	-1792.8562	536.98047	-647.93097	-4207.062	1756.3223	3287.4797	67.60829758644104
9	-1944.275	1392.298	-199.99084	-5367.2515	-1631.6538	837.0491	-449.77625	-3077.1094	110.0	110.0	14849	-1830.7733	574.51495	-618.37616	-4473.3564	1796.6733	3041.671	76.86491298675537
10	-1517.927	1039.211	-136.95485	-3414.2986	-2404.4229	1054.0942	-968.4089	-4454.44	110.0	110.0	16499	-1853.7307	603.5226	-615.07733	-4668.032	1821.7058	2884.8855	86.1358118057251
11	-1038.4703	651.9873	-81.25919	-2071.7068	-1059.9666	1129.6976	-141.08498	-4279.3154	110.0	110.0	18149	-1846.7407	640.4805	-632.6747	-4917.8745	1816.35	2765.2183	95.29573845863342
12	-1763.7601	1668.0604	-185.67088	-5335.9473	-1558.7166	1237.4475	-197.59528	-4674.4004	110.0	110.0	19799	-1838.534	668.29834	-637.7058	-5131.9243	1809.1377	2662.994	104.41612434387207
13	-2079.9744	1267.0818	-347.1007	-4466.011	-1299.1317	641.6573	-383.18304	-2301.0984	110.0	110.0	21449	-1811.1261	688.853	-588.91095	-5220.7075	1782.65	2578.2576	113.53803634643555
14	-2117.221	1541.9833	-587.1837	-6490.3174	-1674.5833	1119.2339	-202.66	-3364.4944	110.0	110.0	23099	-1783.9479	704.75793	-543.2735	-5387.708	1756.04	2516.82	122.77095174789429
15	-2070.7507	1606.8953	-377.8735	-5484.487	-1556.4124	1376.367	-46.498356	-4211.1206	110.0	110.0	24749	-1765.8556	721.3139	-477.31	-5490.5625	1738.5514	2498.33	131.9467875957489
16	-1946.8314	1274.5006	-300.58334	-4583.7686	-1492.3867	1008.0307	-85.05465	-3231.8398	110.0	110.0	26399	-1746.5819	738.74475	-413.65125	-5575.4424	1719.6866	2382.221	141.45806050300598
17	-1366.5675	1354.2925	-214.2374	-5182.576	-926.7472	1010.1729	-112.696365	-3642.4294	110.0	110.0	28049	-1708.9994	756.59644	-360.74524	-5689.3735	1682.8303	2314.7722	150.5672001838684
18	-1447.2223	1326.1893	-399.26312	-4714.5034	-1417.4635	1044.9093	-115.06758	-3451.2737	110.0	110.0	29699	-1654.1091	782.0679	-306.65314	-5833.9404	1627.8647	2244.4739	159.7051465511322
19	-962.67	530.4553	-156.1388	-2075.6443	-942.81757	519.3308	-94.559875	-1795.3815	110.0	110.0	31349	-1598.5986	803.8731	-251.25221	-5889.2617	1572.9188	2212.6492	168.9287769794464
20	-1239.8435	638.80206	-235.29521	-2534.852	-1769.8567	1084.0044	-89.92586	-4291.6045	110.0	110.0	32999	-1543.0815	815.6502	-211.88254	-5937.5024	1517.7906	2166.8396	178.13911080360413
21	-1509.0209	772.0863	-483.23615	-3428.824	-1152.6658	473.14902	-307.16797	-1743.3131	110.0	110.0	34649	-1501.5249	830.95294	-167.08157	-6012.8257	1476.6061	2188.3162	187.53939533233643
22	-1596.4882	1191.2188	-266.75027	-5369.984	-1139.6399	425.46176	-592.8731	-2151.79	110.0	110.0	36299	-1444.1068	835.4388	-138.90694	-6139.9736	1419.5806	2153.8572	197.28685975074768
23	-1556.152	879.7796	-289.665	-3285.802	-1329.6261	1198.7277	-284.2795	-4110.6284	110.0	110.0	37949	-1398.1859	835.9911	-106.29514	-6472.3013	1373.9056	2109.0076	207.04872274398804
24	-1214.7898	807.56696	-259.2853	-3022.3765	-1438.0289	750.9067	-268.70358	-2816.6196	110.0	110.0	39599	-1349.9788	842.40076	-86.602844	-6683.887	1326.4324	2057.388	216.21275568008423
25	-1580.8589	895.03455	-92.40485	-3997.0898	-1568.7831	1363.6135	-328.37576	-5265.125	110.0	110.0	41249	-1302.3903	839.7901	-65.068695	-6882.1484	1278.8943	2048.4238	225.50211000442505
26	-1052.514	742.36005	-65.772964	-2604.2449	-1821.8324	1196.7316	-390.6182	-4022.0183	110.0	110.0	42899	-1257.7461	840.1136	-20.88131	-7101.908	1235.086	1942.8324	234.755535364151
27	-1441.0645	844.9102	-373.2628	-3181.9734	-1675.857	911.37994	-224.98105	-3590.9812	110.0	110.0	44549	-1207.7639	839.2236	31.945175	-7217.147	1185.6986	1876.2809	244.09168934822083
28	-1505.9185	825.41095	-345.5738	-3527.2852	-1196.8323	595.21545	-239.40874	-2420.467	110.0	110.0	46199	-1176.9769	843.58704	79.86574	-7494.2363	1154.9413	1871.7734	253.37275743484497
29	-1333.8387	650.1841	-522.8278	-3250.1094	-1325.2831	1320.6792	-114.79371	-4695.765	110.0	110.0	47849	-1138.2278	847.16	109.86468	-7910.686	1116.4222	1841.3046	262.66152715682983
30	-1215.4967	884.0868	-182.93266	-3098.5557	-1884.2838	1246.0731	-556.80963	-4012.627	110.0	110.0	49499	-1104.0468	845.3956	147.19751	-8043.991	1082.7418	1836.1942	271.97705149650574
31	-1083.2711	750.9739	-58.05444	-2672.5686	-1014.49414	826.26953	-219.14209	-3042.1338	110.0	110.0	51149	-1069.1144	850.151	188.57169	-8234.052	1047.7201	1757.7983	281.2235691547394
32	-1327.0883	1430.6232	-343.12537	-6146.3164	-2349.1147	1432.7076	-260.95663	-4725.6743	110.0	110.0	52799	-1027.0231	851.74634	224.13374	-8517.466	1005.8363	1781.0106	290.42464995384216
33	-1346.0575	899.76324	-268.1453	-3567.6687	-1065.5165	1085.0446	-159.9186	-4142.644	110.0	110.0	54449	-990.04675	851.3437	259.41336	-8769.835	969.26715	1713.123	299.59297370910645
34	-1324.7462	869.46405	-89.54997	-2996.3528	-816.7232	508.06586	-35.628834	-1996.1805	110.0	110.0	56099	-965.85504	858.07074	291.3055	-8879.597	945.6456	1694.2933	308.8120710849762
35	-1433.72	1115.0397	-113.468376	-4358.3555	-1533.644	886.4056	-353.73996	-3235.7324	110.0	110.0	57749	-947.3929	862.3105	314.29974	-8982.344	927.2116	1762.6364	318.0730528831482
36	-1428.3735	1016.98486	-304.5286	-3502.94	-1432.6335	1219.3618	-193.13542	-4554.2246	110.0	110.0	59399	-915.94336	870.4749	336.9493	-9245.347	895.5385	1751.3663	327.4383022785187
37	-1179.5801	705.305	-196.82489	-2619.3418	-1053.671	565.3063	-419.15613	-1996.0591	110.0	110.0	61049	-894.06586	880.3757	408.46957	-9544.62	873.5138	1751.3763	336.77129459381104
38	-1479.9727	925.69653	-301.4229	-3990.0986	-1235.4065	610.2495	-296.88385	-2453.7773	110.0	110.0	62699	-874.27954	899.8096	437.58563	-9848.796	853.56915	1806.8629	346.09047412872314
39	-1090.5042	710.87744	-244.7809	-2664.5752	-878.445	501.87378	-308.23535	-1854.7113	110.0	110.0	64349	-846.77167	907.0567	467.22726	-10198.782	826.2171	1821.3162	355.2750949859619
40	-1286.3823	812.21716	-407.89157	-3122.7952	-1653.8845	1215.1599	-345.2109	-4953.4893	110.0	110.0	65999	-831.70465	922.2121	494.72504	-10610.838	811.7224	1810.6255	364.7671308517456
41	-1218.7823	548.257	-521.92834	-2407.4543	-1302.2529	590.3799	-76.095314	-2221.31	110.0	110.0	67649	-824.4189	937.80743	526.1489	-10948.167	804.4401	1865.515	374.08428621292114
42	-1347.2458	1064.1427	-162.4855	-4385.4473	-1517.8165	1043.3636	-287.12735	-3620.3013	110.0	110.0	69299	-819.0289	969.579	559.23413	-11213.666	799.0594	1881.0133	383.32290601730347
43	-1178.2947	829.48016	-139.43684	-3399.302	-1547.9349	1034.8564	-37.285355	-4018.5535	110.0	110.0	70949	-814.0613	997.6559	597.2947	-11521.493	794.0942	1873.6055	392.502644777298
44	-1173.8016	809.5907	-318.399	-3468.9697	-1210.0546	1031.663	-362.97632	-3929.2058	110.0	110.0	72599	-794.7569	1019.4502	643.5058	-11842.127	774.7209	1871.8627	401.7050356864929
45	-1598.0372	1197.5677	-230.10382	-4861.373	-931.5952	594.7091	-41.246998	-2271.167	110.0	110.0	74249	-786.9794	1034.6241	694.0472	-12145.88	766.3292	1882.7964	410.8994665145874
46	-1101.6096	700.4896	-172.32619	-2936.9194	-1530.4899	1069.7572	-306.1223	-3631.6643	110.0	110.0	75899	-780.16315	1066.6117	724.234	-12362.859	759.74866	1959.3479	420.1799852848053
47	-1170.7272	907.44196	-75.305725	-3105.3604	-1826.9241	1595.1877	-226.60664	-5810.2524	110.0	110.0	77549	-772.7627	1103.628	765.34125	-12888.236	751.6991	2010.2755	429.41765427589417
48	-1520.4146	939.79926	-199.26006	-3282.8225	-1101.2832	700.3207	-395.38153	-2775.6057	110.0	110.0	79199	-764.7101	1130.1028	801.6021	-13387.455	744.0587	2092.9211	438.6441447734833
49	-1318.5027	938.06305	-167.94124	-3426.6477	-1299.2424	1308.3872	-223.12	-5082.2817	110.0	110.0	80849	-773.68225	1167.4984	849.3617	-13873.696	752.94885	2126.9438	448.3180010318756
50	-817.3854	684.9458	-29.235783	-2387.2876	-1411.6587	1143.7377	-498.05267	-4663.8887	110.0	110.0	82499	-766.3708	1200.69	891.9822	-14053.746	744.3014	2224.2761	457.5340006351471
51	-1732.0245	1387.7693	-147.91551	-4134.765	-1277.6558	677.8707	-115.62381	-2371.2803	110.0	110.0	84149	-759.1827	1236.6261	915.3409	-14400.97	737.3041	2270.2737	466.8832528591156
52	-1347.7788	897.45374	-263.062	-3450.627	-1102.8931	745.7435	-309.94745	-2364.9724	110.0	110.0	85799	-766.327	1288.263	942.2242	-14959.83	743.6747	2425.9275	476.12382912635803
53	-1544.4918	1122.4315	-121.65482	-4569.7935	-1567.72	1101.7286	-157.13408	-3059.5596	110.0	110.0	87449	-757.12286	1344.081	982.70734	-15349.768	734.669	2482.0564	485.5337972640991
54	-1253.7648	1129.9717	-159.6316	-3863.8567	-985.7388	650.6018	-234.49356	-2330.1343	110.0	110.0	89099	-753.3036	1387.7505	1053.4364	-15856.138	730.8576	2659.2039	494.8669445514679
55	-1331.4923	724.47034	-307.8436	-3011.1575	-1267.1165	1022.6708	-374.57443	-3841.8289	110.0	110.0	90749	-751.7165	1429.9624	1113.4823	-16258.742	728.5035	2733.289	504.1295120716095
56	-1053.9232	719.7423	-216.6126	-2439.0066	-1117.1692	653.13495	-407.58972	-2553.0742	110.0	110.0	92399	-748.5169	1469.9458	1183.1755	-16888.988	725.62274	2895.843	513.640772819519
57	-1223.254	814.595	-475.0623	-3820.969	-1563.6185	1100.0983	-283.65323	-3923.6602	110.0	110.0	94049	-753.148	1541.1624	1248.5924	-17607.684	729.903	3014.5732	523.3885397911072
58	-1201.259	977.3428	-255.57657	-3433.252	-2094.7446	1893.6997	-210.81859	-5788.157	110.0	110.0	95699	-748.86993	1582.9858	1298.6929	-18226.688	724.8562	3147.7207	532.9577016830444
59	-1541.5062	860.22473	-92.46477	-2818.3748	-1461.6709	1007.88855	-94.230286	-3233.1853	110.0	110.0	97349	-744.1475	1625.9668	1339.1442	-18238.203	719.93207	3285.7637	542.191972732544
60	-1697.0854	1307.0043	-335.97623	-4582.691	-1698.375	1674.4252	-124.98646	-5863.666	110.0	110.0	98999	-756.5117	1701.086	1404.2104	-18970.58	730.8963	3495.3044	551.4210317134857
61	-1587.6387	1243.7473	-241.5462	-4794.474	-1065.4978	753.43823	-301.7112	-3077.1074	110.0	110.0	100649	-745.877	1756.1422	1474.5181	-19388.58	719.5317	3650.8655	560.715648651123
62	-1584.6798	1000.2091	-163.8578	-3938.5032	-1912.779	1109.3594	-536.2384	-4019.26	110.0	110.0	102299	-741.911	1802.4425	1516.8036	-20117.426	716.5406	3753.9673	570.0794477462769
63	-1254.323	892.3872	-294.46396	-3313.9429	-2717.2773	1874.6897	-252.19287	-5207.7944	110.0	110.0	103949	-735.77234	1850.9058	1510.1589	-20823.947	710.1348	3842.369	579.4822030067444
64	-1684.2776	1293.9261	-314.76022	-4983.618	-1442.2849	1186.1075	-84.91778	-3978.2583	110.0	110.0	105599	-720.57965	1902.7604	1557.8081	-21216.447	693.8956	4057.3945	588.7467551231384
65	-1692.9037	879.1563	-314.2183	-3174.2832	-1908.2292	1368.0347	-424.73642	-4908.6123	110.0	110.0	107249	-711.79877	1983.1146	1632.0819	-22427.002	684.45984	4151.2344	598.0660104751587
66	-1321.6422	1235.7848	-215.98563	-4588.3877	-1169.1108	543.0393	-157.34282	-2006.4495	110.0	110.0	108899	-689.9162	2002.7754	1641.4586	-23755.072	661.5962	4362.6016	607.3778281211853
67	-2045.1852	1484.0642	-160.89119	-6291.1895	-935.7371	516.96735	-303.65637	-2120.9534	110.0	110.0	110549	-673.42786	2054.2727	1657.5101	-24393.43	644.67615	4496.01	616.6535861492157
68	-1040.7467	593.5024	-183.8575	-2695.9841	-1074.3518	522.84863	-313.2311	-2085.9153	110.0	110.0	112199	-663.2512	2101.6123	1711.6782	-24958.256	634.62646	4558.4473	625.9731736183167
69	-1330.2299	876.02826	-169.13243	-3075.9739	-1854.4238	1458.2062	-256.9569	-4687.5825	110.0	110.0	113849	-644.3352	2158.0283	1721.3094	-25899.531	615.92267	4763.575	635.2502963542938
70	-1549.9662	1204.3947	-281.31546	-4557.8857	-1038.1584	500.67874	-357.6255	-1868.3341	110.0	110.0	115499	-650.802	2220.714	1729.7882	-27317.623	622.9069	5053.88	644.4991991519928
71	-1460.4423	975.7182	-257.3048	-3490.5598	-1771.5638	1191.3196	-564.9456	-4625.418	110.0	110.0	117149	-644.64905	2277.4429	1650.6421	-27845.338	616.53937	5161.2944	653.723658323288
72	-1551.3444	1605.349	-42.13501	-7002.6187	-1399.7885	1059.5127	-214.7798	-3786.2507	110.0	110.0	118799	-652.10034	2335.3943	1723.3916	-29560.566	624.3103	5327.2026	663.0078680515289
73	-1542.0773	1207.63	-239.0297	-4762.7886	-2155.0269	1687.3544	-527.1045	-6230.0405	110.0	110.0	120449	-653.51794	2392.011	1707.3289	-30550.783	625.40796	5540.439	672.4192292690277
74	-1739.7922	1796.2928	-298.74347	-7605.768	-1418.2229	1826.279	-133.59703	-5799.172	110.0	110.0	122099	-684.31384	2483.244	1755.1786	-31572.258	656.12714	5753.7593	681.6657857894897
75	-1849.5745	962.08215	-277.72113	-3487.627	-1555.1414	620.0714	-594.4336	-2833.8157	110.0	110.0	123749	-684.9187	2543.253	1830.0471	-32594.568	655.3421	6017.5522	690.9115288257599
76	-1689.736	1071.5417	-232.06422	-3511.734	-1959.3645	1324.248	-267.99097	-4615.6387	110.0	110.0	125399	-684.12885	2573.6624	1839.5245	-33697.574	653.2488	6364.063	700.2253744602203
77	-1496.2845	998.9224	-282.51117	-3390.2341	-2076.9224	1474.7548	-380.24127	-4311.8184	110.0	110.0	127049	-689.8149	2646.687	1890.3003	-34374.64	659.24786	6580.577	709.5120093822479
78	-2003.1633	1412.6406	-377.2922	-5970.786	-1035.8398	734.2708	-178.64917	-2778.6787	110.0	110.0	128699	-684.10266	2704.7334	1919.9897	-35611.77	653.1093	6884.17	718.776017665863
79	-2246.95	1421.4349	-1028.2043	-6488.255	-1916.96	1315.8893	-190.97267	-5184.958	110.0	110.0	130349	-692.61224	2792.3745	1962.3752	-36995.617	660.0873	7420.4194	728.1181938648224
80	-2286.4587	2111.2097	-222.95184	-8387.133	-1918.8181	1747.2926	-295.20325	-6623.697	110.0	110.0	131999	-685.1382	2851.955	1973.5945	-37126.637	652.0424	7576.371	737.4589200019836
81	-1814.4368	892.2273	-636.23035	-3638.5059	-1698.6432	1276.6874	-392.94626	-3671.4622	110.0	110.0	133649	-695.8977	2931.7783	2005.0669	-39483.98	663.4529	8064.721	746.8699066638947
82	-2805.7036	1472.61	-497.60916	-6240.1973	-1133.2263	1000.4626	-200.41217	-3540.2324	110.0	110.0	135299	-692.58984	2970.3184	2026.211	-40411.836	659.1262	8328.42	756.6074500083923
83	-1482.6792	1240.3601	-220.25325	-4664.731	-2036.4207	1335.0629	-179.35672	-4828.959	110.0	110.0	136949	-704.37006	3040.2285	2070.1304	-41356.695	669.93915	8603.757	765.9028503894806
84	-1648.1805	939.8882	-51.481033	-3546.49	-1606.3774	753.04224	-377.3052	-3010.5586	110.0	110.0	138599	-704.71	3095.5293	2099.5977	-42445.082	669.88477	9087.213	775.2302136421204
85	-1644.5658	1229.3744	-138.81386	-3758.3813	-2983.2954	1811.9346	-292.92838	-5958.219	110.0	110.0	140249	-706.76807	3180.4507	2145.3796	-43885.574	671.4464	9412.69	784.6027872562408
86	-2774.77	2312.293	-219.11292	-9574.148	-1210.0143	1070.2354	-96.430885	-3894.34	110.0	110.0	141899	-709.7812	3256.0557	2207.9575	-45330.777	673.6452	9933.848	793.9620332717896
87	-1323.1263	846.6566	-330.7619	-3365.8965	-1709.4958	1407.3159	-323.04367	-4757.354	110.0	110.0	143549	-699.737	3318.7615	2266.206	-47066.094	663.62714	10242.286	803.3421986103058
88	-1889.1796	1177.0254	-468.20364	-3996.9902	-1391.5023	1135.1876	-163.7257	-4032.1628	110.0	110.0	145199	-709.03766	3385.6257	2305.136	-47543.508	671.4168	10416.097	812.7218589782715
89	-1243.0394	839.22455	-266.00766	-3020.9707	-1682.1897	1042.4315	-330.70682	-3668.5415	110.0	110.0	146849	-704.1705	3434.4924	2349.211	-49513.465	665.0876	10969.77	822.0418174266815
90	-1644.3938	1379.0222	-253.17752	-5374.689	-2392.686	2327.6636	-137.58908	-7576.834	110.0	110.0	148499	-699.34143	3533.986	2411.5522	-50314.527	660.43146	11299.562	831.4550316333771
91	-1661.9329	1027.7819	-264.09656	-2871.8245	-2614.1187	1369.228	-883.85236	-5425.2515	110.0	110.0	150149	-701.91296	3630.9456	2498.502	-52742.125	660.9218	11991.255	841.472071647644
92	-1542.4366	994.8663	-406.02628	-3445.8433	-1410.1161	1059.2737	-79.90265	-3678.1301	110.0	110.0	151799	-678.07605	3702.5188	2533.8774	-54883.58	637.6472	12270.764	850.7992830276489
93	-2376.9666	1719.3203	-156.0284	-6899.609	-1836.7415	862.97327	-508.09567	-3212.3157	110.0	110.0	153449	-682.8695	3752.0635	2642.0984	-55224.906	641.90735	12678.354	860.0445322990417
94	-1616.1558	1108.2423	-154.787	-3859.999	-1711.1057	1244.4772	-132.71031	-4339.285	110.0	110.0	155099	-702.6259	3897.2432	2695.945	-57049.477	662.9101	13739.823	869.2674458026886
95	-1661.6597	1069.859	-225.36201	-3985.4636	-1524.6664	1131.0942	-363.25586	-3476.897	110.0	110.0	156749	-682.1885	3912.5417	2777.7349	-58571.15	640.12964	14068.087	878.4884152412415
96	-2001.113	1343.672	-130.00139	-5445.973	-2196.78	1356.3337	-409.8168	-5161.8804	110.0	110.0	158399	-697.7516	4072.3303	2815.3567	-61044.938	655.6645	15290.635	887.7936723232269
97	-1480.6345	1232.853	-175.01668	-4138.998	-2556.2825	1778.0432	-902.89655	-6449.3	110.0	110.0	160049	-677.287	4106.087	2901.5317	-61295.73	631.985	15567.995	897.0325858592987
98	-2324.6477	1251.9369	-420.36368	-4719.8647	-1986.5193	1537.2106	-176.13618	-4903.849	110.0	110.0	161699	-685.53845	4223.0303	2985.355	-64462.53	640.45654	16196.943	906.2568624019623
99	-2628.3325	2212.7039	-140.3814	-6839.957	-1434.8812	966.08765	-574.914	-3374.1028	110.0	110.0	163349	-656.4415	4262.7246	3051.9602	-65559.6	610.15234	16531.873	915.500168800354
100	-1976.19	1190.9331	-565.29346	-3994.27	-2427.9116	1200.6373	-682.4628	-4567.0923	110.0	110.0	164999	-663.4935	4338.236	3142.473	-66743.64	614.94556	16736.59	924.788063287735
