Epoch	AverageEpRet	StdEpRet	MaxEpRet	MinEpRet	AverageTestEpRet	StdTestEpRet	MaxTestEpRet	MinTestEpRet	EpLen	TestEpLen	TotalEnvInteracts	AverageQVals	StdQVals	MaxQVals	MinQVals	LossPi	LossQ	Time
1	-2462.563	243.91566	-2109.3943	-2895.1597	-2461.433	221.3603	-1989.6688	-2834.282	110.0	110.0	1649	-53.430748	21.324614	1.786934	-125.90189	51.31766	55.708763	6.83244252204895
2	-2481.4834	328.22208	-1957.0237	-3078.2112	-2748.965	651.2002	-1308.4113	-3439.315	110.0	110.0	3299	-155.30621	53.017944	-29.953552	-356.43063	152.64886	48.86897	17.13383650779724
3	-2669.4814	264.9521	-2052.9167	-2994.2922	-1776.5471	780.0497	-816.49414	-3282.6016	110.0	110.0	4949	-299.3437	63.87932	-125.77027	-553.10394	294.58743	93.34867	30.621177434921265
4	-2604.294	310.8041	-2015.2522	-3068.4504	-1140.6202	538.48987	-432.27365	-2081.4924	110.0	110.0	6599	-413.219	67.57563	-220.91357	-646.30145	403.90488	127.1098	42.598753929138184
5	-2748.3364	284.8115	-2213.8958	-3237.0232	-1294.3285	523.9031	-512.48816	-2298.0898	110.0	110.0	8249	-486.287	67.55067	-270.4733	-773.08514	472.99838	129.91896	54.530548334121704
6	-2624.0657	191.91478	-2345.9658	-2948.1606	-831.0713	392.41998	-286.85532	-1625.4247	110.0	110.0	9899	-537.3595	69.38597	-327.62027	-840.6509	523.1287	132.50966	66.05803918838501
7	-1179.5836	549.3159	-561.55963	-2214.5647	-892.2269	399.73877	-305.82095	-1688.7495	110.0	110.0	11549	-580.3962	77.980835	-357.0361	-917.02216	567.14703	127.67893	76.91570115089417
8	-942.47626	321.08112	-467.94357	-1574.842	-975.42175	484.0395	-271.41333	-1603.5302	110.0	110.0	13199	-606.2897	94.12313	-356.40005	-963.8278	592.5739	124.838936	87.5142068862915
9	-958.76917	401.8318	-242.00331	-1723.1351	-884.31757	421.17816	-260.40955	-1589.4465	110.0	110.0	14849	-612.9091	111.58435	-324.93005	-1067.0767	599.0264	124.13331	99.52848601341248
10	-953.79803	448.07236	-271.42203	-1670.7346	-848.82227	384.80472	-252.49017	-1599.5493	110.0	110.0	16499	-615.3116	117.705826	-304.5412	-1089.9131	601.5705	123.1142	111.82819986343384
11	-981.70667	345.39594	-475.43704	-1538.8588	-782.2446	462.83707	-232.90541	-1626.1959	110.0	110.0	18149	-609.4834	120.97319	-286.4289	-1095.3109	596.1226	115.451	123.2709608078003
12	-1038.0792	388.2914	-307.3983	-1494.2001	-760.4901	235.62755	-353.59885	-1303.5891	110.0	110.0	19799	-603.5309	121.55903	-287.3897	-1081.28	591.0445	112.382614	134.8905370235443
13	-988.55414	418.23337	-181.05515	-1605.264	-965.78467	388.49155	-423.92706	-1736.2626	110.0	110.0	21449	-598.8288	122.49704	-301.2477	-1051.3201	587.05005	104.755394	146.6885907649994
14	-475.048	200.45204	-64.274536	-724.35175	-639.0796	289.30548	-227.57584	-1068.6625	110.0	110.0	23099	-593.1416	123.57491	-277.28067	-1054.9497	581.9434	99.755875	160.60476684570312
15	-899.0989	351.33237	-274.4128	-1473.9529	-847.42303	390.39664	-444.96338	-1738.7007	110.0	110.0	24749	-586.50684	126.9513	-268.2393	-1050.5756	575.70386	94.57568	172.65858626365662
16	-590.9212	342.77383	-113.899216	-1124.5247	-704.75183	243.05681	-162.91287	-1116.3969	110.0	110.0	26399	-580.8112	129.82059	-250.58537	-1080.093	570.38043	91.82279	183.65806031227112
17	-1044.9822	542.91974	-316.2244	-2190.9502	-1170.5134	680.8286	-330.334	-2205.9927	110.0	110.0	28049	-572.9418	133.23984	-236.25533	-1075.5574	563.0075	91.40547	194.95801901817322
18	-742.13727	525.29724	-280.63077	-2543.1226	-890.99054	548.37225	-278.6901	-2241.34	110.0	110.0	29699	-568.80133	135.69826	-237.51175	-1081.2301	559.23676	91.90237	209.43111515045166
19	-773.5184	422.96228	-241.58153	-2073.6865	-981.2287	473.20773	-269.0709	-2074.11	110.0	110.0	31349	-559.01953	140.20053	-229.32343	-1081.0651	549.8382	87.63545	223.921373128891
20	-675.54175	431.4533	-176.76482	-1400.6503	-832.5375	356.76907	-294.06668	-1196.043	110.0	110.0	32999	-552.62616	143.87428	-220.24797	-1106.8336	543.5676	86.17827	234.92157292366028
21	-739.5095	295.45245	-231.76105	-1230.0323	-854.1107	373.2969	-357.48837	-1577.8834	110.0	110.0	34649	-545.22644	146.10716	-209.18893	-1145.209	536.3425	86.2215	245.67975425720215
22	-611.12103	329.0154	-263.83804	-1438.9563	-626.19586	241.27777	-250.72913	-1049.0367	110.0	110.0	36299	-539.5517	147.64171	-196.68974	-1169.9607	531.0069	86.38367	256.68406105041504
23	-765.5919	481.08594	-190.11159	-2023.3278	-745.09576	423.10083	-187.05833	-1508.0486	110.0	110.0	37949	-531.7207	150.78021	-191.74141	-1186.924	523.36896	85.08574	267.57439041137695
24	-642.34644	233.25443	-324.80933	-1201.3634	-655.43933	387.18588	-183.17946	-1427.1381	110.0	110.0	39599	-524.7367	155.57756	-172.0556	-1208.3898	516.43835	87.44206	278.56217432022095
25	-657.9978	255.64418	-197.07234	-1191.7334	-768.1765	244.95448	-509.49146	-1463.1989	110.0	110.0	41249	-516.5577	160.36308	-158.66551	-1218.1586	508.43405	87.225685	289.9890902042389
26	-702.69055	342.31726	-218.77907	-1227.5361	-679.4128	384.58633	-42.256107	-1389.1111	110.0	110.0	42899	-507.3996	164.913	-144.88493	-1250.5327	499.52942	86.353905	301.24444222450256
27	-769.9871	423.87604	-153.02943	-1972.7452	-664.5958	383.26193	-151.52838	-1365.6888	110.0	110.0	44549	-498.62396	167.51819	-125.669876	-1249.01	490.4103	87.9958	312.359751701355
28	-933.45776	479.54218	-206.03357	-1620.3695	-655.86176	242.89386	-221.64703	-1070.0475	110.0	110.0	46199	-489.3741	170.89877	-119.1064	-1248.3265	481.37274	87.97226	323.3590874671936
29	-775.7171	278.38882	-333.27588	-1341.589	-808.3727	436.7951	-202.32407	-1463.3535	110.0	110.0	47849	-483.23175	173.70848	-95.02569	-1245.7452	475.64426	88.67151	334.5789682865143
30	-725.36127	378.52542	-195.58049	-1773.5068	-808.86487	367.78375	-353.63748	-1696.0946	110.0	110.0	49499	-474.02676	176.48782	-68.021164	-1252.9644	466.40662	89.79604	345.92013216018677
31	-766.2184	481.32397	-132.69148	-1924.6575	-694.8673	654.5251	-192.09784	-2561.409	110.0	110.0	51149	-465.70798	179.53453	-47.33381	-1233.0321	458.32727	86.80994	358.0233039855957
32	-892.64764	524.5866	-301.71683	-1956.7424	-707.7384	342.38022	-314.07132	-1513.7426	110.0	110.0	52799	-459.3842	183.15245	-31.03885	-1239.1934	452.29395	87.12924	370.6382956504822
33	-651.8758	285.01974	-283.24103	-1221.3475	-513.3814	292.2158	-257.13748	-1134.2153	110.0	110.0	54449	-453.9061	186.55069	-17.562502	-1261.187	446.85556	85.97158	381.4969778060913
34	-574.6056	320.28854	-223.85007	-1495.3015	-934.9674	547.2095	-107.87296	-1864.68	110.0	110.0	56099	-445.1488	189.79488	-11.542789	-1284.6273	437.99887	87.729164	392.5058310031891
35	-629.53845	385.35837	-110.73395	-1380.8423	-850.5861	318.23102	-355.6308	-1381.3564	110.0	110.0	57749	-438.7932	192.19019	1.1888908	-1280.781	431.90637	88.686455	403.3985254764557
36	-479.69125	311.22006	-95.93989	-1394.8359	-597.86884	407.66904	-99.56255	-1579.1804	110.0	110.0	59399	-428.83447	193.91693	9.870136	-1283.2898	422.0579	85.13208	414.1892385482788
37	-791.2552	392.73364	-193.63658	-1489.7365	-842.77423	510.22467	-345.1801	-1911.3522	110.0	110.0	61049	-422.19394	195.43091	14.469672	-1266.4227	415.73865	87.529205	424.81925678253174
38	-497.60428	227.44225	-161.15677	-988.4639	-668.0043	358.15268	-133.94608	-1200.2733	110.0	110.0	62699	-417.17358	197.32933	19.689281	-1279.7677	410.64728	88.14061	435.3103356361389
39	-641.074	345.17462	-274.28812	-1509.4576	-1112.1965	374.08264	-508.5308	-1703.238	110.0	110.0	64349	-409.8433	199.48003	22.394588	-1278.5084	403.20355	88.22658	446.4349093437195
40	-850.2748	511.01895	-109.14703	-1716.4182	-859.66614	521.645	-229.16844	-1596.0037	110.0	110.0	65999	-400.1511	202.72025	38.167416	-1289.939	393.25623	87.95686	457.5400502681732
41	-660.2818	395.71643	-214.58867	-1709.7047	-847.16046	598.7457	-226.82454	-1976.8367	110.0	110.0	67649	-390.31433	203.9245	50.53112	-1291.0254	383.70236	88.74995	471.46158742904663
42	-617.5442	407.06174	-191.19293	-1671.9318	-659.41394	429.02707	-158.61626	-1450.4995	110.0	110.0	69299	-383.2933	205.96794	62.76852	-1292.1414	376.7494	86.41774	484.2484483718872
43	-729.82446	418.81296	-198.80634	-1737.872	-1215.8998	616.67126	-407.96924	-2187.1162	110.0	110.0	70949	-375.84003	208.46118	83.36165	-1289.8964	369.32236	88.89807	496.8309442996979
44	-502.34503	260.24942	-198.27338	-1221.4414	-653.24426	358.41507	-133.59473	-1270.5349	110.0	110.0	72599	-368.88147	209.57996	102.76077	-1282.3922	362.62653	88.79632	510.19971346855164
45	-829.8738	515.7286	-220.944	-1840.0675	-585.8644	274.86496	-242.75989	-1009.73596	110.0	110.0	74249	-364.01614	210.67583	114.59157	-1273.5449	357.89545	89.142075	521.2857928276062
46	-616.6892	378.55112	-230.4677	-1690.1069	-608.4239	218.52505	-288.69196	-861.33496	110.0	110.0	75899	-357.86084	211.85217	118.934555	-1281.5768	351.56708	88.67782	532.1118133068085
47	-733.4893	347.33167	-176.5851	-1349.9305	-715.1205	625.4385	-184.28964	-2005.1642	110.0	110.0	77549	-348.52747	213.29202	132.77242	-1290.2224	342.07745	89.11631	542.569011926651
48	-570.88385	219.9773	-337.7188	-1117.731	-762.6011	386.98477	-340.09235	-1440.256	110.0	110.0	79199	-339.70618	212.98697	133.16823	-1281.6704	333.3387	88.68302	552.7258977890015
49	-755.3232	456.36197	-178.87166	-1887.3351	-604.89374	465.3589	-142.27151	-1739.9086	110.0	110.0	80849	-332.68057	213.76894	138.6992	-1283.4568	326.34958	94.59119	564.025622844696
50	-637.64276	254.66342	-133.8026	-999.4341	-369.04752	197.096	-174.43	-878.8831	110.0	110.0	82499	-325.53262	213.76556	139.41803	-1284.3115	319.13947	92.97063	574.4397852420807
51	-557.88153	390.67908	-136.01247	-1517.8834	-817.8773	463.97574	-288.50165	-1766.3599	110.0	110.0	84149	-316.49097	214.16756	144.9529	-1293.7695	310.0416	92.615524	584.7519211769104
52	-485.01166	243.94777	-90.89676	-869.5545	-606.4674	144.91081	-343.97104	-815.1581	110.0	110.0	85799	-306.79	212.84709	155.00668	-1271.0991	300.15247	91.94472	595.3274743556976
53	-697.622	317.8748	-232.0075	-1228.4645	-538.21277	308.6478	-135.0299	-976.0394	110.0	110.0	87449	-294.5395	211.97371	155.02194	-1240.9198	287.99905	90.25776	606.8774871826172
54	-660.92096	328.46237	-217.4036	-1320.5737	-680.0279	325.9968	-284.37128	-1325.0737	110.0	110.0	89099	-285.13342	213.0879	150.1444	-1243.0632	278.50626	89.66238	617.1449084281921
55	-690.2097	299.90454	-368.8962	-1415.6504	-660.6122	383.6732	-320.5279	-1636.3624	110.0	110.0	90749	-275.55197	212.45865	152.28441	-1250.2654	269.12164	90.58565	628.5022299289703
56	-615.6772	312.12222	-208.74194	-1289.567	-812.8837	574.97253	-325.67166	-2253.7446	110.0	110.0	92399	-266.36877	214.2627	157.81184	-1229.6852	260.07504	92.52523	639.7816562652588
57	-495.46924	218.3307	-127.282166	-892.3661	-651.4944	302.82574	-351.0377	-1285.4833	110.0	110.0	94049	-257.39084	213.66269	173.86458	-1224.7491	251.0736	90.44794	650.4114770889282
58	-559.6982	295.60782	-226.82983	-1313.1058	-469.95148	121.24975	-214.4811	-634.44775	110.0	110.0	95699	-250.00647	214.97466	179.47415	-1221.5894	243.87674	87.97151	660.6993005275726
59	-501.99948	206.4925	-246.76683	-949.4896	-342.09283	184.11761	-95.71895	-574.1649	110.0	110.0	97349	-240.86226	215.65521	181.56592	-1221.5524	234.71538	90.29373	671.0061724185944
60	-572.53625	317.5453	-85.84664	-1036.3771	-423.5648	309.63696	-79.46601	-1194.8561	110.0	110.0	98999	-234.30269	216.04633	184.15164	-1238.8707	228.36375	91.9435	681.9245002269745
61	-694.5451	366.30167	-180.42056	-1596.0658	-641.7517	305.712	-213.85617	-1384.7976	110.0	110.0	100649	-228.03734	216.51848	199.592	-1234.3118	221.945	91.41111	692.516838312149
62	-629.08295	317.55838	-210.50317	-1424.6848	-572.63586	251.84592	-224.76097	-924.44293	110.0	110.0	102299	-220.54938	217.27446	199.71584	-1254.2625	214.48701	92.01593	704.3383040428162
63	-592.7527	301.80554	-184.39674	-1113.3632	-633.90796	351.7309	-207.32854	-1244.8291	110.0	110.0	103949	-213.20435	215.61288	208.04701	-1254.4917	207.0436	92.15846	715.1085278987885
64	-548.17615	330.43884	-173.35089	-1452.7041	-464.57672	255.85103	-89.54616	-917.08966	110.0	110.0	105599	-203.32253	215.29218	211.60707	-1250.6224	197.04674	92.0486	726.1503758430481
65	-450.48605	238.12117	-115.583435	-891.83344	-610.43835	276.27338	-345.76575	-1293.5433	110.0	110.0	107249	-193.39108	215.13205	225.52203	-1241.0538	187.08925	91.28502	736.8346779346466
66	-534.9739	246.96353	-167.85637	-1101.1221	-583.5976	274.46832	-259.33063	-1080.5256	110.0	110.0	108899	-182.94774	215.69899	240.83025	-1253.1005	176.85301	90.96607	747.6543660163879
67	-538.98724	282.91232	-163.54164	-1145.5723	-538.9083	248.51677	-240.12743	-1024.2908	110.0	110.0	110549	-174.63301	214.7639	241.26465	-1231.9572	168.44864	92.7368	759.1644508838654
68	-653.76227	379.5016	-219.12035	-1563.8159	-369.02182	264.77402	-70.054146	-964.33484	110.0	110.0	112199	-164.57228	213.59251	253.93703	-1212.747	158.67809	93.43556	770.297208070755
69	-680.3475	353.5815	-186.38258	-1661.7142	-563.38586	301.8289	-188.60806	-1143.6873	110.0	110.0	113849	-159.51581	213.9667	265.99213	-1194.3883	153.65643	93.44622	781.1421377658844
70	-518.69916	319.58453	-194.20464	-1255.9941	-590.7066	378.25412	-59.268562	-1375.7871	110.0	110.0	115499	-154.54224	213.22841	274.02557	-1183.9402	148.87086	89.890976	791.9194688796997
71	-637.0442	364.38446	-133.10493	-1438.6737	-585.224	370.71368	-99.24485	-1402.3743	110.0	110.0	117149	-148.52774	213.38562	284.69287	-1170.1726	142.65042	89.018936	803.4329681396484
72	-467.83698	260.26056	-56.442665	-1102.0898	-486.9201	311.79144	-185.70192	-1188.8535	110.0	110.0	118799	-142.6464	212.78125	298.5013	-1172.2897	136.8068	93.64399	814.0615518093109
73	-480.3151	215.56902	-177.70737	-918.9651	-636.1893	225.43553	-198.04382	-956.7751	110.0	110.0	120449	-137.03079	212.62653	308.21704	-1178.969	131.49466	90.1111	824.8434422016144
74	-458.16632	252.05043	-86.59631	-909.54175	-515.8767	198.00356	-154.92291	-806.9495	110.0	110.0	122099	-134.32083	214.11555	318.4744	-1186.957	128.71544	92.89294	836.0534434318542
75	-576.26984	396.9037	-95.550255	-1747.404	-569.66583	198.22568	-276.0456	-911.0164	110.0	110.0	123749	-128.93275	215.36963	316.42145	-1195.9324	123.38841	93.83923	846.6757912635803
76	-633.1973	401.34793	-213.50467	-1526.9595	-544.4152	283.9204	-143.88373	-1099.5256	110.0	110.0	125399	-123.21506	217.5013	323.5212	-1205.6176	117.60405	98.11275	857.2120666503906
77	-537.43304	310.5846	-184.5384	-1198.8312	-789.7368	493.9888	-350.147	-1762.8816	110.0	110.0	127049	-119.08422	217.89708	326.3253	-1190.6495	113.43588	98.0614	868.3350462913513
78	-496.6763	235.42941	-76.54715	-999.5203	-401.93158	311.57578	-54.00492	-1259.366	110.0	110.0	128699	-115.48835	219.20824	332.56635	-1194.4603	109.90892	97.999245	879.0846529006958
79	-815.5805	601.1656	-109.179825	-1918.4181	-462.04947	245.22261	-160.06245	-952.372	110.0	110.0	130349	-111.465805	221.62532	334.57855	-1189.3488	106.07129	98.66021	890.0581817626953
80	-462.9852	167.94098	-114.04774	-764.89484	-525.8861	288.5183	-67.81964	-1209.0331	110.0	110.0	131999	-109.71887	223.3353	340.2083	-1184.3884	104.0309	102.483444	903.008362531662
81	-529.67426	206.27509	-220.2448	-1061.875	-655.4834	337.76303	-264.1051	-1541.7666	110.0	110.0	133649	-104.966354	224.73154	353.16946	-1182.5092	99.46632	97.76281	915.029186964035
82	-483.0098	172.79277	-206.18033	-826.657	-434.19867	137.76901	-187.49629	-625.02655	110.0	110.0	135299	-99.767845	224.05464	362.0324	-1198.3312	94.09433	99.127396	926.0888116359711
83	-461.36633	186.52104	-132.6368	-866.10675	-516.6293	273.1521	-262.66348	-1279.8972	110.0	110.0	136949	-92.11416	222.75775	376.7116	-1174.0991	86.310455	100.06167	937.7482604980469
84	-439.41315	231.28035	-147.988	-957.97	-434.41797	188.9645	-162.94397	-814.27057	110.0	110.0	138599	-82.75432	218.87057	386.54285	-1179.6902	76.77362	98.942024	950.287347316742
85	-627.51404	365.0876	-197.27328	-1428.2515	-543.9627	218.7932	-158.10403	-903.2639	110.0	110.0	140249	-76.70453	218.52098	394.6452	-1192.6882	70.866196	98.93298	961.781022310257
86	-475.97818	206.02643	-205.85655	-953.4321	-478.24933	208.43793	-153.58241	-931.386	110.0	110.0	141899	-69.21665	215.74928	393.41245	-1189.6598	63.486458	98.362366	973.1073186397552
87	-550.51404	352.38727	-175.66393	-1493.8253	-608.5194	277.1744	-236.41563	-1192.5048	110.0	110.0	143549	-63.20529	214.89558	391.09064	-1183.9813	57.359165	97.11584	984.7240278720856
88	-486.15054	260.0499	-181.87688	-994.2426	-509.1573	215.15913	-255.90477	-889.07025	110.0	110.0	145199	-55.20265	214.42633	390.63297	-1165.0459	49.336807	98.35683	997.4772348403931
89	-613.30817	355.02435	-207.47409	-1712.9745	-715.6312	292.31696	-347.43298	-1435.202	110.0	110.0	146849	-47.42119	214.1052	390.2435	-1175.5847	41.469044	97.29973	1009.104124546051
90	-658.32434	307.5789	-217.71887	-1516.2721	-486.8104	215.26483	-129.41405	-868.5595	110.0	110.0	148499	-41.03617	212.76746	382.73822	-1128.8518	35.51056	98.72303	1020.4432771205902
91	-583.85956	287.11258	-169.52948	-1259.8457	-445.97168	217.51636	-240.42027	-972.4029	110.0	110.0	150149	-37.801754	211.71248	373.89142	-1112.1129	32.49541	96.41688	1033.2244260311127
92	-453.1149	164.59479	-209.50876	-900.47003	-573.13257	175.91887	-254.08429	-776.6139	110.0	110.0	151799	-35.034523	209.7723	379.01453	-1072.2689	29.579235	94.887405	1046.2328605651855
93	-506.27823	174.52936	-291.08664	-961.25385	-538.0321	402.78793	-120.31513	-1270.4492	110.0	110.0	153449	-32.525238	207.46548	384.24564	-1064.659	27.23032	94.17282	1058.1259751319885
94	-581.10455	348.83228	-163.23126	-1358.422	-812.0592	478.1151	-307.1076	-1902.5886	110.0	110.0	155099	-30.660051	207.01845	374.43762	-1055.766	25.382732	95.565315	1070.5232546329498
95	-412.02734	199.8032	-131.29805	-894.46967	-500.10718	268.0481	-238.09679	-1203.5148	110.0	110.0	156749	-29.59298	206.23854	373.03104	-1028.1815	24.430824	91.45256	1082.584297657013
96	-506.71158	253.31355	-239.26115	-1107.9974	-421.33536	229.4901	-181.16829	-991.11884	110.0	110.0	158399	-26.360392	204.68289	387.99576	-998.37036	20.922543	96.73509	1094.6970121860504
97	-450.1292	235.27692	-174.50185	-1036.6163	-864.904	230.93047	-549.2691	-1323.6046	110.0	110.0	160049	-21.18726	202.65846	381.36798	-985.60333	15.77754	93.27135	1107.1377577781677
98	-517.12036	244.0738	-138.21664	-1013.9571	-510.3336	355.74588	-94.89874	-1252.9968	110.0	110.0	161699	-19.293722	203.44707	386.41852	-931.7222	14.133113	93.53761	1119.5282943248749
99	-535.8742	287.3899	-104.894196	-1129.6007	-573.3172	284.78864	-229.87343	-1221.8406	110.0	110.0	163349	-16.03037	205.12755	386.43497	-892.4959	10.766159	91.05919	1130.6779999732971
100	-481.59528	217.98328	-99.02676	-1004.6595	-455.23828	202.9293	-152.12234	-777.3539	110.0	110.0	164999	-14.543127	205.26787	401.73456	-886.1082	9.209121	92.011185	1141.6678352355957
