Epoch	AverageEpRet	StdEpRet	MaxEpRet	MinEpRet	AverageTestEpRet	StdTestEpRet	MaxTestEpRet	MinTestEpRet	EpLen	TestEpLen	TotalEnvInteracts	AverageQVals	StdQVals	MaxQVals	MinQVals	LossPi	LossQ	Time
1	-2680.007	233.67677	-2361.7107	-3055.856	-2654.0042	385.74503	-1956.5144	-3380.4636	110.0	110.0	1649	-46.259148	20.409569	0.2845311	-104.538445	45.027534	53.32755	4.4765660762786865
2	-2710.969	177.59299	-2253.66	-3015.1536	-2583.5842	394.53128	-1932.0468	-3166.4648	110.0	110.0	3299	-162.41391	54.31028	-40.923695	-355.65555	160.2024	32.20253	13.52236008644104
3	-2759.2178	208.17244	-2378.0872	-3097.5037	-2604.0906	493.53906	-1832.8708	-3654.656	110.0	110.0	4949	-320.73526	60.908207	-134.33292	-576.2258	315.7008	62.7557	22.26022219657898
4	-2724.4456	226.01173	-2276.9084	-3177.439	-1759.5455	598.93115	-358.8734	-2540.2263	110.0	110.0	6599	-456.61285	65.21348	-241.81369	-700.8513	449.76114	76.67292	30.885571479797363
5	-2808.5515	135.14728	-2495.6704	-3065.2969	-2238.1848	794.12787	-1148.78	-3458.6877	110.0	110.0	8249	-578.2402	70.04067	-359.95105	-837.3115	570.1442	86.15654	39.961527585983276
6	-2660.6006	218.71361	-2291.7903	-3049.4275	-2335.509	699.24866	-450.39008	-3064.2183	110.0	110.0	9899	-682.94684	77.1439	-450.78064	-972.68604	674.3063	83.58536	48.48147773742676
7	-1897.3099	760.31805	-403.28064	-3613.613	-1697.0035	503.37805	-1006.0832	-2884.1807	110.0	110.0	11549	-786.22034	85.95503	-542.7899	-1131.7227	778.06	79.06628	58.02415227890015
8	-1725.7891	449.2508	-1045.021	-2439.2007	-1487.407	638.4438	-439.1481	-2452.5376	110.0	110.0	13199	-871.01605	100.5152	-606.85785	-1244.641	863.6322	77.25916	67.02357411384583
9	-1690.5974	547.82697	-648.6578	-3205.5662	-1513.5355	362.676	-766.181	-2128.366	110.0	110.0	14849	-950.58997	113.42779	-659.2777	-1353.8292	943.67365	78.38285	76.31700301170349
10	-1323.4016	505.4499	-566.2926	-2149.647	-1739.1584	469.71344	-1237.3625	-2454.9927	110.0	110.0	16499	-1019.04895	126.624855	-714.59076	-1458.4822	1012.1199	80.73352	85.69299602508545
11	-1620.9547	487.42508	-409.0804	-2321.8352	-1449.1567	668.1223	-661.63745	-2456.6301	110.0	110.0	18149	-1078.9993	136.39943	-760.73456	-1553.0074	1071.9587	84.01114	93.45680952072144
12	-1622.4215	480.41364	-794.96606	-2432.915	-1587.0128	612.5585	-582.76263	-2269.0115	110.0	110.0	19799	-1132.5311	143.66866	-803.332	-1635.0459	1125.5117	88.58808	101.09548425674438
13	-1631.7712	493.1495	-551.3097	-2783.4067	-1600.2076	685.0977	-606.1852	-2385.89	110.0	110.0	21449	-1181.1527	150.23706	-848.0129	-1710.8226	1174.4359	90.91699	108.74824905395508
14	-1609.2964	349.22845	-852.4437	-2170.2285	-1688.6403	454.4027	-962.6673	-2349.9473	110.0	110.0	23099	-1225.8944	156.55168	-884.499	-1807.0983	1219.264	93.71586	116.1374843120575
15	-1351.2219	484.03598	-762.6632	-2422.174	-994.0897	610.6903	-346.38632	-2153.2268	110.0	110.0	24749	-1266.4639	162.19	-911.78973	-1871.9812	1260.0515	94.81871	123.53250336647034
16	-1418.8446	499.98956	-241.82004	-2308.0198	-1691.1904	386.13425	-1170.8485	-2474.4114	110.0	110.0	26399	-1303.8175	169.21637	-944.9697	-1945.5872	1297.7056	95.532005	130.9567928314209
17	-1220.6628	543.28296	-325.84348	-2107.2527	-1750.491	529.0765	-992.26514	-2604.9724	110.0	110.0	28049	-1337.1019	176.77588	-971.7549	-2026.093	1331.1243	98.258316	138.3330671787262
18	-1656.1349	633.5501	-864.3501	-3009.882	-1548.904	544.7428	-647.4011	-2359.8435	110.0	110.0	29699	-1369.7269	186.62086	-1001.0421	-2083.44	1363.8882	101.557724	146.06314706802368
19	-1549.3943	435.27197	-569.3198	-2275.9077	-1333.134	493.3154	-328.2784	-2261.0334	110.0	110.0	31349	-1401.7318	195.1331	-1032.6646	-2159.6853	1396.0608	103.35859	153.43055272102356
20	-1462.7072	541.1635	-363.30646	-2313.5144	-1644.6648	605.2083	-946.4248	-2584.9458	110.0	110.0	32999	-1430.9601	203.38109	-1053.0371	-2207.565	1425.1193	108.33453	160.81534504890442
21	-1352.3098	481.6222	-663.45197	-2369.9434	-1270.5282	567.3977	-257.46378	-1987.101	110.0	110.0	34649	-1456.4624	211.2622	-1060.1018	-2243.2483	1450.6967	107.96954	168.55475282669067
22	-1314.3344	504.71405	-568.9713	-2273.6826	-1656.1381	553.4186	-771.5203	-2389.0972	110.0	110.0	36299	-1477.1903	217.79306	-1064.7594	-2271.9966	1471.471	108.45647	176.21546816825867
23	-1317.85	331.38153	-743.5566	-2034.5677	-1510.5168	861.04553	-266.41522	-3117.253	110.0	110.0	37949	-1492.9121	222.33974	-1067.1097	-2313.6477	1487.3102	109.22412	183.74042463302612
24	-1479.5715	441.14786	-427.39758	-2291.7249	-1304.9617	533.21295	-558.009	-2625.1736	110.0	110.0	39599	-1515.1307	230.16649	-1067.8314	-2369.5437	1509.3303	111.15527	193.13061714172363
25	-1571.0367	665.20514	-392.4842	-2940.22	-1183.7153	326.15778	-595.1835	-1616.9954	110.0	110.0	41249	-1532.3407	238.24678	-1067.7395	-2391.8855	1526.4554	113.578384	202.32134222984314
26	-1412.3945	575.4888	-509.4364	-2351.413	-1344.5829	571.5797	-219.35133	-2363.223	110.0	110.0	42899	-1545.6677	247.33957	-1054.9762	-2440.914	1540.1104	115.32957	211.72663116455078
27	-1227.0482	543.519	-462.59296	-2202.2861	-1377.685	680.8174	-186.2272	-2261.7698	110.0	110.0	44549	-1561.6895	259.16937	-1055.5055	-2464.2356	1556.0309	116.33341	220.94644618034363
28	-1284.3275	511.6259	-334.5904	-2360.6116	-1421.147	516.83777	-283.61157	-2114.859	110.0	110.0	46199	-1568.758	268.59003	-1049.6045	-2526.1006	1563.0197	115.507385	229.85693359375
29	-1188.4733	495.58286	-509.8511	-2287.8882	-1123.2249	658.1905	-177.77422	-2229.0354	110.0	110.0	47849	-1578.5033	277.38525	-1038.9675	-2537.8816	1572.6704	120.575455	239.19171619415283
30	-1571.4526	627.9517	-491.0518	-2824.8765	-1411.9724	569.0644	-627.20856	-2441.088	110.0	110.0	49499	-1582.2854	286.27036	-1032.2821	-2598.687	1576.6309	124.61394	248.54573130607605
31	-1337.0785	633.54395	-342.19223	-2476.5955	-1716.7883	552.27057	-831.9107	-2623.4832	110.0	110.0	51149	-1588.1183	294.746	-1017.1848	-2634.855	1582.5891	125.74369	257.5175738334656
32	-1292.0929	658.49677	-128.1003	-2736.3135	-1215.0195	412.91476	-653.7967	-2102.8142	110.0	110.0	52799	-1593.8864	305.43723	-996.77014	-2654.979	1588.2731	129.92555	266.7324728965759
33	-1383.0758	407.31863	-518.90814	-2070.563	-1417.5631	587.98254	-398.78488	-2532.4236	110.0	110.0	54449	-1600.0211	316.0113	-977.8998	-2700.9072	1594.3528	130.91724	274.44209337234497
34	-1393.8477	454.21463	-618.8316	-2219.9778	-2459.05	850.43774	-439.514	-3280.846	110.0	110.0	56099	-1603.3245	326.03323	-960.0341	-2717.7993	1597.5496	132.3955	282.1720416545868
35	-1251.7838	577.3997	-503.49954	-2096.2388	-1328.8596	720.0577	-290.6467	-2598.6343	110.0	110.0	57749	-1604.0737	334.53317	-944.5322	-2752.4917	1598.4819	134.87366	289.88746976852417
36	-1308.8523	476.19296	-361.47516	-2044.1112	-1430.6046	718.8633	-376.75443	-2472.8813	110.0	110.0	59399	-1603.1392	342.5324	-932.6774	-2788.762	1597.6168	134.81158	297.67329144477844
37	-1412.9371	539.88684	-466.07086	-2657.5913	-1211.3413	710.6004	-342.6554	-2542.5532	110.0	110.0	61049	-1606.1626	349.74863	-912.64764	-2804.8345	1600.5568	138.6941	305.1444444656372
38	-1497.971	662.14276	-101.72095	-2982.2874	-1211.0713	536.0916	-496.96103	-2381.8438	110.0	110.0	62699	-1611.7836	357.02246	-897.9142	-2817.0657	1606.2418	140.04245	312.9040775299072
39	-1363.361	572.71735	-365.52112	-2461.3782	-1185.3893	544.51416	-206.41957	-2180.1238	110.0	110.0	64349	-1608.2031	362.8744	-884.85864	-2850.5112	1602.6075	139.4751	320.6075551509857
40	-1174.079	469.42172	-356.5505	-2149.0815	-1296.3118	531.3306	-415.259	-2163.3823	110.0	110.0	65999	-1614.697	372.30115	-869.95215	-2869.1292	1609.3636	142.55695	328.4367890357971
41	-1102.021	495.22604	-405.08505	-1941.4626	-1635.1865	624.32513	-828.0101	-2833.5315	110.0	110.0	67649	-1612.3037	378.43692	-859.39734	-2889.2678	1606.5172	143.1399	337.7371642589569
42	-1159.8766	483.52106	-477.6444	-2173.3623	-1398.8043	652.13696	-497.01758	-2627.9087	110.0	110.0	69299	-1603.5598	379.18372	-850.70044	-2892.9	1597.606	143.36858	347.17786979675293
43	-1484.6309	556.33295	-562.87	-2446.3062	-1354.7026	493.5175	-524.1905	-2071.4324	110.0	110.0	70949	-1600.1056	380.125	-842.9937	-2894.8665	1593.8896	144.24489	357.0769922733307
44	-982.1013	377.7309	-334.3816	-1591.8059	-1153.3398	376.04175	-661.8123	-1962.4047	110.0	110.0	72599	-1593.4895	379.3622	-829.9445	-2875.5706	1587.4624	143.51921	366.4596428871155
45	-1176.986	658.06537	-360.2346	-2199.843	-1111.7765	465.12466	-91.07203	-1573.489	110.0	110.0	74249	-1589.233	383.07568	-794.2589	-2888.3645	1583.2058	145.91881	375.9551546573639
46	-1222.5944	510.4599	-523.80054	-2280.932	-1241.8325	336.44583	-736.9823	-1890.2855	110.0	110.0	75899	-1580.8894	383.21393	-772.89233	-2928.1226	1574.7451	140.63673	385.43883776664734
47	-993.6891	330.22964	-418.47983	-1525.3934	-829.8473	545.17664	-142.57446	-2108.9526	110.0	110.0	77549	-1570.2384	382.6538	-755.76556	-2938.3467	1563.7394	139.2428	393.5072193145752
48	-1215.6665	391.6076	-347.10944	-1724.7637	-827.4579	329.9204	-398.12122	-1558.9414	110.0	110.0	79199	-1552.4454	380.93805	-748.4744	-2925.8958	1545.4213	136.61919	401.23938941955566
49	-1000.1338	496.99594	-307.97397	-2328.6807	-1122.986	378.9052	-542.3843	-1856.4744	110.0	110.0	80849	-1534.7133	381.82498	-748.7696	-2910.718	1527.6155	134.73407	408.7342507839203
50	-1061.0524	458.04175	-190.81471	-1665.8955	-945.5438	348.71158	-379.45096	-1531.6256	110.0	110.0	82499	-1511.853	384.3734	-722.51294	-2894.3743	1504.4202	129.03624	416.5919554233551
51	-1077.4486	429.36884	-387.1088	-1836.2535	-706.81323	321.86227	-163.52402	-1126.8462	110.0	110.0	84149	-1488.2681	381.6043	-694.0523	-2858.5474	1480.4031	123.69538	424.2147846221924
52	-792.9255	536.883	-283.3865	-1984.1011	-1196.9451	547.9847	-311.96472	-2193.8928	110.0	110.0	85799	-1464.1337	379.1664	-662.55505	-2819.1892	1456.0239	122.47078	431.76508498191833
53	-910.6735	345.4805	-333.5763	-1432.8842	-759.4496	600.84955	-239.67883	-2369.728	110.0	110.0	87449	-1435.4362	375.38354	-636.6846	-2753.3267	1427.2733	118.00765	439.64728832244873
54	-933.13104	339.1434	-190.35782	-1599.8373	-935.0615	574.0841	-231.19878	-2122.2805	110.0	110.0	89099	-1408.4252	369.42804	-615.73517	-2736.8296	1399.9542	116.306244	447.558744430542
55	-1157.9049	508.59653	-532.2719	-2146.1873	-618.47174	258.03183	-165.22478	-1120.4156	110.0	110.0	90749	-1382.2957	364.74945	-599.7721	-2687.1133	1373.8248	113.9721	455.0980405807495
56	-835.55	392.98468	-271.16098	-1659.1565	-1004.216	363.98022	-336.38528	-1419.7711	110.0	110.0	92399	-1356.6024	362.47412	-582.0095	-2662.557	1347.9603	113.931625	463.03516244888306
57	-1189.405	490.97708	-370.91077	-2016.6858	-1031.3418	440.48718	-332.08954	-1595.3912	110.0	110.0	94049	-1327.614	357.04196	-570.77673	-2613.623	1319.0176	112.64089	470.6311740875244
58	-990.5824	468.75073	-410.29263	-1947.5878	-1051.4714	671.4212	-162.99205	-2297.336	110.0	110.0	95699	-1298.57	349.27206	-564.09735	-2550.2417	1289.9447	113.330055	478.5240125656128
59	-823.3194	394.70752	-323.95197	-1347.8428	-1347.4684	658.7893	-400.93646	-2371.8606	110.0	110.0	97349	-1272.5344	343.34274	-553.80615	-2501.0862	1264.0885	110.80265	486.4333472251892
60	-933.3441	487.76163	-331.53583	-2153.7898	-1027.0388	304.28934	-553.99457	-1424.5609	110.0	110.0	98999	-1246.3756	336.19107	-546.89307	-2444.11	1237.802	109.319885	493.99017810821533
61	-1102.4355	470.50317	-428.7431	-2231.555	-1304.2456	514.60657	-223.92647	-2216.1753	110.0	110.0	100649	-1222.931	329.55963	-532.83167	-2431.6958	1214.4999	108.82836	501.90078926086426
62	-1060.4409	371.00983	-512.5176	-1851.2744	-816.75604	464.78113	-203.39615	-1516.9014	110.0	110.0	102299	-1198.1647	324.04175	-523.37665	-2385.3135	1189.8522	105.84795	509.8198344707489
63	-1251.9054	418.229	-519.5365	-1984.7576	-1002.575	382.19345	-469.5623	-1474.1018	110.0	110.0	103949	-1177.4121	320.13193	-514.27277	-2376.4702	1169.4329	101.82153	517.7419536113739
64	-984.3802	389.3339	-260.7867	-1546.7992	-968.60333	513.90137	-283.51892	-1804.4845	110.0	110.0	105599	-1159.8285	316.13672	-505.48297	-2372.301	1152.1268	99.46302	525.6539664268494
65	-1055.9211	459.6745	-366.20065	-1794.7528	-646.87964	323.89117	-230.7772	-1206.3167	110.0	110.0	107249	-1143.5447	313.43317	-501.94446	-2324.5742	1135.8561	99.44589	533.5188899040222
66	-946.0406	517.0882	-191.2589	-1931.9039	-789.6556	300.30576	-199.99626	-1364.0812	110.0	110.0	108899	-1129.3925	309.85007	-500.92966	-2352.8337	1121.6019	97.93723	542.618319272995
67	-964.2805	443.2089	-220.15031	-1683.9318	-900.47736	310.5092	-248.62923	-1392.5006	110.0	110.0	110549	-1109.3569	306.22397	-480.09348	-2325.6357	1101.5819	96.7472	551.9586923122406
68	-871.652	254.33684	-318.27127	-1232.0331	-1018.4801	714.1817	-65.55617	-2108.987	110.0	110.0	112199	-1095.4565	304.60492	-462.3001	-2363.1687	1087.7668	95.73168	561.6757004261017
69	-959.60944	364.04828	-419.51602	-1628.7983	-806.2787	561.15826	-216.55179	-1908.9702	110.0	110.0	113849	-1078.0305	303.334	-445.75558	-2341.3906	1070.2175	94.16743	571.3534877300262
70	-869.3212	353.31714	-393.59113	-1693.06	-1014.3214	337.6897	-514.12573	-1877.3828	110.0	110.0	115499	-1060.8037	301.87564	-417.66763	-2330.3193	1053.1173	94.30059	580.9350142478943
71	-1026.2405	337.29028	-544.9202	-1817.0004	-837.10675	493.25986	-245.13582	-1656.5096	110.0	110.0	117149	-1048.4912	301.10794	-403.23352	-2259.1545	1040.7795	93.705925	590.5912320613861
72	-958.7936	438.4924	-428.90445	-1882.5497	-1166.5093	520.3146	-275.37354	-1908.771	110.0	110.0	118799	-1033.4741	299.30283	-395.5414	-2268.1438	1025.8386	92.59991	600.0719289779663
73	-854.2052	330.89987	-233.63335	-1446.3912	-897.3893	517.7362	-191.58476	-1758.0609	110.0	110.0	120449	-1020.0092	298.05017	-392.60287	-2225.5166	1012.5811	90.27007	609.826831817627
74	-974.10956	494.29767	-395.3586	-1947.562	-745.66736	543.0748	-14.347313	-1816.835	110.0	110.0	122099	-1007.8554	297.4004	-390.36395	-2216.2625	1000.2835	92.26009	617.7207202911377
75	-898.54724	485.61368	-311.06024	-1985.8243	-717.8486	221.19383	-404.98438	-1062.8452	110.0	110.0	123749	-992.9764	296.49033	-380.6299	-2192.5322	985.24817	92.29847	625.3129181861877
76	-877.84515	405.55957	-247.1669	-1822.7677	-682.7784	334.2072	-271.22635	-1242.8658	110.0	110.0	125399	-976.3488	294.27994	-369.37137	-2181.354	968.507	93.9583	632.9390003681183
77	-837.65875	379.5861	-309.01108	-1648.2355	-652.2187	275.49265	-297.4638	-1188.305	110.0	110.0	127049	-960.2556	294.42197	-371.80133	-2171.6777	952.3255	93.05615	640.5165028572083
78	-786.2992	372.66315	-227.98212	-1500.7795	-981.41095	392.0965	-422.55707	-1491.7445	110.0	110.0	128699	-942.01074	294.2592	-369.4901	-2179.7075	934.0977	94.054924	648.4482471942902
79	-882.59	368.80173	-205.20671	-1439.265	-765.7388	450.85236	-231.40169	-1505.3893	110.0	110.0	130349	-923.4566	292.7667	-356.3733	-2159.669	915.4172	92.55033	656.6433362960815
80	-903.0738	443.36108	-145.77509	-1681.887	-545.16223	232.17407	-261.50992	-1125.8099	110.0	110.0	131999	-909.07104	288.2142	-347.87418	-2142.1504	901.1159	90.544525	664.5388114452362
81	-786.0081	339.9455	-385.1939	-1530.0222	-828.10693	239.31314	-422.71808	-1222.7719	110.0	110.0	133649	-894.0058	283.9612	-351.02332	-2118.1658	886.1306	90.49805	672.520919084549
82	-746.4134	277.22562	-326.40555	-1347.2322	-574.89984	525.741	-143.53542	-1964.7786	110.0	110.0	135299	-880.2404	281.3384	-347.0097	-2122.7578	872.4447	89.900246	680.527839422226
83	-722.5557	233.84303	-400.80542	-1230.0988	-769.2558	413.61795	-268.01047	-1673.7122	110.0	110.0	136949	-864.5257	278.57632	-330.17813	-2084.7134	856.7743	87.55161	688.563196182251
84	-674.2748	371.2183	-320.44635	-1625.6398	-528.02	341.55966	-128.04793	-1111.2999	110.0	110.0	138599	-849.0464	275.9084	-318.67987	-2056.593	841.3277	86.10349	696.6242845058441
85	-742.00433	383.94788	-179.21027	-1646.577	-431.2539	266.04785	-101.518135	-968.23694	110.0	110.0	140249	-836.46014	273.55963	-322.19562	-2011.9242	828.80096	85.00349	704.6470482349396
86	-632.60846	277.85168	-289.775	-1215.4681	-410.8072	232.06252	-117.7344	-958.9165	110.0	110.0	141899	-824.18805	273.1643	-307.43784	-2025.7687	816.7399	82.25975	712.5435376167297
87	-666.864	295.4952	-211.94815	-1292.8511	-833.84607	376.52628	-51.56747	-1378.0027	110.0	110.0	143549	-812.91	272.10144	-295.95694	-1921.5605	805.4473	80.266716	721.7406830787659
88	-736.5745	372.7659	-227.86739	-1435.1945	-743.9732	265.68076	-321.03757	-1173.2893	110.0	110.0	145199	-802.50543	269.17035	-278.29648	-1907.2003	795.17365	78.62398	731.4676871299744
89	-609.11395	286.13672	-242.72635	-1388.449	-776.8182	404.09033	-196.26808	-1612.4095	110.0	110.0	146849	-791.2559	264.8593	-271.3062	-1874.8842	784.05054	77.724236	741.1055536270142
90	-595.08356	351.96252	-198.0464	-1602.5494	-714.0653	351.4196	-171.56412	-1443.7816	110.0	110.0	148499	-784.2172	262.88013	-265.78214	-1869.2683	777.1164	78.34017	750.5415594577789
91	-599.14417	316.886	-72.85507	-1181.1667	-659.50256	366.808	-104.30641	-1392.6382	110.0	110.0	150149	-773.6617	258.97458	-245.36932	-1829.0905	766.3143	76.7705	760.0221092700958
92	-773.97864	272.50867	-437.27728	-1203.8345	-436.63495	252.22595	-153.74315	-977.9549	110.0	110.0	151799	-761.9588	256.47015	-245.01837	-1823.4762	754.60114	76.265366	769.1759116649628
93	-662.8738	335.67032	-227.40236	-1295.3951	-639.5593	360.4026	-111.59632	-1159.7668	110.0	110.0	153449	-753.1709	256.0531	-226.3568	-1766.6302	745.95624	74.43821	778.3627495765686
94	-680.2847	347.71567	-122.00897	-1290.2942	-646.428	205.52887	-320.91672	-960.57635	110.0	110.0	155099	-742.7267	253.939	-220.37862	-1777.846	735.48486	73.24691	788.0538082122803
95	-555.3523	202.0248	-218.35832	-962.315	-671.8966	256.60757	-277.22305	-1065.8118	110.0	110.0	156749	-734.2946	253.12065	-205.00131	-1758.6307	727.2897	71.952225	797.722003698349
96	-673.009	331.42795	-264.20877	-1422.1781	-552.40875	321.94656	-179.12671	-1026.0853	110.0	110.0	158399	-724.3572	251.7458	-196.38103	-1764.1837	717.3586	70.825775	807.0408201217651
97	-602.08295	208.33128	-304.97525	-1029.8695	-679.4966	213.46352	-262.88876	-1063.658	110.0	110.0	160049	-716.79016	250.49805	-191.74724	-1766.9077	709.9312	69.72237	816.6697232723236
98	-635.65094	301.8958	-250.2178	-1247.2585	-637.98553	261.00757	-256.04227	-1032.6954	110.0	110.0	161699	-709.00085	248.80093	-189.83163	-1749.5305	702.2076	69.43706	826.0013020038605
99	-561.0918	308.0111	-187.5911	-1043.8208	-793.77924	309.70276	-356.0825	-1385.4131	110.0	110.0	163349	-702.4521	247.31244	-187.10359	-1739.926	695.6562	67.60353	835.3545105457306
100	-574.2838	248.33278	-137.6566	-1093.995	-678.6986	306.3206	-99.42828	-1092.3561	110.0	110.0	164999	-694.72375	245.10799	-182.67331	-1721.4537	687.87787	66.01701	845.0787875652313
