Epoch	AverageEpRet	StdEpRet	MaxEpRet	MinEpRet	AverageTestEpRet	StdTestEpRet	MaxTestEpRet	MinTestEpRet	EpLen	TestEpLen	TotalEnvInteracts	AverageQVals	StdQVals	MaxQVals	MinQVals	LossPi	LossQ	Time
1	-6248.299	1816.1111	-3953.0298	-10342.278	-8254.066	2214.619	-5283.74	-12422.715	110.0	110.0	1649	-103.5334	61.218185	1.232904	-392.4497	99.10095	1166.4989	4.88583517074585
2	-6813.5215	2307.6663	-4572.402	-12303.859	-5235.1025	2277.8188	-500.4996	-8850.952	110.0	110.0	3299	-352.50925	166.37834	-46.850613	-1090.7524	339.46765	1075.9156	12.521738290786743
3	-7588.133	1782.8499	-4449.1245	-10419.819	-3968.3328	3267.1174	-844.00323	-11182.378	110.0	110.0	4949	-693.8197	269.4346	-113.55158	-1886.4559	671.2559	2295.2942	20.18546772003174
4	-6989.2725	1887.1343	-4265.522	-9883.607	-4509.8315	1834.2855	-945.8801	-8341.633	110.0	110.0	6599	-983.5998	365.53702	-250.71843	-2611.417	956.0602	3476.9224	27.86618947982788
5	-7550.351	2273.711	-4146.6	-11581.238	-1416.6787	632.2392	-514.12177	-2228.0718	110.0	110.0	8249	-1232.2312	468.25153	-212.40419	-3349.8943	1196.4847	4372.207	35.24352955818176
6	-7900.709	2464.2883	-3724.42	-12056.428	-2116.4373	1238.0366	-680.3925	-4362.336	110.0	110.0	9899	-1394.8438	542.976	-246.3141	-3915.5803	1348.4131	4752.9805	42.643818855285645
7	-2332.606	1663.9583	-242.71556	-5918.8594	-1730.7008	715.2316	-649.94385	-3267.734	110.0	110.0	11549	-1463.5225	617.41986	-275.7685	-4427.19	1415.5151	4412.4087	50.52416205406189
8	-1981.8481	1626.02	-366.58148	-6162.44	-2065.6953	1740.1368	-159.28276	-6423.9194	110.0	110.0	13199	-1467.7378	707.8859	-249.05545	-4920.322	1424.172	3709.2505	58.54643201828003
9	-2546.5664	2400.252	-213.26976	-9498.378	-2494.7178	1302.0492	-268.85693	-4857.752	110.0	110.0	14849	-1493.2643	776.15704	-190.27122	-5328.5244	1453.6139	3257.8237	66.44790244102478
10	-1757.2435	1000.9401	-290.67526	-4177.92	-2246.5652	1324.1001	-614.7603	-4381.1333	110.0	110.0	16499	-1531.8823	850.2451	-163.3964	-5766.615	1495.4597	2972.4255	74.44531607627869
11	-2650.987	1717.9286	-459.8951	-6027.9146	-1674.6367	806.48676	-650.30884	-3578.5593	110.0	110.0	18149	-1602.4326	921.0413	-144.87196	-6263.7803	1568.894	2817.0527	82.27249503135681
12	-2336.471	1367.1069	-868.67676	-5518.6235	-1559.1685	990.94293	-388.54285	-3577.4358	110.0	110.0	19799	-1677.8058	988.4928	-129.91248	-6497.71	1646.6351	2786.8684	89.9016752243042
13	-1425.3665	882.48285	-85.977104	-3960.1477	-2820.7144	1926.5338	-1216.1403	-7637.49	110.0	110.0	21449	-1728.0846	1055.4476	-112.01277	-7084.441	1698.2925	2815.7307	97.72374653816223
14	-1608.4104	828.6201	-353.1152	-3137.9688	-1294.0922	890.5786	-235.98264	-3303.0952	110.0	110.0	23099	-1769.2126	1121.1481	-91.5317	-7725.341	1739.2936	2876.1025	105.55196499824524
15	-1983.7261	1120.5317	-392.35953	-4610.9565	-1342.7161	923.7219	-289.9886	-2929.7402	110.0	110.0	24749	-1804.7692	1166.8853	-83.89794	-8281.13	1775.0897	2872.9216	113.43599581718445
16	-1644.1171	1077.4641	-216.54895	-4054.5305	-2519.382	1427.1249	-703.7734	-4887.9165	110.0	110.0	26399	-1843.773	1215.4089	-62.66198	-8746.83	1814.7166	2943.9287	121.41615533828735
17	-1662.6962	714.9452	-163.28738	-3239.1653	-1125.6215	647.8477	-66.4822	-2235.3381	110.0	110.0	28049	-1878.7213	1257.6779	-55.17247	-9212.557	1850.2142	2975.1667	129.15929746627808
18	-1765.5226	852.53644	-523.50336	-3516.4868	-870.9007	697.0243	-344.52322	-2636.6333	110.0	110.0	29699	-1896.3746	1303.9717	-41.00712	-9810.442	1867.4873	3037.751	137.10857725143433
19	-1432.863	869.86115	-300.15613	-4067.4414	-1340.1238	905.03314	-329.82724	-3668.1697	110.0	110.0	31349	-1902.7888	1356.2903	-26.094007	-10293.071	1874.2021	3024.226	145.0828652381897
20	-1912.1384	1216.0469	-211.43004	-4673.1724	-1832.724	1464.8783	-410.61935	-4198.989	110.0	110.0	32999	-1913.5969	1389.8745	-3.4352942	-10640.318	1884.862	3045.0676	153.04677319526672
21	-1237.596	610.24384	-349.3034	-2719.0889	-2035.8004	1228.9454	-814.5872	-5165.021	110.0	110.0	34649	-1934.804	1448.0215	4.397176	-10913.967	1906.3676	3106.376	160.99001717567444
22	-1401.551	929.6353	-286.46994	-3957.1843	-2101.9111	1491.9795	-374.70682	-5116.697	110.0	110.0	36299	-1946.1337	1498.4337	63.073185	-11958.184	1918.5359	3134.6235	168.79874515533447
23	-1568.1272	927.9951	-241.61127	-3868.353	-1694.8372	1402.2122	-821.5756	-5826.8447	110.0	110.0	37949	-1961.8423	1560.077	98.97048	-12461.926	1933.9031	3183.5742	176.84805941581726
24	-1326.8473	612.78406	-145.81023	-2533.2615	-1031.2751	1004.383	-206.24384	-3844.1277	110.0	110.0	39599	-1967.3988	1611.6912	133.88766	-12993.527	1939.1493	3242.2307	184.7780249118805
25	-1253.7046	686.1167	-475.83038	-2451.8662	-1094.8499	818.6432	-252.31998	-2829.6536	110.0	110.0	41249	-1973.8813	1660.4254	167.52658	-13180.448	1944.7463	3384.7412	192.77332639694214
26	-1130.1659	760.5966	-195.265	-2912.195	-2237.6409	1740.2797	-675.45404	-6844.904	110.0	110.0	42899	-1961.2574	1710.8411	212.30098	-13413.112	1931.7318	3383.8545	200.78027987480164
27	-1257.2756	1073.4469	-208.89722	-3647.309	-1602.3901	1146.2183	-462.70114	-3975.6262	110.0	110.0	44549	-1954.4958	1758.0981	269.31198	-14374.42	1925.1428	3492.3215	208.82718420028687
28	-1164.2878	594.55756	-215.98653	-2179.536	-1118.6213	618.3327	-296.1672	-2211.7917	110.0	110.0	46199	-1955.2546	1831.1471	319.10486	-15045.903	1924.7733	3471.592	216.83578085899353
29	-1504.1478	899.6305	-205.79085	-3737.1218	-1621.927	737.36414	-331.7129	-2699.562	110.0	110.0	47849	-1956.3021	1891.0178	383.24802	-15864.521	1925.8021	3623.5298	224.8193700313568
30	-1242.6726	751.9788	-318.92816	-3131.3708	-1617.7759	960.5992	-235.31784	-3252.8787	110.0	110.0	49499	-1945.0261	1953.0713	443.5762	-16632.844	1913.8168	3807.0127	232.85355257987976
31	-1171.5952	585.44696	-46.140205	-2405.3499	-1073.3558	701.1188	-165.57597	-2167.4307	110.0	110.0	51149	-1927.4785	2012.8816	484.12784	-17461.877	1896.8739	3883.6035	240.4948377609253
32	-1176.421	790.5941	-54.516094	-2640.8628	-1328.4105	853.1808	-391.11282	-3439.4216	110.0	110.0	52799	-1938.1917	2087.4006	591.15735	-18085.299	1907.5002	4062.3193	248.38420701026917
33	-795.41235	457.8759	-273.43207	-1896.6052	-767.5347	341.42117	-453.84436	-1496.1393	110.0	110.0	54449	-1922.5503	2135.1672	609.2759	-19270.543	1891.6818	4097.7583	256.5206832885742
34	-1368.6497	552.9362	-606.13434	-2754.7957	-1426.9812	480.12668	-682.798	-2099.0735	110.0	110.0	56099	-1927.1986	2206.4077	645.3794	-20098.498	1895.9321	4295.0776	264.50664949417114
35	-1490.9078	1249.8575	-136.97815	-3865.3662	-1333.2102	711.9133	-249.72673	-2706.838	110.0	110.0	57749	-1930.7269	2267.5537	671.75726	-20859.672	1898.6648	4499.855	272.16795468330383
36	-1375.7166	703.2878	-324.64578	-2778.17	-1850.7526	1225.401	-706.97003	-4858.887	110.0	110.0	59399	-1932.2151	2319.6665	709.51715	-21759.09	1900.2853	4639.03	280.2625641822815
37	-1177.1952	981.5778	-85.75006	-3212.21	-1788.8564	1423.2811	-515.50165	-5229.4805	110.0	110.0	61049	-1951.2207	2386.189	738.5202	-22591.79	1918.9955	4810.4155	288.0049021244049
38	-1608.5349	783.35046	-437.10928	-3419.1477	-1866.8551	782.3378	-550.7462	-2900.8645	110.0	110.0	62699	-1963.5692	2441.6765	778.2106	-23234.533	1930.6161	4991.788	295.68796706199646
39	-1544.8503	896.62415	-413.18396	-3324.1018	-1400.9304	809.60736	-148.32603	-2692.1853	110.0	110.0	64349	-1993.1919	2522.8115	845.5738	-24760.389	1960.0612	5176.5435	303.3293936252594
40	-1835.9867	926.6697	-580.8104	-3392.2139	-1475.8544	568.6601	-264.38583	-2396.4583	110.0	110.0	65999	-2021.3546	2620.7263	925.299	-26108.11	1988.0302	5343.9507	311.77271604537964
41	-1501.147	1209.6744	-113.54109	-4311.908	-2145.9453	1579.1515	-262.31854	-5674.9233	110.0	110.0	67649	-2056.0117	2671.8	977.5068	-27306.773	2022.1307	5680.178	319.9434063434601
42	-1934.0775	1257.0352	-506.49823	-4466.928	-1934.9856	1361.9224	-368.12338	-4990.657	110.0	110.0	69299	-2089.5312	2756.043	1041.2634	-27936.168	2055.2546	6076.5244	327.89479780197144
43	-1386.7932	916.85156	-197.59712	-3670.6196	-850.49475	427.65118	-265.18005	-1564.1571	110.0	110.0	70949	-2116.7578	2839.298	1092.1558	-29454.312	2081.1255	6420.9766	335.42498993873596
44	-2013.2101	1140.0609	-785.97327	-4848.548	-1489.8623	892.66815	-247.53987	-2674.1746	110.0	110.0	72599	-2151.6416	2919.7683	1142.4889	-31384.406	2116.3289	6597.9976	343.2415220737457
45	-1822.9895	1101.4204	-301.4942	-3864.693	-1520.1243	1335.6897	-390.9201	-4731.8647	110.0	110.0	74249	-2214.9285	3042.8518	1178.0581	-32492.129	2179.0825	7141.3916	351.2438659667969
46	-1207.0975	881.55725	-260.371	-3320.0117	-1522.0289	1062.1746	-770.87506	-4161.5913	110.0	110.0	75899	-2241.851	3123.8547	1222.0269	-33953.996	2205.4722	7515.9087	358.84624195098877
47	-1805.3308	902.9409	-200.67601	-3191.8252	-1739.0625	607.7076	-956.73236	-2758.0852	110.0	110.0	77549	-2270.8813	3188.4111	1265.5144	-35184.02	2232.6738	7835.315	366.86514353752136
48	-1194.7301	745.12756	-297.32742	-3502.5288	-1473.4269	825.99365	-299.64682	-2838.523	110.0	110.0	79199	-2319.7341	3292.4966	1307.3246	-36439.816	2280.7546	8170.578	374.6930019855499
49	-1622.6528	1062.7927	-429.08487	-4917.583	-928.57275	874.0511	-107.968445	-3279.6833	110.0	110.0	80849	-2351.5493	3394.148	1360.0519	-37131.668	2311.8792	8511.122	382.5156774520874
50	-1533.8309	1390.2035	-180.00882	-5681.7207	-1407.8896	1335.5254	-306.45364	-3788.11	110.0	110.0	82499	-2394.9714	3517.1868	1428.6793	-37659.09	2352.7378	9053.298	390.53378891944885
51	-1336.3184	1317.8711	-306.70007	-5849.8115	-1849.0586	1221.1512	-279.1091	-3889.409	110.0	110.0	84149	-2420.9937	3625.6838	1514.8022	-39992.535	2378.2246	9257.341	398.53766894340515
52	-1653.5394	1024.5247	-327.3977	-4279.5537	-1590.9286	1018.40936	-234.28476	-3549.348	110.0	110.0	85799	-2434.6355	3732.5635	1566.5223	-41551.953	2392.848	9670.625	406.3570351600647
53	-1145.7601	889.241	-219.76393	-3074.6772	-1681.1263	1161.8986	-264.8202	-4077.949	110.0	110.0	87449	-2460.9893	3849.548	1639.1191	-42789.137	2417.4133	10432.446	414.08709502220154
54	-1543.6503	2347.9307	-102.94482	-8968.086	-1896.0579	1265.8887	-357.20645	-4100.7827	110.0	110.0	89099	-2491.689	3998.153	1713.6901	-44980.68	2447.4636	10679.41	421.7276976108551
55	-2003.4418	1644.8462	-51.00589	-6229.846	-1582.3442	1400.907	-267.65878	-4529.8926	110.0	110.0	90749	-2514.934	4076.9067	1823.6346	-46575.25	2470.4507	11110.81	429.3586974143982
56	-1755.062	1397.0845	-389.17474	-4850.051	-1504.2084	721.6607	-384.74304	-2341.9163	110.0	110.0	92399	-2552.4995	4205.4136	1897.1862	-48036.797	2506.126	12196.977	437.4048261642456
57	-1113.0532	914.314	-270.90884	-3450.802	-1793.1211	1053.9514	-415.19775	-4380.2725	110.0	110.0	94049	-2594.203	4393.343	2010.7748	-49265.625	2548.1733	12838.044	445.4402527809143
58	-1093.8901	757.90796	-109.91927	-2467.7249	-1420.2574	714.75635	-526.4162	-2592.6064	110.0	110.0	95699	-2592.4314	4477.2905	2106.618	-51154.52	2544.0637	13398.236	453.06770873069763
59	-2384.5024	2168.0479	-362.74042	-9100.342	-1892.0414	1636.6521	-551.8157	-5867.2734	110.0	110.0	97349	-2607.0242	4621.7656	2164.0632	-53849.566	2557.3	13820.077	460.7859916687012
60	-2889.5483	2416.541	-610.34814	-9459.469	-1714.1324	1818.3129	-222.04669	-6463.1655	110.0	110.0	98999	-2645.6982	4757.873	2212.5837	-55196.54	2595.7903	14783.4	468.77722930908203
61	-2396.1445	1856.0896	-90.51004	-7726.5254	-1904.3894	1908.0981	-157.16077	-6871.1235	110.0	110.0	100649	-2698.897	4882.4062	2285.2312	-56259.363	2649.1624	15628.271	476.6141767501831
62	-1500.1515	1315.297	-285.9361	-4211.6484	-1045.8738	553.2322	-157.73328	-1861.9413	110.0	110.0	102299	-2745.0012	5031.9976	2415.6794	-60995.836	2692.766	16672.285	484.6290121078491
63	-2012.9519	1716.3284	-335.20898	-7201.1924	-1640.3776	1299.2415	-341.7904	-4304.272	110.0	110.0	103949	-2814.396	5216.8623	2476.7253	-62617.773	2759.0513	17823.654	492.3890006542206
64	-2291.3074	1632.332	-320.26123	-5947.9644	-974.99445	676.509	-84.42162	-2434.4043	110.0	110.0	105599	-2830.6184	5365.84	2552.9102	-64325.645	2777.346	19292.775	500.33397245407104
65	-1879.8184	1813.2188	-230.8338	-7573.307	-1904.0234	2135.7366	-378.32397	-7759.7324	110.0	110.0	107249	-2957.3909	5599.094	2608.6426	-66951.66	2901.757	20866.059	508.2454354763031
66	-1367.5509	834.8705	-343.28644	-2868.0027	-2462.8706	1193.446	-583.21674	-4218.3496	110.0	110.0	108899	-2976.544	5770.077	2688.5723	-68755.055	2918.2942	21511.36	516.2688131332397
67	-1727.8815	1235.007	-338.86884	-4176.971	-1741.3285	1057.3582	-213.1836	-3275.0513	110.0	110.0	110549	-3022.5972	5992.3022	2733.579	-72293.85	2961.4207	23193.223	524.3199384212494
68	-1797.9309	1931.6444	-122.29727	-7323.0576	-2502.7456	1389.092	-124.96471	-4309.3574	110.0	110.0	112199	-3056.7593	6102.08	2854.0146	-76398.07	2995.406	24093.363	533.3906743526459
69	-3079.5034	2334.5066	-611.18475	-8151.649	-1475.4934	1235.2205	-243.62946	-4506.381	110.0	110.0	113849	-3125.425	6298.352	2924.3489	-78420.76	3062.283	25308.273	542.5643792152405
70	-1933.1393	1538.0121	-111.35737	-4995.0493	-1612.221	1070.718	-174.68785	-3594.551	110.0	110.0	115499	-3213.4712	6541.632	3011.682	-81226.74	3148.4873	27242.662	557.8760161399841
71	-2298.4946	1615.6895	-376.02383	-6926.3228	-1802.6628	1140.8573	-291.07547	-3583.936	110.0	110.0	117149	-3217.9856	6572.636	3111.6448	-84863.71	3151.2512	28770.531	566.5576000213623
72	-2127.8352	1821.0399	-66.959045	-5469.2104	-1981.7559	1393.7185	-232.80922	-4764.1797	110.0	110.0	118799	-3303.0583	6787.8223	3189.8176	-86158.305	3236.0261	29869.014	574.5750932693481
73	-2238.1077	1558.1246	-267.96707	-5647.889	-2429.6929	1529.9391	-250.92938	-4909.696	110.0	110.0	120449	-3372.288	6983.234	3283.905	-91158.984	3303.99	32603.88	582.5590450763702
74	-2047.8242	1552.5543	-89.72471	-6055.9785	-2272.8286	2189.6655	-316.13675	-8168.343	110.0	110.0	122099	-3458.8098	7180.6655	3424.2263	-92637.95	3382.663	35095.766	590.501766204834
75	-2071.8057	1238.8538	-278.98026	-4793.5967	-2248.9487	1377.3079	-238.01555	-4375.0503	110.0	110.0	123749	-3471.4788	7354.1104	3590.3882	-96385.85	3397.578	35855.992	598.4829983711243
76	-2220.266	1453.9573	-472.78497	-5716.396	-1834.6729	878.5935	-468.04797	-3380.4556	110.0	110.0	125399	-3494.1086	7513.392	3648.1804	-102735.38	3420.0457	37438.22	606.1114423274994
77	-2490.0178	1368.1205	-302.20694	-5115.679	-1117.2166	829.28894	-81.29841	-3261.466	110.0	110.0	127049	-3572.5288	7725.586	3719.7402	-106238.19	3495.1448	39827.727	614.0219309329987
78	-2420.9001	2472.8606	-318.48697	-9310.208	-2309.448	1728.9672	-409.30957	-5570.3027	110.0	110.0	128699	-3633.7273	7981.706	3797.243	-106944.805	3554.4631	41644.15	621.7806167602539
79	-2095.4077	1311.2032	-596.1407	-4298.061	-1974.3766	1017.52435	-564.2452	-4147.795	110.0	110.0	130349	-3674.534	8192.08	3850.9202	-113568.695	3593.496	43906.688	629.7916929721832
80	-2523.3396	1606.3607	-701.47406	-6114.8403	-2242.2754	1747.595	-434.52695	-4987.14	110.0	110.0	131999	-3692.808	8311.602	3935.5383	-115866.13	3610.0486	46828.16	637.8158738613129
81	-2497.082	1509.8851	-110.92339	-5182.6724	-1959.3391	2312.8547	-168.34303	-8031.4253	110.0	110.0	133649	-3809.3416	8597.194	4042.0422	-116178.86	3721.1738	49866.64	645.7723824977875
82	-2486.5522	1359.1124	-383.5899	-5232.4106	-2036.332	1679.2926	-159.38809	-4768.1772	110.0	110.0	135299	-3829.4094	8807.8	4143.265	-126611.2	3743.7185	52115.055	653.6148915290833
83	-2262.3257	1976.9703	-331.51492	-8797.634	-2975.067	1480.3705	-648.36035	-5011.718	110.0	110.0	136949	-3889.1846	9088.922	4203.6157	-131205.16	3800.0872	56007.418	661.6307969093323
84	-1787.0469	1229.6787	-314.67368	-4907.2095	-1777.1097	1864.7524	-285.82156	-5374.7363	110.0	110.0	138599	-3905.916	9218.053	4279.152	-138423.52	3816.677	56619.88	669.5913162231445
85	-1952.0278	1500.6696	-303.94073	-5451.9795	-1657.9128	1229.1986	-273.97894	-4561.4004	110.0	110.0	140249	-4081.9185	9708.997	4370.3354	-147568.36	3988.0613	61718.004	677.2500302791595
86	-2520.2358	1641.9613	-390.0996	-5338.4077	-2021.8265	1110.9192	-357.77267	-3440.116	110.0	110.0	141899	-4149.848	9972.916	4536.1045	-154408.11	4058.4106	64435.137	685.4228479862213
87	-1678.2866	1191.7539	-271.833	-3768.9668	-1699.0289	1370.8672	-441.92712	-3954.4849	110.0	110.0	143549	-4198.0293	10216.672	4629.8896	-161603.95	4101.4883	67586.23	693.3085415363312
88	-2307.4988	1308.886	-69.623024	-5423.047	-1404.6366	1300.9441	-186.75623	-3951.7615	110.0	110.0	145199	-4293.831	10647.312	4844.939	-165825.88	4197.784	71927.22	701.1047675609589
89	-2613.6907	1854.4313	-65.16653	-5983.738	-1936.182	1644.3759	-370.68887	-6196.4673	110.0	110.0	146849	-4416.6104	10974.631	4945.007	-174623.55	4315.561	74362.92	709.1003150939941
90	-2355.437	1212.2516	-525.8838	-5098.264	-3015.5234	1906.787	-1115.251	-6677.6323	110.0	110.0	148499	-4490.6553	11216.881	5134.18	-179999.27	4392.4644	79324.63	716.6954653263092
91	-1811.7339	1303.976	-266.24915	-4648.8716	-1455.9956	1407.6432	-216.18268	-4922.1934	110.0	110.0	150149	-4645.476	11771.051	5240.4614	-190060.69	4541.877	85939.13	724.7138910293579
92	-2181.349	1244.4021	-574.3485	-4890.433	-1886.7405	1286.4507	-199.47855	-3616.3796	110.0	110.0	151799	-4775.282	12066.989	5352.862	-200079.22	4672.449	91560.19	732.3855652809143
93	-2302.982	1251.2439	-311.21582	-5356.771	-1708.5326	1294.2098	-173.3857	-3852.2522	110.0	110.0	153449	-4859.957	12395.814	5482.1772	-209175.8	4751.7246	93747.37	740.4461498260498
94	-2019.032	1076.2504	-287.3105	-4721.6323	-1645.5808	913.44617	-434.46182	-3285.8538	110.0	110.0	155099	-4981.7515	12749.21	5643.9277	-216741.64	4868.643	100073.97	748.4000728130341
95	-1943.5458	1139.3138	-394.7272	-4389.4155	-1634.8887	1083.9939	-338.22366	-3702.8071	110.0	110.0	156749	-5065.6064	12977.788	5842.131	-220683.95	4952.644	108333.375	756.1717631816864
96	-1499.055	889.54297	-198.01097	-3486.4458	-2448.4404	1041.4347	-925.2197	-4241.1333	110.0	110.0	158399	-5175.1416	13520.687	5981.6304	-236606.33	5059.821	110382.99	764.0546355247498
97	-1846.3898	1035.1298	-139.88573	-3511.0164	-2459.5835	1148.4457	-345.0879	-3862.5354	110.0	110.0	160049	-5312.0103	13932.139	6156.721	-242954.14	5198.1387	115959.43	772.1177144050598
98	-1542.216	991.1119	-217.03214	-3275.4224	-1795.0886	1262.6388	-346.96732	-4074.3396	110.0	110.0	161699	-5426.664	14449.812	6302.41	-249923.86	5317.681	124482.97	779.9456787109375
99	-1967.2911	1121.5214	-121.392784	-3834.2192	-1825.0787	1073.4064	-213.74583	-3066.0342	110.0	110.0	163349	-5477.318	14374.351	6387.6855	-262696.62	5362.018	126831.93	787.6858339309692
100	-2638.5945	1992.0835	-255.49644	-7154.7544	-1638.7712	964.50885	-437.92453	-3345.243	110.0	110.0	164999	-5736.6377	14962.919	6539.7876	-276361.8	5618.799	136815.9	795.8160738945007
101	-1329.3851	1029.9589	-251.01599	-3501.2197	-1968.8809	1252.8339	-523.6623	-4477.39	110.0	110.0	166649	-5924.261	15549.523	6729.251	-282120.78	5799.3643	151178.33	803.7645306587219
102	-3085.6892	2578.7395	-158.39473	-9763.149	-2421.3901	1970.5986	-176.28949	-6460.13	110.0	110.0	168299	-6071.4736	16092.778	6847.083	-291655.16	5942.7407	154972.67	811.6794650554657
103	-1630.5878	1176.575	-363.4485	-3993.5378	-1721.3069	704.97485	-675.3195	-3185.423	110.0	110.0	169949	-6144.9814	16423.072	6889.014	-309821.47	6015.2485	162198.34	819.3140292167664
104	-1619.154	932.5675	-85.43948	-3180.3242	-1683.6926	1117.8107	-342.11053	-3746.6912	110.0	110.0	171599	-6348.458	17003.068	7010.9375	-314044.1	6215.6733	174461.2	827.3400583267212
105	-2365.2986	855.65063	-964.756	-3694.2864	-2985.1533	1535.9745	-671.8523	-4801.9106	110.0	110.0	173249	-6400.409	17323.848	7142.8857	-324341.94	6266.3364	184529.3	835.2821753025055
106	-2272.5024	1799.3009	-201.65666	-6084.1665	-2236.3855	2229.1045	-305.6513	-8399.958	110.0	110.0	174899	-6508.1553	17676.018	7195.78	-332095.78	6366.9126	193024.67	842.8801007270813
107	-2106.9453	1107.626	-418.58133	-4451.257	-1580.1332	1202.2047	-431.8683	-4187.57	110.0	110.0	176549	-6603.6206	18164.646	7326.259	-337386.47	6462.362	198707.28	850.9428150653839
108	-2654.48	1531.7737	-533.444	-4955.211	-2865.9285	1178.1344	-1407.816	-5002.2915	110.0	110.0	178199	-6710.289	18630.215	7480.1846	-357634.25	6567.354	211048.39	859.0577344894409
109	-2220.5728	1268.8865	-195.24272	-4307.071	-2177.9995	1478.7264	-298.10266	-4910.502	110.0	110.0	179849	-6907.009	19303.975	7594.128	-369636.03	6761.0293	225869.05	866.918187379837
110	-1976.8884	1232.1796	-530.5541	-5391.19	-2507.646	1440.4071	-450.74194	-4772.4966	110.0	110.0	181499	-6884.745	19113.63	7702.148	-368181.0	6740.2227	232839.25	875.8330714702606
111	-2407.4229	1808.4896	-303.6558	-7046.61	-3012.281	2487.943	-378.5278	-8463.836	110.0	110.0	183149	-7120.2007	19905.611	7842.892	-400761.78	6973.1895	246497.98	883.8743195533752
112	-2302.8677	1390.129	-210.33688	-5112.698	-3355.8313	1996.1577	-510.218	-7300.905	110.0	110.0	184799	-7178.932	20147.693	7933.088	-412339.12	7027.4814	261796.77	891.7819690704346
113	-2321.3984	1710.0369	-337.7437	-5880.615	-3103.2844	1719.613	-305.36743	-5244.3066	110.0	110.0	186449	-7348.5947	20770.832	8036.6484	-414756.38	7194.4375	281366.97	899.3880832195282
114	-2656.4075	2215.442	-200.59297	-7996.3555	-2273.2417	1217.0751	-527.0543	-4531.1562	110.0	110.0	188099	-7474.2295	21580.35	8189.4546	-433455.7	7318.9404	289974.2	907.3778977394104
115	-2703.8833	1791.1821	-134.25082	-6560.5986	-2924.2986	2262.4329	-177.64801	-8026.8867	110.0	110.0	189749	-7678.271	22231.484	8317.499	-441929.5	7518.9946	310209.75	915.226749420166
116	-2814.175	1973.4263	-184.8417	-7392.2627	-2455.2156	1580.5598	-75.58833	-5915.5054	110.0	110.0	191399	-7781.5317	22806.262	8408.085	-441309.4	7620.7383	328973.88	922.9072461128235
117	-2032.7708	1393.9695	-269.80548	-4670.282	-1969.0569	1456.9637	-372.96234	-5159.6465	110.0	110.0	193049	-7862.9795	23137.03	8581.594	-457646.4	7701.349	323157.28	930.9604539871216
118	-2662.9463	1097.9524	-342.79648	-5031.853	-2060.0815	1074.8527	-766.06757	-4280.3047	110.0	110.0	194699	-8013.7915	23893.86	8758.802	-479850.22	7844.2974	359037.7	938.9419093132019
119	-2625.5334	1846.3348	-457.21698	-7534.0786	-2758.9165	1362.9438	-704.0192	-5842.8945	110.0	110.0	196349	-8076.1416	24261.932	8917.988	-492091.2	7906.7646	373253.94	946.5867829322815
120	-2825.439	1667.0695	-300.1244	-5968.0894	-2355.2905	1054.947	-516.6237	-3733.942	110.0	110.0	197999	-8282.62	24848.072	9023.377	-494455.5	8106.2334	394995.66	954.6074216365814
121	-3317.0776	2323.1946	-526.59375	-8220.966	-2429.2363	1286.4899	-591.11597	-4765.12	110.0	110.0	199649	-8421.658	25358.244	9204.009	-521316.72	8242.079	401209.6	962.410715341568
122	-2980.906	1648.172	-470.273	-5334.678	-1465.5779	1075.5813	-104.72938	-3215.3557	110.0	110.0	201299	-8668.769	25791.822	9406.118	-523744.47	8492.612	430211.8	970.0874843597412
123	-2008.2018	1583.2585	-356.35843	-6851.5015	-1919.5535	1289.5574	-509.95065	-4439.021	110.0	110.0	202949	-8916.465	27053.25	9543.07	-557677.75	8730.327	444280.22	978.4299583435059
124	-3189.6055	2054.598	-642.97815	-7624.1694	-2852.8892	1888.5786	-258.76346	-7086.3223	110.0	110.0	204599	-9143.658	28028.756	9767.939	-577821.56	8954.48	480196.06	987.1156888008118
125	-2846.2788	1178.2804	-309.50488	-4703.9463	-1783.1439	1503.1552	-373.87552	-4476.4385	110.0	110.0	206249	-9199.312	28254.691	9996.484	-594011.94	8991.372	505610.1	995.2320287227631
126	-2497.4312	1085.9374	-209.49475	-4655.972	-3383.0845	1509.1532	-1347.5796	-6448.5415	110.0	110.0	207899	-9280.58	29282.623	10185.356	-604014.2	9071.255	540605.5	1002.9591248035431
127	-3120.164	1869.1936	-654.1845	-6693.7163	-3567.1309	1638.6333	-2116.2363	-8094.463	110.0	110.0	209549	-9332.477	29561.305	10421.241	-617424.75	9132.86	564385.06	1011.0160434246063
128	-3717.6135	2579.937	-661.4178	-10744.293	-3055.4165	2016.0564	-461.1559	-7610.338	110.0	110.0	211199	-9844.464	31124.682	10614.79	-627316.0	9637.689	624744.6	1019.0292992591858
129	-3606.1003	2155.2703	-815.277	-8736.554	-2983.6235	2219.7808	-469.70245	-7261.2803	110.0	110.0	212849	-9904.358	31682.668	10875.931	-662527.9	9696.763	648285.5	1026.8090381622314
130	-2687.7454	1322.7084	-645.82654	-6207.5327	-2312.2397	1397.8174	-314.21576	-4520.7515	110.0	110.0	214499	-10371.35	33235.48	11050.008	-662166.5	10167.199	693213.56	1034.639405488968
131	-2978.5542	1430.9636	-1294.4486	-7366.196	-3353.7212	1431.1263	-923.3943	-6517.291	110.0	110.0	216149	-10514.116	33295.473	11237.982	-708897.06	10303.26	724069.0	1042.7685430049896
132	-3219.0754	1970.3834	-432.5825	-6523.091	-2934.7458	2173.7917	-374.07275	-7564.6255	110.0	110.0	217799	-10927.569	34675.074	11453.435	-712920.5	10707.501	801853.0	1050.8413949012756
133	-2468.3274	1288.6646	-345.40527	-4408.562	-2770.624	1660.0394	-361.3542	-5658.199	110.0	110.0	219449	-11232.957	35190.96	11698.204	-727040.44	11004.049	838018.94	1058.822828054428
134	-3443.2036	1865.7821	-634.18713	-8279.738	-3306.5034	1798.1683	-592.43976	-6609.1665	110.0	110.0	221099	-11609.969	36858.12	11929.329	-754291.06	11378.764	877075.4	1066.5247206687927
135	-2646.898	2109.789	-233.79953	-8106.122	-2440.8052	1810.8541	-670.4434	-6556.246	110.0	110.0	222749	-12008.37	38084.06	12334.812	-780775.3	11770.932	963727.2	1074.4761838912964
136	-2830.2498	2200.2578	-262.49243	-7694.265	-2560.6738	1297.9559	-204.16206	-4623.767	110.0	110.0	224399	-12642.171	40388.97	12465.955	-796492.1	12396.846	1042621.4	1082.5627987384796
137	-2409.7585	1262.5052	-847.8432	-5910.566	-1624.571	1159.7826	-544.5144	-4408.767	110.0	110.0	226049	-12898.583	41246.22	12789.057	-808881.94	12648.154	1083701.6	1090.1938292980194
138	-2937.141	1934.85	-1137.184	-8448.843	-2031.7448	982.6272	-870.5684	-3582.3958	110.0	110.0	227699	-13308.055	42385.45	12929.468	-847171.3	13047.948	1112388.2	1098.0530943870544
139	-3999.3123	2405.058	-888.0026	-10073.465	-4052.1035	2491.6926	-951.87146	-8804.699	110.0	110.0	229349	-13644.201	43670.617	13282.033	-862119.44	13377.287	1241739.8	1106.129877090454
140	-2709.5693	1943.7565	-251.83804	-6727.4194	-3256.1284	1260.9481	-1339.7128	-5752.986	110.0	110.0	230999	-14014.363	44425.598	13499.403	-875070.4	13751.76	1246561.6	1113.9230031967163
141	-2071.2844	1081.1909	-536.17017	-4923.4077	-3873.1921	1627.2874	-1437.4834	-6356.605	110.0	110.0	232649	-14650.353	46725.668	13748.775	-923655.06	14376.597	1361125.6	1121.9762530326843
142	-1844.6129	1185.8878	-79.75704	-4623.2715	-2974.1802	2025.4298	-654.2971	-6524.4907	110.0	110.0	234299	-14989.613	47503.285	14064.33	-942206.06	14711.089	1471644.4	1129.572662115097
143	-2718.8315	1581.1702	-169.99048	-4850.9365	-2364.0415	1357.0968	-211.2242	-4544.6	110.0	110.0	235949	-15585.491	48864.234	14496.696	-972691.3	15296.918	1542953.0	1137.4145896434784
144	-2246.8198	1913.0165	-221.23431	-8044.6016	-2621.9297	1945.0017	-378.0835	-6563.568	110.0	110.0	237599	-15856.584	49086.098	14805.857	-987690.9	15563.365	1662440.4	1145.4043900966644
145	-1978.037	1350.4482	-247.60078	-5302.456	-2446.7112	1383.3447	-566.03973	-5013.7983	110.0	110.0	239249	-16871.805	52383.46	15230.019	-1040542.06	16569.96	1789277.1	1153.1113843917847
146	-3183.4219	1343.6523	-1781.8168	-7241.5273	-2943.9448	2124.5862	-338.2265	-7585.4526	110.0	110.0	240899	-17264.762	53514.074	15519.529	-1072670.1	16956.424	1865473.2	1161.1116111278534
147	-2827.469	2208.554	-153.05963	-8664.611	-2575.963	1184.0927	-206.68266	-4662.6714	110.0	110.0	242549	-18046.387	54685.535	15959.061	-1099236.1	17729.477	2039297.2	1169.1815271377563
148	-3375.5781	1835.754	-507.992	-6763.8926	-2587.2732	1489.2721	-433.80194	-4512.3	110.0	110.0	244199	-18902.021	57567.94	16270.592	-1136892.9	18570.498	2219800.2	1177.1131827831268
149	-2244.7031	1094.9828	-118.23614	-4307.3496	-2124.6448	1197.8839	-333.92548	-3900.1228	110.0	110.0	245849	-19726.396	58978.805	16801.158	-1160076.6	19382.635	2416166.2	1184.8946633338928
150	-2613.3884	1744.7778	-324.3581	-6931.3545	-2988.3784	2470.67	-102.13115	-8919.179	110.0	110.0	247499	-20523.873	61377.22	17148.027	-1180757.9	20171.408	2557145.5	1192.8451516628265
151	-2814.5425	2261.0938	-330.6471	-7294.183	-3433.0278	691.7285	-2301.0083	-4785.626	110.0	110.0	249149	-21375.05	63909.312	17565.277	-1234870.6	21000.172	2696418.5	1200.8570277690887
152	-3250.102	1305.3054	-895.3622	-5826.3276	-2706.9233	1805.6747	-108.25711	-6467.897	110.0	110.0	250799	-22138.303	65711.414	17967.057	-1258878.5	21750.172	2981581.5	1208.6169397830963
153	-2532.479	1611.3105	-142.42267	-4943.5938	-2708.2078	1743.0887	-226.24205	-5254.4824	110.0	110.0	252449	-22569.123	65942.75	18414.678	-1305608.6	22168.582	3138603.8	1216.8533005714417
154	-2159.832	1194.1716	-65.05914	-4375.911	-3108.0276	2267.4734	-497.0729	-8373.686	110.0	110.0	254099	-23570.52	70224.95	18914.258	-1375723.0	23146.32	3378658.2	1224.7882754802704
155	-3913.768	2624.4326	-215.471	-9117.277	-3194.246	1204.3861	-627.6483	-4350.4067	110.0	110.0	255749	-24387.398	71656.7	19402.697	-1374727.8	23955.656	3691705.5	1232.8998322486877
156	-2854.595	1679.2045	-286.6098	-5877.7573	-2591.7673	1561.2379	-88.61438	-5826.79	110.0	110.0	257399	-25535.49	74192.65	19832.195	-1440929.8	25092.55	4069215.2	1240.6023836135864
157	-3442.0073	1843.4219	-678.1503	-6270.112	-3297.0884	1558.2395	-389.66687	-5624.1763	110.0	110.0	259049	-26727.53	77465.914	20345.09	-1456512.5	26263.455	4347355.0	1248.7024583816528
158	-2590.9424	1794.6027	-631.58875	-6780.3115	-3757.0552	1496.7828	-1744.1322	-7309.341	110.0	110.0	260699	-27550.006	79780.2	21015.252	-1508266.5	27071.967	4675666.5	1256.3919694423676
159	-2655.7954	1079.1675	-470.11185	-4346.926	-2034.1891	1189.2894	-358.07126	-3991.5579	110.0	110.0	262349	-28720.7	83613.95	21504.846	-1599054.6	28215.84	4928713.0	1264.5143113136292
160	-2669.4685	1630.1354	-105.038246	-4951.4814	-3010.189	1744.1079	-983.6276	-6149.4985	110.0	110.0	263999	-30035.078	85437.93	22132.643	-1654942.1	29538.938	5215572.0	1272.51709318161
161	-4063.7546	3018.2837	-599.0259	-10356.109	-3013.9065	1570.8193	-877.6281	-5233.5776	110.0	110.0	265649	-31482.941	89225.36	22748.95	-1733109.2	30970.291	5897023.5	1280.7709531784058
162	-3088.7388	1264.7946	-1039.9431	-5453.265	-3207.6821	2197.7534	-583.79346	-7743.199	110.0	110.0	267299	-33150.637	92737.55	23139.373	-1786016.0	32635.137	6421233.5	1288.7842593193054
163	-3337.3618	2000.0249	-122.03244	-8222.66	-3722.213	1959.4624	-363.9666	-7556.1	110.0	110.0	268949	-35160.74	99145.44	23690.395	-1856148.1	34653.02	6790031.0	1296.9113094806671
164	-2806.5623	2089.7832	-66.89436	-7107.65	-3184.3098	2001.472	-358.37802	-6750.751	110.0	110.0	270599	-36268.14	100590.734	24128.064	-1919186.6	35729.95	7541304.5	1304.9678347110748
165	-3443.9695	2051.758	-1451.9861	-9469.259	-3054.6167	2278.8694	-253.31964	-6981.4736	110.0	110.0	272249	-38202.004	103875.195	24606.822	-1934936.5	37648.285	8080030.5	1312.6850719451904
166	-4738.626	2862.109	-147.71788	-10465.462	-3994.168	2356.3699	-279.97318	-8513.595	110.0	110.0	273899	-40249.633	108886.84	25490.553	-2088496.1	39680.133	8693561.0	1320.5931758880615
167	-3652.0303	2045.6318	-840.7792	-7432.661	-3057.5408	1956.5911	-1046.7245	-8648.366	110.0	110.0	275549	-42763.13	113936.555	25982.703	-2129093.8	42186.17	9826036.0	1328.5796205997467
168	-2496.8801	1383.4011	-808.4553	-4998.652	-3041.8281	2006.7115	-162.67802	-5689.5293	110.0	110.0	277199	-44765.36	117163.22	26568.934	-2234043.0	44173.15	10762583.0	1336.7422819137573
169	-2920.3523	1476.5018	-856.56616	-5530.7686	-3800.308	2785.4343	-222.25275	-9011.507	110.0	110.0	278849	-47441.09	124765.16	27200.494	-2377610.0	46851.38	11628643.0	1344.406756401062
170	-2884.1597	2436.6492	-409.1151	-8504.481	-3365.261	2266.1216	-822.5216	-7388.0527	110.0	110.0	280499	-50270.414	130008.07	27800.61	-2433687.8	49623.777	12983480.0	1352.569364309311
171	-3732.451	1755.4106	-513.29266	-6888.1206	-2956.2556	1868.5126	-657.66455	-6551.5913	110.0	110.0	282149	-52410.746	133361.61	28582.986	-2486904.8	51740.168	13740340.0	1360.6730589866638
172	-3591.5574	2009.5222	-1211.3102	-8372.572	-3035.244	2254.5056	-658.6009	-6465.6924	110.0	110.0	283799	-55065.668	137766.48	29486.662	-2464759.2	54389.516	15185232.0	1368.8068544864655
173	-2958.5864	1419.9418	-188.5671	-5463.656	-3462.27	2097.6338	-625.7481	-7172.4595	110.0	110.0	285449	-57661.973	142218.23	30292.746	-2688306.2	56943.05	16553598.0	1376.4964127540588
174	-3476.8452	2348.6707	-186.70506	-8855.959	-2613.1912	2032.9132	-282.26718	-6308.8223	110.0	110.0	287099	-60911.92	146950.19	31129.562	-2778218.8	60195.48	17479378.0	1384.4701943397522
175	-2961.7258	1920.7439	-333.11102	-7212.1387	-3864.1238	1497.3462	-320.2858	-5951.954	110.0	110.0	288749	-64191.055	155091.4	31553.504	-2931505.8	63441.703	19004548.0	1392.6130483150482
176	-3275.9604	1809.2786	-126.04502	-6443.7744	-3104.3774	1819.0635	-96.96887	-5765.1094	110.0	110.0	290399	-67677.6	162334.02	32380.326	-2988611.5	66866.83	21269362.0	1400.685335636139
177	-3459.1174	2285.8813	-519.6471	-7777.252	-3871.6687	2069.0552	-474.27588	-7148.05	110.0	110.0	292049	-70207.24	167238.34	33197.902	-3166277.2	69366.16	22662210.0	1408.547298192978
178	-2735.3127	1974.4131	-171.61778	-6781.0522	-2979.594	2405.931	-250.66264	-7348.3154	110.0	110.0	293699	-73663.914	173254.61	33591.81	-3199860.0	72858.164	24490342.0	1416.6958320140839
179	-2921.3079	1728.478	-171.9731	-5800.9443	-4403.0933	2590.0195	-833.4216	-8702.823	110.0	110.0	295349	-77235.625	182105.28	34193.855	-3406335.8	76346.28	26518174.0	1424.4156992435455
180	-2195.9487	1998.219	-175.16194	-6846.9204	-2939.003	1709.687	-378.7047	-4906.586	110.0	110.0	296999	-81048.69	186569.94	34935.98	-3437231.0	80170.836	29000002.0	1432.3858473300934
181	-4479.6533	2319.4094	-1948.836	-9660.572	-2165.1187	1660.6176	-388.0731	-4672.296	110.0	110.0	298649	-84163.77	196550.72	35191.21	-4178253.2	83259.84	31096798.0	1440.1884820461273
182	-2782.1558	2169.5781	-139.84218	-6707.1475	-3318.02	2015.0133	-497.75885	-7197.4326	110.0	110.0	300299	-90421.4	207449.97	35862.117	-4123869.2	89517.45	35623260.0	1448.7560527324677
183	-3829.0208	1884.9214	-64.955986	-6389.9434	-1961.9705	937.4976	-166.43584	-3216.3538	110.0	110.0	301949	-95335.88	218827.9	36229.68	-4609184.5	94394.375	38140890.0	1456.941742658615
184	-3715.7356	1680.985	-201.38983	-6817.9155	-3344.609	2494.9585	-486.5293	-8414.069	110.0	110.0	303599	-100289.125	227361.1	37059.14	-4806447.0	99298.28	41256948.0	1465.026780128479
185	-4600.3984	2281.6707	-656.14496	-8960.872	-2778.395	2920.5002	-92.39275	-10119.662	110.0	110.0	305249	-104655.36	236576.73	37507.24	-5042050.5	103645.08	45588830.0	1472.696810722351
186	-4445.692	1770.9707	-676.4689	-7014.521	-2602.154	1838.2916	-228.31308	-5990.823	110.0	110.0	306899	-110752.8	245904.33	38451.79	-4888192.0	109661.24	49566548.0	1480.4435496330261
187	-3072.3608	2025.433	-133.82562	-6687.415	-2617.7578	1693.1218	-256.6473	-5136.126	110.0	110.0	308549	-115664.91	257490.77	39592.59	-5388653.5	114547.65	52410252.0	1488.1259033679962
188	-2649.2446	1969.5525	-477.52426	-6555.929	-2555.7837	1940.2977	-292.9634	-5929.4487	110.0	110.0	310199	-121697.32	268601.66	40307.48	-5371602.5	120591.28	58689520.0	1496.2340867519379
189	-3813.139	2034.8805	-74.08103	-6395.911	-3682.859	2006.7279	-409.56448	-7789.942	110.0	110.0	311849	-127621.16	278415.47	40711.17	-5767810.5	126585.21	64072356.0	1504.3243520259857
190	-4379.548	1787.6923	-1072.083	-6490.77	-3125.1353	2114.5032	-263.63187	-6250.1016	110.0	110.0	313499	-133804.22	285314.62	40935.605	-5642921.5	132741.53	69558210.0	1512.3640422821045
191	-4200.389	2446.3816	-291.5932	-9737.519	-3325.649	2156.6277	-514.52484	-7715.8076	110.0	110.0	315149	-142477.58	301252.16	41545.973	-5999554.5	141388.11	77585020.0	1520.4782316684723
192	-3438.4988	1716.7354	-498.2778	-6832.4946	-4051.1992	2385.6277	-195.96289	-7473.566	110.0	110.0	316799	-151851.69	316154.0	42078.984	-6232884.5	150710.4	86129610.0	1528.152504682541
193	-3516.1404	2589.6714	-185.81754	-9831.666	-3973.8716	3043.965	-44.36226	-7941.543	110.0	110.0	318449	-158518.02	329378.94	42921.586	-6612158.0	157220.33	96905270.0	1535.7993218898773
194	-3249.089	1830.5757	-108.7537	-5802.3267	-3046.7883	1650.1362	-175.34503	-6092.5054	110.0	110.0	320099	-163459.06	334713.44	43882.195	-6875606.5	162101.05	99943496.0	1543.9265847206116
195	-4447.656	2902.2666	-444.17676	-10205.646	-3292.957	1852.9716	-100.73843	-5123.774	110.0	110.0	321749	-171750.73	350479.84	44271.113	-6885461.5	170328.94	109338870.0	1551.8533401489258
196	-3713.1997	2083.131	-703.97253	-8836.82	-4103.4595	2477.8484	-476.42554	-8967.449	110.0	110.0	323399	-178207.55	356445.72	44682.395	-7229029.0	176802.5	118941680.0	1559.5583581924438
197	-4359.368	1543.6694	-1923.6283	-7294.293	-4771.8677	1273.0011	-3628.62	-8334.674	110.0	110.0	325049	-189246.8	374691.53	45501.78	-7490847.5	187764.36	129744800.0	1567.6868042945862
198	-4254.6323	2032.6337	-359.7845	-8013.465	-3528.6997	1840.4763	-466.7436	-5942.576	110.0	110.0	326699	-194692.78	380315.03	45663.08	-7752081.5	193208.83	138376110.0	1575.8728594779968
199	-3858.5688	2548.8257	-445.6985	-8621.669	-3371.3262	2407.1362	-257.3766	-7530.22	110.0	110.0	328349	-203734.77	393337.9	45747.78	-7535843.0	202179.22	153153070.0	1583.879373550415
200	-4816.5234	1939.8864	-505.94885	-9274.8	-4087.4949	2512.84	-55.535904	-7071.9155	110.0	110.0	329999	-213333.66	408371.9	46385.645	-7876300.5	211753.31	163668670.0	1591.6603021621704
201	-4800.163	2798.0054	-1276.9364	-11256.11	-3156.4126	2648.426	-67.48221	-7479.8975	110.0	110.0	331649	-221838.22	420881.3	47842.652	-8002936.0	220194.03	180340600.0	1599.4590599536896
202	-4236.0576	2833.1472	-208.30878	-8143.2075	-2845.8848	2287.8242	-58.386997	-7231.282	110.0	110.0	333299	-232892.06	444073.12	47805.875	-8533048.0	231084.56	196495950.0	1607.5559422969818
203	-4067.6675	2566.5496	-240.84819	-9041.534	-4943.122	1400.2905	-2582.0557	-7475.4287	110.0	110.0	334949	-241356.48	455193.5	47657.41	-8707839.0	239551.19	207213200.0	1615.4482307434082
204	-4043.8704	2878.958	-272.82663	-9314.513	-3851.3333	2101.3655	-249.22469	-7804.518	110.0	110.0	336599	-251276.56	473321.25	47244.47	-9051447.0	249469.44	217940720.0	1623.392897605896
205	-3659.586	2175.9414	-80.16746	-6570.6543	-5684.5503	998.62537	-3094.04	-7061.9346	110.0	110.0	338249	-258393.73	483731.06	47664.53	-9102936.0	256588.03	233974080.0	1631.6223483085632
206	-5329.377	2300.543	-526.24915	-9219.057	-5031.255	2021.8938	-499.83185	-8063.6265	110.0	110.0	339899	-268936.72	499564.2	47762.73	-9717758.0	267069.47	258846800.0	1639.5720689296722
207	-4989.943	2384.6772	-205.04608	-9841.436	-5406.3833	2966.7659	-400.0377	-10398.485	110.0	110.0	341549	-281401.06	519216.97	47769.703	-10060852.0	279457.78	280588860.0	1647.6893615722656
208	-4676.0674	1921.9492	-1223.225	-8405.361	-5776.117	2369.71	-871.8907	-10048.023	110.0	110.0	343199	-293333.84	541448.75	47958.543	-10244601.0	291459.66	296343360.0	1655.8434035778046
209	-5098.0103	2081.2512	-1397.4054	-8821.631	-5713.309	2614.0732	-583.59174	-9109.972	110.0	110.0	344849	-304177.44	550977.9	47225.375	-10528189.0	302289.66	318406800.0	1663.9118201732635
210	-5289.163	2442.299	-801.9046	-9233.659	-5917.8115	1701.1295	-3813.4512	-9433.704	110.0	110.0	346499	-316955.62	570660.56	47309.926	-10975589.0	314936.8	345949660.0	1672.0336966514587
211	-4978.889	2418.9731	-151.17801	-10564.368	-5397.085	1594.0403	-2573.1963	-7911.1333	110.0	110.0	348149	-330599.2	591381.25	47437.36	-11173423.0	328600.22	372550980.0	1680.1435840129852
212	-5407.5137	1831.6759	-384.9676	-8203.772	-7041.624	1629.6808	-3476.7888	-9131.864	110.0	110.0	349799	-347145.75	612813.06	47731.582	-10803381.0	345079.78	396756220.0	1687.8765695095062
213	-4797.923	2583.4592	-1237.1382	-9566.292	-5290.947	1784.2609	-2016.5814	-8051.8164	110.0	110.0	351449	-355022.97	617499.94	46995.133	-11701692.0	352877.3	419699680.0	1696.1184458732605
214	-4856.6025	1945.2568	-2362.811	-10029.947	-5779.1113	1573.0469	-3672.0376	-8619.592	110.0	110.0	353099	-367779.22	636974.25	47031.473	-12081875.0	365561.94	448046430.0	1703.828498840332
215	-6593.634	1713.5183	-4218.005	-9672.318	-4995.511	2245.106	-724.2208	-7718.4707	110.0	110.0	354749	-382851.97	660449.6	47538.03	-12367367.0	380407.6	481630800.0	1711.7442383766174
216	-5404.38	2486.6597	-519.4551	-10135.061	-5430.7407	1393.9916	-3465.741	-7861.0156	110.0	110.0	356399	-398975.1	682383.2	47194.12	-12798244.0	396587.12	517304000.0	1719.9349675178528
217	-6482.214	1880.0292	-1301.4663	-9768.744	-4651.575	2015.5104	-1463.0177	-8178.6035	110.0	110.0	358049	-410773.4	704565.25	47148.348	-13039854.0	408227.0	553929340.0	1728.0839352607727
218	-6432.02	1380.0757	-4633.8984	-9455.466	-6746.125	1669.388	-4193.2324	-9734.013	110.0	110.0	359699	-430219.66	732366.25	45932.723	-13567127.0	427831.47	597259260.0	1736.1531429290771
219	-5559.7505	2195.6768	-332.34082	-9333.633	-6600.218	2900.3003	-85.481804	-10547.073	110.0	110.0	361349	-444881.94	751087.6	46201.758	-13981716.0	442150.12	646257800.0	1744.2470939159393
220	-6316.545	1135.9952	-4036.233	-8417.286	-5825.4116	1940.552	-2737.8718	-9484.444	110.0	110.0	362999	-456370.22	767418.94	44644.934	-14299404.0	453499.03	694299300.0	1752.073540687561
221	-5187.2827	1786.9031	-204.25652	-7790.898	-6836.5337	1927.5515	-4128.632	-10001.352	110.0	110.0	364649	-472872.56	794888.0	46487.98	-14898146.0	469791.66	734953600.0	1760.216046333313
222	-6601.4395	1504.4292	-4334.9736	-8990.771	-6888.3047	2167.6284	-4849.154	-11658.046	110.0	110.0	366299	-487631.94	827353.8	44201.344	-14962897.0	484278.84	802565440.0	1768.038166999817
223	-7656.2314	1910.671	-4876.117	-11611.584	-8553.978	2575.5913	-6325.355	-14647.7295	110.0	110.0	367949	-503297.5	849984.5	45909.707	-14942433.0	499946.94	850574340.0	1775.968489408493
224	-6379.704	1640.9823	-3933.0312	-8623.087	-6120.5166	1462.7484	-4280.811	-9516.606	110.0	110.0	369599	-511934.38	861820.0	44833.688	-15846997.0	508407.22	922044740.0	1783.6567497253418
225	-7780.028	2431.605	-4047.9	-13446.913	-6046.1777	2424.3486	-322.11823	-9530.344	110.0	110.0	371249	-532998.1	905267.8	47571.27	-16306488.0	529398.7	967842200.0	1791.710872411728
226	-6383.3057	1799.1294	-3333.3696	-9781.716	-7910.522	2022.7483	-3994.6548	-9771.444	110.0	110.0	372899	-542936.0	916321.6	47157.688	-16836034.0	539035.7	1034591550.0	1799.8787307739258
227	-6878.107	2649.7363	-2056.8223	-12520.344	-6106.257	1858.0614	-2372.3074	-8901.469	110.0	110.0	374549	-560052.06	953422.0	46335.875	-17204600.0	556103.06	1116757200.0	1807.843171596527
228	-6703.4443	2035.1272	-3971.922	-10410.616	-6395.236	2334.9885	-147.17564	-8948.5	110.0	110.0	376199	-569671.8	963103.0	47310.44	-17828100.0	565308.25	1170986000.0	1816.0600836277008
229	-6778.3613	2193.1934	-2817.518	-10764.095	-7884.413	1469.1783	-6017.1025	-11510.786	110.0	110.0	377849	-582844.44	990580.25	45978.617	-17989318.0	578870.44	1270618800.0	1824.069212436676
230	-6992.314	2481.247	-3953.2117	-12779.571	-6983.0635	1846.9761	-4516.854	-9618.388	110.0	110.0	379499	-592071.56	1006561.6	46935.53	-18724496.0	587865.75	1322958500.0	1832.1917607784271
231	-6695.4517	2294.4287	-3821.8142	-11671.4375	-6871.8604	2109.6387	-3682.527	-11000.449	110.0	110.0	381149	-605592.06	1044101.94	46789.1	-19475854.0	601445.44	1390299600.0	1840.0195450782776
232	-6955.493	2321.3323	-3680.1414	-12664.038	-7084.134	1741.444	-4397.5215	-10477.947	110.0	110.0	382799	-626833.0	1079556.0	44886.426	-19966896.0	622921.56	1501427700.0	1848.1422278881073
233	-6459.5146	1582.7938	-3555.1936	-9156.056	-6349.0273	1343.6356	-4365.2603	-7913.7515	110.0	110.0	384449	-640826.6	1103811.8	42105.375	-20360120.0	636880.75	1547337500.0	1855.8720009326935
234	-7810.022	2224.3772	-4762.9893	-11373.001	-7578.993	1247.178	-5927.5063	-10520.89	110.0	110.0	386099	-663159.75	1150018.6	43068.027	-20969232.0	659032.8	1672371600.0	1863.9597396850586
235	-7335.438	1999.9293	-4946.7373	-12217.888	-6564.2954	2377.105	-3504.515	-12186.186	110.0	110.0	387749	-684418.7	1168694.2	43274.46	-21721348.0	680282.44	1798947800.0	1872.0329551696777
236	-7449.1694	1740.196	-4674.473	-11034.626	-7010.909	2119.8052	-3519.8599	-10303.849	110.0	110.0	389399	-702972.7	1211048.8	41929.91	-22066704.0	698657.9	1904662400.0	1880.2805752754211
237	-7808.731	2803.124	-1493.4734	-12909.999	-6562.1846	1864.7511	-3278.506	-10696.864	110.0	110.0	391049	-721841.94	1241721.8	44102.2	-22728448.0	717347.25	2062890600.0	1888.3271157741547
238	-6477.468	2118.965	-64.52765	-9726.787	-6695.9365	2468.5356	-4238.131	-12007.604	110.0	110.0	392699	-739506.8	1279982.9	40894.55	-23621422.0	735136.75	2187887900.0	1896.7832906246185
239	-6990.2847	1575.2354	-4241.2734	-9452.56	-6191.3936	1470.2352	-3613.6467	-8486.446	110.0	110.0	394349	-760931.75	1314576.4	44820.812	-23372138.0	756762.44	2299795500.0	1904.6041514873505
240	-7057.119	2057.4856	-3618.4148	-11334.549	-7934.9717	2665.8943	-4911.941	-13150.52	110.0	110.0	395999	-779970.4	1328162.9	39441.367	-23118076.0	775377.44	2481670000.0	1912.6327168941498
241	-7777.3286	1553.257	-4805.572	-10949.344	-7324.449	1728.9481	-4204.582	-10948.9375	110.0	110.0	397649	-804353.1	1397276.4	45757.258	-25224792.0	799742.44	2623888000.0	1920.8192467689514
242	-7884.649	2633.6465	-4139.0977	-13432.079	-7159.721	2081.1548	-3539.6677	-9166.082	110.0	110.0	399299	-827907.3	1423274.9	44463.0	-25545512.0	823304.6	2842618000.0	1929.0115878582
243	-6580.517	1433.2688	-4362.0845	-9617.932	-6645.0703	2111.6729	-3891.1423	-11719.406	110.0	110.0	400949	-843959.0	1455867.4	39078.902	-26604688.0	838814.75	2936673800.0	1937.131974697113
244	-8133.781	1981.4298	-5809.005	-13018.837	-7358.2803	1395.4991	-5142.0947	-9631.544	110.0	110.0	402599	-867027.06	1492677.4	45022.348	-25244276.0	862044.0	3089098200.0	1945.3700420856476
245	-7629.637	1839.54	-4117.264	-10636.72	-7407.7217	2220.2327	-4838.1978	-12746.655	110.0	110.0	404249	-899509.0	1540897.9	41786.39	-27457496.0	894584.6	3325659100.0	1953.1094551086426
246	-7876.9097	2032.4246	-3820.7483	-11324.249	-7368.1226	2600.6113	-4461.795	-11289.049	110.0	110.0	405899	-911235.0	1550575.0	43783.395	-27499642.0	905584.94	3508538400.0	1960.897937297821
247	-7111.9062	2112.4192	-4502.6484	-11690.145	-7887.5713	1798.1575	-5187.6978	-11189.608	110.0	110.0	407549	-936658.4	1626390.0	45162.48	-27953932.0	931439.2	3674534700.0	1968.6588926315308
248	-6416.925	2596.5588	-1053.8776	-10450.767	-7684.221	1614.4159	-5883.5522	-10236.895	110.0	110.0	409199	-962580.9	1661113.0	45270.664	-29569696.0	957601.56	3945232100.0	1976.566942691803
249	-8059.8105	1405.9828	-5057.9634	-10982.367	-7465.8467	1451.8375	-5534.3057	-10409.755	110.0	110.0	410849	-996259.2	1713804.4	44864.008	-30236440.0	991040.56	4207229000.0	1984.39071393013
250	-7308.875	2190.7178	-3731.137	-11616.219	-6368.1074	1214.36	-3676.6365	-8187.0254	110.0	110.0	412499	-1013793.9	1724556.6	44356.062	-31064616.0	1008661.1	4401028000.0	1992.67591381073
251	-7498.9297	2607.0012	-3803.3926	-12981.808	-7382.232	2048.7336	-4531.9985	-11678.952	110.0	110.0	414149	-1043373.6	1782333.8	42088.844	-30843264.0	1038405.8	4638256600.0	2000.4673388004303
252	-7315.956	1394.6189	-3972.4429	-9796.248	-7170.163	2222.6946	-3769.327	-10822.788	110.0	110.0	415799	-1071294.5	1815421.9	38359.145	-32772930.0	1066325.4	4814540300.0	2008.3993093967438
253	-7282.687	1740.701	-4968.884	-11109.735	-7823.6533	2147.1553	-5189.4253	-11395.741	110.0	110.0	417449	-1105788.4	1874447.5	43828.184	-32834728.0	1100778.0	5237860400.0	2016.395461320877
254	-6760.5757	1494.5647	-3869.2932	-10229.033	-6823.96	1844.6168	-4018.0151	-9945.931	110.0	110.0	419099	-1145786.0	1928124.9	43846.254	-32727284.0	1140367.0	5583997400.0	2024.510266304016
255	-7172.1978	1785.9042	-5033.128	-10403.926	-7363.893	1658.5646	-4536.362	-10212.65	110.0	110.0	420749	-1184215.6	1993991.9	43212.832	-35343948.0	1179034.9	5866837500.0	2032.4262311458588
256	-7520.031	1630.9752	-5107.2656	-10154.325	-7660.4297	1559.9735	-5534.107	-9763.402	110.0	110.0	422399	-1204819.1	2021084.6	43102.797	-35891844.0	1199191.9	6104833500.0	2040.214025735855
257	-8032.8174	2301.8594	-4417.095	-12458.502	-7587.5586	2263.3347	-3785.0657	-10562.12	110.0	110.0	424049	-1236294.9	2065154.4	39326.785	-36801204.0	1230781.5	6566043000.0	2048.441281557083
258	-7058.202	1798.8359	-3810.4414	-9878.665	-7044.9033	1718.558	-4980.6196	-9444.822	110.0	110.0	425699	-1272376.6	2130046.8	39216.77	-37344468.0	1266693.1	6942911500.0	2056.688821554184
259	-6858.6396	1754.464	-4284.8135	-10077.661	-6793.5757	1291.3392	-4783.422	-8759.902	110.0	110.0	427349	-1305209.9	2175290.2	41870.227	-37969276.0	1299180.1	7329120000.0	2064.8311655521393
260	-5944.1064	1576.6875	-3878.0168	-8831.329	-7435.2837	2303.012	-3962.437	-11820.625	110.0	110.0	428999	-1333990.2	2205001.2	39179.906	-39731452.0	1327704.8	7769742300.0	2073.000011444092
261	-7208.1865	1887.6863	-4956.2715	-11665.53	-6504.3184	2048.633	-3936.361	-10682.015	110.0	110.0	430649	-1380256.6	2293034.2	42350.06	-39678812.0	1373646.2	8250034700.0	2081.2700564861298
262	-7185.0225	1261.5037	-5230.3545	-9300.181	-6363.868	1894.74	-2797.9407	-9866.363	110.0	110.0	432299	-1422054.2	2378734.0	34938.816	-41667076.0	1416082.1	8638269000.0	2089.050546646118
263	-7785.1626	1809.6555	-4221.3594	-10697.941	-8729.604	1417.1147	-6243.454	-10606.411	110.0	110.0	433949	-1468905.0	2450952.2	42150.867	-42148344.0	1463097.2	9113051000.0	2096.8250954151154
264	-7320.251	2357.334	-3970.0547	-13054.833	-7729.983	2066.154	-4616.8228	-11433.818	110.0	110.0	435599	-1495150.8	2465759.2	41476.73	-40361628.0	1489338.8	9677679000.0	2104.9648683071136
265	-7442.954	1902.6699	-4861.6567	-11247.305	-6699.825	1602.3234	-3729.0762	-9765.276	110.0	110.0	437249	-1553092.9	2566875.5	38952.625	-44571630.0	1547486.5	10424799000.0	2113.1221041679382
266	-5861.8057	1096.3934	-4523.842	-8264.212	-6772.25	2258.9302	-3747.297	-11002.271	110.0	110.0	438899	-1593138.2	2642634.0	38561.03	-45118956.0	1587397.5	10816002000.0	2121.107424736023
267	-7342.6304	1898.348	-3598.4592	-11566.566	-6781.0596	1622.6808	-5298.42	-10743.469	110.0	110.0	440549	-1643146.4	2712459.5	34966.14	-45813656.0	1637170.2	11513082000.0	2129.2885732650757
268	-7389.622	1809.6404	-4209.6016	-9819.726	-7484.84	1735.9774	-4540.304	-9680.016	110.0	110.0	442199	-1687618.5	2754679.2	37734.36	-46844024.0	1680905.9	12208908000.0	2137.3597617149353
269	-7901.1953	2210.2668	-4295.29	-12505.605	-6417.5176	1418.332	-4126.446	-8499.169	110.0	110.0	443849	-1712361.8	2786282.0	33137.094	-48970816.0	1706271.4	13021941000.0	2145.593247652054
270	-7379.2144	1683.954	-4146.6685	-10758.636	-7190.4907	1639.6968	-5097.5693	-10211.227	110.0	110.0	445499	-1776187.0	2910111.2	37244.473	-49203770.0	1769845.2	13534646000.0	2153.7527537345886
271	-6836.8057	1852.52	-2710.8164	-11260.351	-8243.393	1624.507	-4818.469	-10847.664	110.0	110.0	447149	-1818837.1	2972094.2	32129.086	-50383824.0	1812543.2	14191284000.0	2161.6856818199158
272	-6850.367	1835.0186	-3994.153	-10134.488	-6775.228	1270.5756	-4981.685	-8977.859	110.0	110.0	448799	-1872715.4	3041979.8	33112.38	-52550028.0	1866069.6	14975373000.0	2169.734157562256
273	-8596.092	2548.1296	-4486.438	-12802.227	-6436.422	2093.7812	-3765.5198	-10195.478	110.0	110.0	450449	-1924881.5	3118905.5	30551.127	-54423000.0	1918174.1	15828395000.0	2178.214858531952
274	-7670.9854	2274.373	-3915.5366	-11471.207	-7830.0835	1366.7183	-6212.3857	-10716.498	110.0	110.0	452099	-1980525.1	3188043.8	32129.6	-51086084.0	1973497.8	16637697000.0	2186.3034093379974
275	-7018.2964	2083.932	-4048.9302	-11506.083	-7522.728	815.11145	-6039.119	-8787.673	110.0	110.0	453749	-2034479.5	3280702.0	32092.652	-54943370.0	2026943.8	17258095000.0	2194.1748304367065
276	-7078.0312	1928.7968	-3605.983	-10540.528	-6802.378	1663.2123	-4804.797	-9526.15	110.0	110.0	455399	-2079154.6	3326076.2	32238.676	-57648710.0	2070552.9	18333979000.0	2202.0759630203247
277	-7060.4434	1582.9327	-4395.5337	-10850.833	-7540.7983	2289.2727	-4662.679	-12068.99	110.0	110.0	457049	-2120380.8	3415520.8	23209.76	-57731200.0	2111287.2	19174570000.0	2210.146254301071
278	-6843.154	1672.1289	-3992.4048	-11822.098	-6889.5493	1592.5258	-3420.5332	-8887.895	110.0	110.0	458699	-2151107.2	3421205.2	24135.547	-58802520.0	2142230.8	19593066000.0	2217.934473991394
279	-6436.6953	1556.7455	-3922.194	-9252.075	-6887.794	2293.819	-4044.1938	-9851.629	110.0	110.0	460349	-2202803.0	3524407.0	25136.95	-57147124.0	2193536.8	20724148000.0	2226.1579229831696
280	-6891.362	1755.7717	-4915.4395	-10394.313	-7745.297	1383.8556	-5894.439	-10385.965	110.0	110.0	461999	-2246449.0	3591633.0	34323.54	-62714916.0	2236623.0	21534558000.0	2234.4043505191803
281	-7467.9683	1842.3094	-4516.4883	-10592.337	-8161.298	1518.0697	-5701.31	-10515.553	110.0	110.0	463649	-2295586.8	3673529.5	27466.182	-58745470.0	2285733.8	22173475000.0	2242.5957322120667
282	-7187.008	2254.9392	-3836.5493	-10629.872	-7257.6143	1419.8945	-5210.6377	-9487.912	110.0	110.0	465299	-2362235.5	3812419.2	35330.99	-64084292.0	2352476.2	23152222000.0	2250.527305841446
283	-7956.8135	2111.6191	-4596.076	-13535.493	-7625.542	1766.7097	-4461.374	-10610.869	110.0	110.0	466949	-2383580.5	3767395.0	26774.87	-62977452.0	2372844.8	24139162000.0	2258.254846572876
284	-7606.93	1670.9204	-5154.9966	-11179.292	-7931.057	2074.5522	-3923.298	-11172.332	110.0	110.0	468599	-2460800.2	3947848.0	35493.395	-64678930.0	2450209.0	24865761000.0	2266.426356315613
285	-8455.405	2000.0952	-5158.136	-12191.572	-7090.643	2018.0724	-4102.282	-12166.588	110.0	110.0	470249	-2483582.5	3958835.5	19310.48	-66125530.0	2472380.8	26155651000.0	2274.4968116283417
286	-8225.159	2420.379	-4096.9575	-13338.477	-6789.448	2178.2207	-2757.6213	-11545.06	110.0	110.0	471899	-2558108.5	4051682.8	25859.752	-66845496.0	2546563.5	27007000000.0	2282.2311091423035
287	-7597.272	1703.4128	-5067.89	-11557.64	-8009.6475	1476.0056	-5138.817	-10305.172	110.0	110.0	473549	-2601702.8	4158017.5	32556.156	-66583864.0	2590266.2	28667804000.0	2290.4803671836853
288	-8342.926	1492.8384	-5684.375	-11277.605	-6995.418	2093.7222	-3814.3435	-11919.79	110.0	110.0	475199	-2660903.2	4291532.0	30608.584	-67586670.0	2649669.0	29794810000.0	2298.7465505599976
289	-8172.109	2341.671	-4873.0493	-11958.134	-8022.952	2621.22	-4934.026	-13557.997	110.0	110.0	476849	-2714890.2	4346318.5	15161.354	-69010160.0	2703242.0	30278394000.0	2306.9980421066284
290	-8224.232	2028.5513	-2988.4463	-10933.748	-8052.9346	2349.8164	-4198.454	-11480.432	110.0	110.0	478499	-2759524.2	4467486.0	27560.79	-73695864.0	2747832.0	32312226000.0	2315.2431643009186
291	-7409.775	1944.9259	-4065.8486	-11732.354	-7724.22	2517.519	-4047.2168	-11993.247	110.0	110.0	480149	-2832011.8	4552806.5	25896.287	-70623784.0	2819824.2	33689560000.0	2323.3971524238586
292	-7326.2837	1798.2607	-4113.1436	-10405.801	-6547.3374	1836.9596	-3580.7993	-9606.198	110.0	110.0	481799	-2874263.8	4626957.0	23545.234	-76292430.0	2861738.0	34809475000.0	2331.440121412277
293	-7715.1665	1353.8837	-5214.7344	-9729.299	-8140.0225	3018.1885	-3220.117	-13609.367	110.0	110.0	483449	-2966705.8	4808889.0	22395.473	-72615150.0	2954274.2	36188900000.0	2339.650981426239
294	-7189.732	1845.6147	-4087.2637	-11224.28	-7617.828	2141.2742	-4583.792	-11237.21	110.0	110.0	485099	-3015835.2	4892012.5	13127.44	-80777670.0	3002500.2	37386367000.0	2347.497891187668
295	-8115.139	1655.1327	-5194.85	-10623.435	-8053.8257	1675.3542	-4294.615	-10184.672	110.0	110.0	486749	-3074745.5	4952067.5	22477.814	-82818530.0	3060654.0	39538385000.0	2355.544753074646
296	-8568.655	1506.2615	-5172.163	-11165.86	-6848.995	1927.4946	-4238.816	-11844.644	110.0	110.0	488399	-3130596.8	5065851.5	15829.095	-78544056.0	3116343.8	41522573000.0	2363.4231770038605
297	-6984.0093	2170.775	-4116.7256	-12770.852	-8094.9443	2103.0818	-3649.2256	-11325.098	110.0	110.0	490049	-3193317.5	5210945.5	15931.316	-84567470.0	3179483.5	41973514000.0	2371.618385076523
298	-7674.4272	1862.0541	-4577.855	-11989.006	-8430.392	1488.1003	-6370.622	-11293.165	110.0	110.0	491699	-3264242.8	5312141.5	14459.386	-85936850.0	3249763.5	44944052000.0	2379.746124267578
299	-7667.8965	1598.3687	-5493.245	-11790.6455	-7541.825	1919.2015	-4259.454	-10917.643	110.0	110.0	493349	-3364680.2	5492300.0	16145.254	-89764136.0	3351751.8	46597870000.0	2387.5288355350494
300	-6790.4165	1726.2975	-4141.2524	-10364.56	-7193.1943	2182.8682	-3247.775	-10704.792	110.0	110.0	494999	-3431779.2	5565799.0	14531.954	-89831870.0	3419348.5	48717468000.0	2395.6866748332977
301	-7678.2134	1438.9916	-4455.314	-10647.118	-7928.991	2667.0452	-3557.8704	-11466.503	110.0	110.0	496649	-3487846.2	5658228.5	-6180.9126	-91434024.0	3474356.2	50647690000.0	2403.8575065135956
302	-8284.1045	2194.372	-4894.612	-12112.722	-7463.3306	1893.8588	-2992.5942	-10702.239	110.0	110.0	498299	-3566641.0	5806519.5	7000.7886	-95554650.0	3553227.2	52337095000.0	2412.037705898285
303	-8694.698	2128.5312	-5541.6567	-12375.46	-7816.62	1464.0846	-4588.2544	-9985.938	110.0	110.0	499949	-3673049.8	5934193.0	2523.3923	-91003150.0	3658516.8	55234740000.0	2420.3301281929016
304	-6874.7812	1906.2147	-3468.539	-9885.909	-6971.788	2294.2542	-4001.9985	-11841.097	110.0	110.0	501599	-3755617.2	6108396.0	7743.704	-95770790.0	3741185.0	58466720000.0	2428.589373111725
305	-7060.798	1322.4594	-4729.486	-9962.5205	-8259.1045	2034.5413	-6266.2056	-12915.529	110.0	110.0	503249	-3844151.5	6275006.0	3495.6677	-98041160.0	3828703.0	61170598000.0	2436.2990679740906
306	-8390.993	1661.9525	-6306.215	-11796.091	-8107.4834	1704.2249	-5826.2607	-11641.063	110.0	110.0	504899	-3888026.5	6331483.5	-2920.281	-103044660.0	3872758.0	63106044000.0	2444.4840404987335
307	-8300.716	2192.337	-4000.4338	-11538.527	-8218.62	1778.5382	-5443.738	-10615.036	110.0	110.0	506549	-4030503.2	6576156.0	-1223.4619	-101601704.0	4015683.0	66134483000.0	2452.2819333076477
308	-7787.732	2169.7634	-3577.6074	-13628.067	-8224.822	1966.5797	-4316.743	-10749.771	110.0	110.0	508199	-4119331.2	6709642.5	11585.087	-103662776.0	4103306.5	69300130000.0	2460.0258555412292
309	-8637.548	1343.5394	-6397.557	-11561.53	-7923.622	1838.7584	-3778.6013	-10100.407	110.0	110.0	509849	-4195476.5	6906129.5	2367.4363	-104520000.0	4176668.8	72287760000.0	2467.804372549057
310	-8174.2734	2700.5747	-3546.357	-13011.915	-5940.7705	1226.1998	-4376.441	-8240.268	110.0	110.0	511499	-4277592.5	7055758.5	8857.994	-109597970.0	4259180.5	74577570000.0	2475.8009390830994
311	-8042.222	1583.7292	-5318.3447	-11101.684	-7105.405	1834.2489	-4782.696	-10632.251	110.0	110.0	513149	-4360091.5	7175696.0	-16495.826	-111969280.0	4341783.5	77902020000.0	2484.0531005859375
312	-8338.384	2040.1982	-4865.8916	-11454.577	-6788.608	1541.9874	-3508.4688	-8674.382	110.0	110.0	514799	-4429919.0	7312216.5	-14218.871	-116014140.0	4412112.5	81023300000.0	2492.177020072937
313	-7102.8687	1906.9595	-4294.9917	-11109.798	-8323.941	1594.4358	-5972.335	-12220.674	110.0	110.0	516449	-4536411.5	7512047.0	-18189.205	-112987970.0	4519843.5	84042300000.0	2500.0778670310974
314	-7316.2505	2267.2815	-3455.3362	-11802.177	-8335.864	2278.472	-4046.3606	-11498.291	110.0	110.0	518099	-4683376.0	7834000.0	-8507.159	-120704550.0	4665827.0	89179750000.0	2508.007438659668
315	-7932.735	1998.2672	-4383.9795	-12011.838	-7595.432	964.9618	-6034.592	-9477.09	110.0	110.0	519749	-4743451.0	7868740.0	-26856.469	-116470590.0	4724344.0	91598045000.0	2516.0683641433716
316	-7626.2373	2407.6968	-3600.005	-10658.604	-7431.6025	2028.1399	-5070.081	-10524.12	110.0	110.0	521399	-4866362.0	8113299.0	-14645.339	-118542520.0	4848391.0	95714360000.0	2523.8557374477386
317	-7459.52	2999.3364	-3972.1018	-13695.035	-8132.0796	1537.4738	-6259.425	-10786.295	110.0	110.0	523049	-4967405.5	8344275.5	11811.659	-128242230.0	4948379.0	101113045000.0	2531.955099105835
318	-7954.9033	1810.4639	-5841.7505	-13351.309	-7334.315	2292.8713	-3208.3381	-11381.139	110.0	110.0	524699	-5095371.0	8506921.0	-15487.255	-131036350.0	5076203.0	105318510000.0	2539.9149086475372
319	-7503.368	1716.7322	-4800.324	-11545.133	-7916.669	1468.4609	-5188.057	-10406.934	110.0	110.0	526349	-5204237.5	8664061.0	-35253.49	-132009980.0	5185466.5	111779240000.0	2548.112919807434
320	-7621.2397	1793.3488	-3353.0046	-10165.638	-8509.055	2493.5615	-3842.6907	-12137.013	110.0	110.0	527999	-5313084.0	8844608.0	-14549.759	-133836104.0	5292138.5	114672100000.0	2555.789677619934
321	-7449.728	1325.761	-5408.7886	-10728.079	-6675.292	2462.207	-4015.4058	-12556.773	110.0	110.0	529649	-5372754.5	8957598.0	10420.377	-133859384.0	5350742.5	118682124000.0	2563.982988834381
322	-8111.5283	1645.9667	-5839.361	-12046.814	-7434.008	1418.5614	-5253.06	-9517.16	110.0	110.0	531299	-5535634.0	9328821.0	11407.133	-137530720.0	5514120.0	124388900000.0	2572.12380194664
323	-7139.8833	1628.6453	-3999.1018	-10262.955	-7493.5156	2270.297	-4718.4243	-12028.962	110.0	110.0	532949	-5672159.5	9508959.0	4926.7163	-142905060.0	5654221.5	129960270000.0	2580.1152946949005
324	-6526.798	1463.3331	-4327.5146	-9547.281	-6880.6045	1472.693	-4165.3765	-9182.897	110.0	110.0	534599	-5756439.0	9542419.0	-34761.758	-146597070.0	5736679.0	139531390000.0	2588.070117712021
325	-8195.671	1558.7295	-3885.9202	-10346.338	-7202.0967	1904.5061	-4324.197	-10747.916	110.0	110.0	536249	-5891930.5	9886476.0	-34633.805	-144176560.0	5870360.0	142461490000.0	2595.8198432922363
326	-7132.8247	1738.4419	-4060.8855	-10582.09	-7435.111	1223.3118	-5395.983	-9457.634	110.0	110.0	537899	-6040065.0	10155971.0	-45008.465	-151031330.0	6017815.5	151006430000.0	2603.9438750743866
327	-7313.211	2532.7407	-3883.3308	-13289.519	-8086.118	2142.3926	-5109.721	-12604.013	110.0	110.0	539549	-6167337.0	10435401.0	-23547.945	-150297140.0	6146342.0	153765020000.0	2611.9569251537323
328	-7281.5703	2022.1938	-4220.1104	-10391.0205	-6986.794	927.0959	-5525.1763	-8867.312	110.0	110.0	541199	-6336741.0	10615578.0	-51998.77	-152651380.0	6315530.5	163377820000.0	2620.1113085746765
329	-7376.8174	1534.9462	-4607.7827	-10953.06	-7848.965	2234.1724	-3483.3215	-10958.99	110.0	110.0	542849	-6435114.0	10909991.0	-24081.373	-157841170.0	6410742.0	170566250000.0	2628.240458250046
330	-7342.479	1426.2058	-4925.1025	-9709.716	-6571.3647	1227.6846	-4322.222	-9280.691	110.0	110.0	544499	-6595484.0	11144925.0	-31779.033	-164641260.0	6574375.5	178397040000.0	2636.2448291778564
331	-6238.2534	1697.884	-3804.3008	-10024.294	-8120.0166	1961.7711	-5434.703	-10708.924	110.0	110.0	546149	-6714864.0	11355758.0	-47655.8	-170309220.0	6690287.0	185512770000.0	2643.9763855934143
332	-6535.742	1770.9836	-3238.2778	-9303.634	-7466.8643	1309.3259	-5076.0605	-10117.743	110.0	110.0	547799	-6877997.0	11628940.0	-38309.957	-173413520.0	6854890.5	194487190000.0	2652.1451694965363
333	-6664.4897	2060.1724	-4042.0122	-10814.003	-7702.8423	1898.7352	-5277.526	-11155.872	110.0	110.0	549449	-7023429.0	11803148.0	-43327.777	-168894640.0	6999925.0	203603570000.0	2660.3841876983643
334	-7303.5386	1402.9888	-4592.109	-9659.052	-7175.0938	1722.6061	-4814.0923	-10477.503	110.0	110.0	551099	-7173722.5	12020859.0	-75815.59	-175938830.0	7148083.5	209812900000.0	2668.0731732845306
335	-7030.252	1757.7437	-4440.534	-11598.795	-7185.229	1984.584	-4046.8137	-10585.945	110.0	110.0	552749	-7353463.5	12374068.0	-67088.984	-183630340.0	7326785.0	220724700000.0	2676.1873919963837
336	-6695.0464	2454.5222	-4193.6655	-12162.572	-6096.6943	1408.9601	-3557.7078	-7894.232	110.0	110.0	554399	-7478246.0	12639014.0	-88059.41	-183902900.0	7448460.5	231785250000.0	2684.32191324234
337	-6896.469	1889.7374	-3791.3547	-10231.256	-8236.203	1635.8602	-5639.415	-11166.315	110.0	110.0	556049	-7686882.0	12869552.0	-67349.22	-187264430.0	7660070.0	242541630000.0	2692.4032447338104
338	-6476.19	1748.6166	-3409.5525	-8468.563	-7285.962	1548.3262	-4881.2188	-10002.688	110.0	110.0	557699	-7895855.0	13500023.0	-68104.32	-192285280.0	7869959.5	250293080000.0	2700.2343406677246
339	-7252.439	2056.8108	-3913.485	-10789.92	-7488.572	2717.619	-4212.687	-11937.984	110.0	110.0	559349	-7992942.0	13494565.0	-111703.1	-201537550.0	7967135.0	261213240000.0	2708.172569513321
340	-6568.212	1530.7328	-3926.448	-8953.556	-7263.229	1214.1136	-5108.1206	-9187.823	110.0	110.0	560999	-8170356.5	13744676.0	-125610.49	-203179140.0	8142804.5	272432370000.0	2716.0153489112854
341	-6693.1963	1293.0748	-4819.942	-9500.698	-7730.047	2991.4731	-1399.6713	-12306.842	110.0	110.0	562649	-8351484.5	14166108.0	-100983.375	-205235950.0	8323453.5	282433750000.0	2724.1365299224854
342	-7943.6274	1935.005	-3981.841	-12329.353	-6785.378	1142.0312	-5337.497	-9126.425	110.0	110.0	564299	-8597771.0	14581089.0	-70397.19	-213967980.0	8567854.0	302320350000.0	2732.2440152168274
343	-7547.5176	1875.6299	-3799.4675	-10480.781	-6822.242	1858.3073	-3956.0671	-10132.32	110.0	110.0	565949	-8733374.0	14854912.0	-71294.96	-208664780.0	8701254.0	311429000000.0	2740.387148141861
344	-7672.828	2207.433	-4481.9175	-12318.819	-5729.3994	1723.5814	-3913.0696	-8908.448	110.0	110.0	567599	-8948343.0	15235303.0	-133711.3	-217469800.0	8916540.0	326773080000.0	2748.131933450699
345	-6961.273	2048.2153	-3357.0723	-10773.524	-7454.2944	1947.0293	-3840.5154	-10584.892	110.0	110.0	569249	-9122312.0	15582338.0	-69149.89	-219863520.0	9093223.0	332909770000.0	2756.3532185554504
346	-6908.086	1920.522	-4022.5413	-10955.055	-8307.061	1841.7953	-5362.849	-11412.342	110.0	110.0	570899	-9458524.0	16161014.0	-122512.586	-230275120.0	9428856.0	362327640000.0	2764.277892112732
347	-7100.8657	1167.8777	-5461.822	-9326.719	-7481.372	1570.5079	-4941.6216	-9633.272	110.0	110.0	572549	-9537960.0	16165333.0	-98352.19	-231895440.0	9505733.0	371826100000.0	2771.9353873729706
348	-6881.9917	1817.085	-3363.6816	-10056.315	-6476.643	1175.9591	-4702.991	-8307.43	110.0	110.0	574199	-9745861.0	16558196.0	-127261.65	-230778270.0	9714421.0	390683230000.0	2780.202403783798
349	-7247.762	1425.7148	-5258.484	-10267.234	-6642.569	2010.8849	-3368.349	-8787.034	110.0	110.0	575849	-9924742.0	16894110.0	-133765.97	-243197570.0	9893188.0	404664450000.0	2788.416848182678
350	-7834.53	2030.6412	-4576.2695	-11805.976	-7427.303	1361.1642	-5514.316	-10580.752	110.0	110.0	577499	-10156893.0	17252122.0	-138533.12	-245225600.0	10125880.0	428109900000.0	2796.58513379097
351	-7771.445	2304.9194	-4214.388	-11903.164	-8030.639	2215.014	-4992.2563	-11750.97	110.0	110.0	579149	-10435304.0	17628848.0	-115053.93	-247953180.0	10403783.0	451481930000.0	2804.4891860485077
352	-6642.6245	1917.7742	-4300.1963	-9937.432	-8212.537	2003.7355	-5329.2	-11802.848	110.0	110.0	580799	-10598940.0	17883638.0	-151862.0	-250513340.0	10565872.0	465451300000.0	2812.5382533073425
353	-7251.4604	1877.0306	-3558.9048	-10394.429	-7846.2197	2810.9666	-2530.0837	-11406.745	110.0	110.0	582449	-10800628.0	18134542.0	-191125.78	-256535150.0	10768148.0	483894500000.0	2820.7412588596344
354	-7425.7207	1828.2109	-4010.0283	-11494.474	-7575.565	2092.3015	-4279.179	-12020.699	110.0	110.0	584099	-11089011.0	18658778.0	-154238.08	-263071070.0	11055254.0	503293150000.0	2828.833340406418
355	-7460.312	1402.6434	-4440.673	-9710.744	-7971.5024	2082.601	-4768.6167	-12392.95	110.0	110.0	585749	-11367609.0	19340090.0	-181015.58	-267723470.0	11333160.0	528317580000.0	2836.987233877182
356	-7055.831	2137.752	-3733.6467	-12489.202	-7645.2314	2823.7932	-2516.2664	-10971.872	110.0	110.0	587399	-11596018.0	19442818.0	-170824.1	-260265580.0	11562024.0	550341000000.0	2844.781904697418
357	-6882.5513	1397.0592	-4613.349	-9843.366	-6280.029	1796.0348	-3250.131	-8725.884	110.0	110.0	589049	-11808615.0	19927246.0	-196240.62	-277458780.0	11772681.0	581164700000.0	2852.8794815540314
358	-7523.077	1295.0496	-5856.739	-9970.107	-6111.6763	1180.1093	-3811.249	-7605.035	110.0	110.0	590699	-12134793.0	20611834.0	-207529.7	-283240740.0	12098991.0	593272300000.0	2861.1101019382477
359	-7752.701	2096.6763	-5014.0566	-11766.55	-7205.919	1500.5221	-5763.0747	-11170.572	110.0	110.0	592349	-12412258.0	21092316.0	-198802.3	-289912700.0	12378867.0	627082200000.0	2869.2115931510925
360	-6747.423	1466.898	-3996.1377	-8443.42	-6301.9204	1447.7969	-3878.1082	-7964.0596	110.0	110.0	593999	-12731319.0	21605680.0	-227908.77	-288348220.0	12694269.0	658454540000.0	2877.2297270298004
361	-7698.4893	1876.6555	-4277.623	-11246.909	-7915.8384	2055.251	-4881.7036	-10925.29	110.0	110.0	595649	-13066866.0	22148834.0	-200619.67	-297690980.0	13028907.0	681646700000.0	2885.159337282181
362	-6692.3115	2057.3716	-3892.574	-11507.929	-7505.3516	1759.499	-4091.833	-10857.548	110.0	110.0	597299	-13390695.0	22638816.0	-229125.14	-297763700.0	13351659.0	705128560000.0	2893.329467535019
363	-7539.451	2161.3577	-4255.363	-11269.551	-7689.302	1386.6346	-5399.9766	-9807.725	110.0	110.0	598949	-13528070.0	23000306.0	-261363.45	-313177380.0	13487128.0	745965200000.0	2901.3155887126923
364	-7701.891	1820.2037	-4609.266	-11123.933	-6518.916	1617.6503	-4354.2446	-9101.292	110.0	110.0	600599	-13736018.0	23175934.0	-258022.03	-308659650.0	13692499.0	765015750000.0	2909.1519865989685
365	-7252.9365	1828.3306	-3585.2295	-9690.879	-6983.3135	1503.9496	-4639.2783	-9905.872	110.0	110.0	602249	-14104979.0	23747234.0	-244749.92	-319924540.0	14062590.0	794962200000.0	2916.843165397644
366	-7380.679	1938.144	-3617.9216	-11063.929	-7013.5664	1557.7499	-3922.183	-10163.209	110.0	110.0	603899	-14313051.0	24230534.0	-285587.12	-324824160.0	14267923.0	829846260000.0	2924.791805744171
367	-7281.336	2114.7686	-4222.8384	-11125.956	-6962.4155	1434.8317	-4418.9595	-8531.448	110.0	110.0	605549	-14799633.0	25174558.0	-242567.1	-334709400.0	14758386.0	867198600000.0	2932.6169714927673
368	-6774.255	2167.909	-4031.5962	-11474.384	-5999.4653	1610.1917	-4208.963	-9701.125	110.0	110.0	607199	-14910935.0	25111296.0	-271097.44	-341371700.0	14870672.0	897140260000.0	2940.714598417282
369	-6745.299	1628.106	-4253.806	-9994.64	-6890.811	2044.5879	-2358.5315	-9991.541	110.0	110.0	608849	-15375360.0	26056012.0	-330217.3	-347700600.0	15335331.0	940313600000.0	2948.572032928467
370	-5828.3643	1226.4996	-3983.5505	-8007.9824	-8292.363	1433.3793	-6372.505	-11587.37	110.0	110.0	610499	-15823202.0	26641322.0	-272042.84	-352712670.0	15783596.0	990045860000.0	2956.7333936691284
371	-7357.382	2218.1519	-3925.643	-12000.731	-6540.1914	1395.0798	-4230.9805	-8632.552	110.0	110.0	612149	-16126127.0	27146008.0	-270515.94	-359170180.0	16089532.0	1023103400000.0	2964.531281232834
372	-7020.899	1761.7662	-3563.5452	-9581.423	-7286.749	1841.8229	-4834.2065	-10347.611	110.0	110.0	613799	-16436754.0	27661738.0	-313797.4	-367881100.0	16400288.0	1066997200000.0	2972.6656761169434
373	-6933.047	1478.0203	-4314.1567	-9474.49	-6758.922	1298.7428	-5012.3735	-8656.503	110.0	110.0	615449	-16707379.0	27912048.0	-351832.28	-373550940.0	16667495.0	1110129200000.0	2980.551328420639
374	-7643.2134	1688.7711	-4879.6816	-11271.083	-7284.948	1451.2957	-5500.455	-9851.29	110.0	110.0	617099	-17199628.0	28767708.0	-317401.75	-378431330.0	17160530.0	1156728500000.0	2988.6608324050903
375	-6873.753	1839.9695	-4622.566	-11954.162	-7326.1133	1664.5455	-4206.969	-10903.82	110.0	110.0	618749	-17580256.0	29666584.0	-325837.03	-384002500.0	17538162.0	1200162100000.0	2996.6574351787567
376	-7395.3003	2079.7532	-4303.578	-11832.841	-6514.328	2050.2563	-3989.2454	-10665.002	110.0	110.0	620399	-17964834.0	30195790.0	-426078.4	-397548860.0	17922340.0	1250551900000.0	3004.517604827881
377	-6330.609	1633.137	-3734.118	-10026.976	-6030.573	950.4374	-4355.566	-7196.0557	110.0	110.0	622049	-18152554.0	30245320.0	-373912.3	-404456930.0	18108634.0	1303637300000.0	3012.2633340358734
378	-6568.0073	1534.0746	-4030.4453	-10449.58	-6183.1875	1934.156	-3979.2166	-9911.321	110.0	110.0	623699	-18588180.0	30989322.0	-387576.47	-401597150.0	18540810.0	1346728500000.0	3020.4652211666107
379	-6738.443	1787.1866	-1965.4182	-9429.157	-6414.9326	1705.9215	-4185.4194	-9038.869	110.0	110.0	625349	-19084702.0	31840560.0	-353421.9	-410410080.0	19035032.0	1407618000000.0	3028.21760225296
380	-7013.448	1594.065	-4617.146	-10740.407	-6947.0537	2044.4832	-4637.911	-12169.578	110.0	110.0	626999	-19390846.0	32355220.0	-399119.2	-419099550.0	19340900.0	1472054300000.0	3036.2888548374176
381	-6420.3926	2498.208	-3799.9763	-12017.39	-7597.518	1718.6604	-5725.2466	-10963.635	110.0	110.0	628649	-19961748.0	33278934.0	-489662.16	-424396480.0	19913762.0	1531666600000.0	3044.1091301441193
382	-6464.022	2367.6497	-3656.003	-11544.68	-6041.491	1709.987	-4155.6914	-9875.385	110.0	110.0	630299	-20325224.0	33754710.0	-511142.38	-430567840.0	20277600.0	1588762000000.0	3052.3248810768127
383	-5704.7583	1563.8491	-3702.7793	-9809.07	-6597.202	1463.6405	-3262.997	-8558.824	110.0	110.0	631949	-20477400.0	33649150.0	-497549.7	-435874240.0	20430428.0	1637119600000.0	3060.46297454834
384	-7936.8267	2232.5095	-4434.455	-10901.729	-7087.5186	1777.4651	-4401.992	-11651.498	110.0	110.0	633599	-21108792.0	34892252.0	-460163.47	-447528670.0	21062586.0	1716673300000.0	3068.710746526718
385	-6661.8706	1827.4844	-4208.9897	-11636.067	-6655.577	2051.5735	-4162.6304	-11848.784	110.0	110.0	635249	-21820880.0	36449310.0	-426140.47	-450195700.0	21772018.0	1771118300000.0	3076.9472398757935
386	-7355.144	2081.2356	-3974.8474	-11100.03	-5611.8853	869.7009	-4386.704	-6848.061	110.0	110.0	636899	-21992002.0	36269800.0	-439703.78	-462705380.0	21945504.0	1848756300000.0	3084.9522767066956
387	-6450.9966	1436.1978	-4296.038	-9274.091	-6445.1226	1989.1935	-3076.2986	-9344.489	110.0	110.0	638549	-22477758.0	37256420.0	-512943.62	-470415680.0	22432744.0	1921863400000.0	3093.200723171234
388	-6291.3013	2025.2372	-2662.852	-10706.274	-6931.212	2274.247	-3014.4885	-11168.25	110.0	110.0	640199	-22834178.0	37469680.0	-537068.94	-472385820.0	22785154.0	1992616200000.0	3101.3113594055176
389	-6901.8145	1830.3418	-4702.0986	-10977.521	-6868.329	2433.6228	-4064.0632	-11839.923	110.0	110.0	641849	-23266196.0	38164300.0	-705326.6	-481365760.0	23218332.0	2078821400000.0	3109.490660429001
390	-6970.5283	2326.6055	-3903.5615	-11969.019	-7446.228	2385.3325	-3889.631	-11892.375	110.0	110.0	643499	-23896084.0	39143372.0	-635847.6	-490672200.0	23843004.0	2161873500000.0	3117.718300819397
391	-6439.741	1735.1393	-4151.595	-10712.494	-5730.592	1421.6715	-3105.4014	-8618.271	110.0	110.0	645149	-24038962.0	39292224.0	-593852.94	-498013440.0	23986574.0	2238172600000.0	3125.97056722641
392	-8016.391	2028.811	-4097.766	-11288.76	-6846.7773	1792.575	-3477.0063	-10870.863	110.0	110.0	646799	-24497476.0	39921420.0	-522187.1	-503217570.0	24439938.0	2308329200000.0	3134.238741874695
393	-7617.0186	1766.8206	-5004.9507	-11615.806	-7586.228	2103.8958	-4950.002	-11853.827	110.0	110.0	648449	-25210888.0	41163644.0	-615278.25	-510715970.0	25152850.0	2412403500000.0	3142.5265691280365
394	-6389.8276	2038.5913	-4065.381	-11137.221	-6601.3813	1780.0974	-3586.7842	-8915.038	110.0	110.0	650099	-25782218.0	42117508.0	-699718.8	-530670800.0	25727668.0	2496089000000.0	3150.61363530159
395	-7426.696	2031.7986	-4003.9548	-11420.994	-7029.46	2167.6248	-3829.9258	-10316.474	110.0	110.0	651749	-25963266.0	42336692.0	-563308.44	-531891740.0	25907848.0	2606965700000.0	3158.8752841949463
396	-6227.836	1001.693	-4579.8164	-8026.093	-7415.139	2437.5625	-3807.347	-11870.78	110.0	110.0	653399	-26463998.0	42968504.0	-568312.5	-541252740.0	26406986.0	2669698000000.0	3167.0215694904327
397	-7321.5815	1988.0073	-4079.6663	-10095.422	-6677.328	2227.8533	-3876.1536	-11038.599	110.0	110.0	655049	-27188094.0	44644972.0	-779974.75	-552381800.0	27131964.0	2740446300000.0	3175.2472760677338
398	-6688.941	2026.1215	-3960.462	-10954.101	-6074.143	1290.2302	-4170.582	-7774.6123	110.0	110.0	656699	-27499916.0	44708320.0	-724753.7	-552122800.0	27443210.0	2870709800000.0	3183.225868701935
399	-6993.2104	1588.769	-4959.2935	-10468.477	-7655.677	1827.5005	-4457.1904	-11085.382	110.0	110.0	658349	-28010980.0	45213100.0	-797005.44	-554177700.0	27952222.0	2990246500000.0	3191.377384185791
400	-7551.2554	1882.6483	-5311.0107	-11670.375	-7959.292	1805.6814	-5437.335	-10709.57	110.0	110.0	659999	-28555734.0	46088856.0	-663243.6	-561733060.0	28494680.0	3097052000000.0	3199.2874743938446
401	-6516.2163	1113.1045	-3883.4167	-7870.384	-6076.519	1810.6061	-2970.5967	-8026.628	110.0	110.0	661649	-28902676.0	46444976.0	-841083.8	-582549900.0	28839216.0	3166744000000.0	3206.975505590439
402	-6830.159	1741.8326	-4447.2524	-10878.573	-6577.6094	1355.4762	-4466.8047	-8688.965	110.0	110.0	663299	-29565176.0	47661484.0	-689027.4	-589454900.0	29500772.0	3332386300000.0	3215.030980825424
403	-6790.7173	2239.6821	-2565.7454	-11736.676	-5745.9004	1682.959	-3623.0913	-8967.781	110.0	110.0	664949	-29837386.0	47571860.0	-978663.8	-603565630.0	29772320.0	3420216600000.0	3223.1221673488617
404	-7136.032	1333.6564	-4987.778	-9582.682	-7817.6	1545.6476	-5421.476	-9973.819	110.0	110.0	666599	-30654364.0	48707970.0	-876903.94	-598310700.0	30590912.0	3521476600000.0	3231.0543129444122
405	-7331.1123	2645.2239	-4020.9885	-11957.909	-7239.521	1964.6162	-4262.1978	-10354.96	110.0	110.0	668249	-31033634.0	49383030.0	-869909.4	-614255100.0	30967060.0	3609726000000.0	3238.852493286133
406	-6645.999	1404.826	-3525.9143	-8397.49	-7229.0635	1779.857	-3951.998	-10328.293	110.0	110.0	669899	-31647680.0	50523790.0	-810743.5	-625870140.0	31581754.0	3757798300000.0	3246.789186477661
407	-6674.902	1379.9146	-4271.8433	-8915.992	-6493.667	1183.5817	-4893.6094	-7931.298	110.0	110.0	671549	-32119080.0	50963564.0	-806184.8	-626410430.0	32053436.0	3889809300000.0	3256.564822435379
408	-6257.767	1423.257	-4570.1177	-9525.98	-6310.843	1533.4071	-3983.4167	-9122.088	110.0	110.0	673199	-32937644.0	52436404.0	-977015.56	-644395840.0	32871174.0	4002888000000.0	3266.1728632450104
409	-6468.619	1501.6875	-3872.8735	-8823.332	-6704.0967	1582.7279	-4245.8896	-9591.805	110.0	110.0	674849	-33077698.0	52216544.0	-855446.2	-647356300.0	33006342.0	4143766800000.0	3274.489460706711
410	-7002.6304	2044.958	-981.0945	-9112.033	-6714.491	1065.0367	-5475.4927	-8721.803	110.0	110.0	676499	-33734490.0	53519172.0	-1114708.5	-658103200.0	33664904.0	4211450300000.0	3282.4006164073944
411	-7350.5493	2071.781	-3203.2588	-11751.595	-5722.1333	1797.8541	-2326.9646	-7426.537	110.0	110.0	678149	-34401692.0	54602332.0	-1046952.0	-667638340.0	34332090.0	4424498000000.0	3290.2824342250824
412	-6932.057	2013.8527	-3749.132	-11701.175	-7390.6235	1655.1366	-4470.5845	-10340.508	110.0	110.0	679799	-34883680.0	55198390.0	-1077205.0	-673722430.0	34804590.0	4544609000000.0	3298.455180644989
413	-7162.266	2027.716	-4264.1006	-11378.281	-6865.5444	2152.4773	-4786.3022	-12281.681	110.0	110.0	681449	-35643910.0	55970228.0	-1004153.1	-683885100.0	35566560.0	4648781000000.0	3306.545748949051
414	-7265.639	2440.4834	-4513.144	-12565.1	-6935.5664	1995.672	-4800.4478	-11480.735	110.0	110.0	683099	-36121252.0	56874520.0	-1009949.56	-707129340.0	36045064.0	4738497600000.0	3314.8054711818695
415	-5946.688	1119.7671	-3743.827	-7394.3223	-6957.2	1979.4652	-3593.5708	-11368.662	110.0	110.0	684749	-36776470.0	57277276.0	-1212663.5	-706646340.0	36702630.0	4917669400000.0	3323.0025882720947
416	-5934.73	1228.4833	-3771.7583	-8591.336	-6974.589	2386.1692	-3151.913	-10246.28	110.0	110.0	686399	-37117204.0	57831320.0	-1054872.9	-711010900.0	37041084.0	5055250000000.0	3330.7922365665436
417	-6229.225	1901.3494	-2702.852	-9598.313	-6446.2603	1345.7092	-3518.2495	-8411.77	110.0	110.0	688049	-37568188.0	58471516.0	-1354579.1	-720922900.0	37492560.0	5212863000000.0	3338.929671764374
418	-7011.106	2655.331	-4000.5637	-11334.331	-6475.1924	1287.5638	-3980.3477	-8076.7144	110.0	110.0	689699	-38648280.0	60278676.0	-1233289.5	-740379140.0	38576396.0	5437122000000.0	3347.096113204956
419	-7183.1743	1766.8395	-3964.4802	-11999.939	-7429.7515	1857.5701	-4380.7905	-11965.475	110.0	110.0	691349	-39017424.0	61035476.0	-1364273.2	-736786800.0	38947828.0	5611554600000.0	3355.2560107707977
420	-7040.905	2304.4114	-3704.7437	-11970.271	-6500.962	2056.5312	-3293.8018	-11071.23	110.0	110.0	692999	-39800880.0	61920916.0	-1438479.9	-753796600.0	39730700.0	5753607000000.0	3363.2674140930176
421	-7282.151	1419.1866	-5103.742	-10076.032	-6289.448	980.0023	-5027.3335	-8167.2046	110.0	110.0	694649	-39946556.0	61439256.0	-1496462.4	-758045900.0	39876468.0	5870796700000.0	3371.04416680336
422	-7037.2812	1669.0245	-4237.0386	-9774.283	-6594.1	1407.9247	-4917.9326	-9511.774	110.0	110.0	696299	-40808028.0	62852840.0	-1530613.2	-768582300.0	40734164.0	6102671000000.0	3380.1226541996
423	-7052.994	1925.8872	-4054.545	-11436.573	-7328.764	1847.7893	-4505.518	-11638.236	110.0	110.0	697949	-41739640.0	64365664.0	-1311225.9	-780913900.0	41663890.0	6226409700000.0	3389.687532186508
424	-7151.1865	1607.7579	-4397.939	-9660.227	-7709.8857	1794.8007	-4019.4526	-10872.164	110.0	110.0	699599	-42272900.0	65081684.0	-1395714.9	-795699200.0	42197616.0	6340591000000.0	3398.001818418503
425	-7767.852	2219.5862	-4521.462	-11705.949	-6539.8545	1147.6334	-4129.1025	-8504.463	110.0	110.0	701249	-42889788.0	65891492.0	-1511099.6	-791709760.0	42814228.0	6569703500000.0	3406.1362771987915
426	-7524.0596	1402.5703	-5565.1323	-10842.48	-7373.595	1142.002	-5749.697	-9234.925	110.0	110.0	702899	-43672910.0	67284170.0	-1799155.4	-815756300.0	43593950.0	6803811700000.0	3414.236255168915
427	-7598.393	2113.4438	-3773.635	-11670.868	-7248.9907	2591.0674	-3910.67	-11449.743	110.0	110.0	704549	-44085132.0	67057756.0	-1875625.0	-836310200.0	44008452.0	7006471000000.0	3422.2524828910828
428	-6475.1426	1410.5145	-3798.7422	-8297.842	-8137.5156	2351.6184	-4734.0356	-11570.37	110.0	110.0	706199	-44922360.0	68688370.0	-1618684.4	-846073340.0	44847364.0	7166037000000.0	3430.2638552188873
429	-7305.844	1783.6932	-4780.608	-12327.637	-8611.284	2128.7178	-6436.3564	-12113.437	110.0	110.0	707849	-45376816.0	68559540.0	-1657457.6	-833260000.0	45299450.0	7326420400000.0	3438.4750118255615
430	-5709.387	1344.6256	-3367.417	-8256.204	-6361.722	1332.9921	-4303.804	-8711.242	110.0	110.0	709499	-46185040.0	70140744.0	-1722949.5	-849939600.0	46104436.0	7566355600000.0	3446.7449238300323
431	-8169.774	2078.4329	-2612.8618	-10903.938	-7369.668	1037.7485	-5512.7456	-8509.02	110.0	110.0	711149	-46933930.0	70869590.0	-1717819.5	-864767100.0	46852268.0	7720547000000.0	3454.8958711624146
432	-7339.8447	1841.0693	-2922.385	-10329.052	-7703.0405	1933.7628	-5138.807	-11294.553	110.0	110.0	712799	-47744270.0	72326950.0	-1854568.2	-887518800.0	47665280.0	7956546500000.0	3463.038173675537
433	-6761.462	2020.0083	-3573.979	-11472.038	-6518.8984	1257.2528	-3573.8638	-8332.273	110.0	110.0	714449	-48048530.0	72622880.0	-1913763.8	-877616260.0	47965224.0	8221703500000.0	3471.248652458191
434	-6930.7007	1820.3014	-3892.5845	-11734.581	-7088.822	1317.6301	-4921.36	-9809.265	110.0	110.0	716099	-48882464.0	73385570.0	-1973830.9	-875549700.0	48793470.0	8387748000000.0	3479.2082018852234
435	-7835.873	1669.8103	-3867.8665	-11315.474	-7791.405	2178.2815	-5012.882	-12595.557	110.0	110.0	717749	-49406812.0	74033170.0	-2015195.5	-914688900.0	49317556.0	8687578000000.0	3487.3843824863434
436	-6812.476	1693.1915	-3719.1748	-10287.834	-7179.2173	1490.54	-3941.749	-9079.616	110.0	110.0	719399	-50343060.0	75460680.0	-1929933.6	-923693800.0	50253332.0	8784996500000.0	3495.6648795604706
437	-6493.5723	1842.6685	-3574.009	-10165.822	-7456.9194	1662.5735	-5412.3403	-11014.713	110.0	110.0	721049	-50846820.0	76196720.0	-2010931.2	-931481600.0	50761372.0	9153711000000.0	3503.789712905884
438	-6931.1704	1183.4447	-5129.5854	-9697.44	-7560.9478	2022.2852	-4074.758	-10931.083	110.0	110.0	722699	-51709936.0	77589464.0	-2127996.8	-935405250.0	51626010.0	9394974000000.0	3511.532021522522
439	-7133.2866	1998.736	-4172.5977	-11455.888	-7149.491	1942.565	-4414.1665	-10353.707	110.0	110.0	724349	-52515344.0	78712590.0	-2152428.5	-951078140.0	52423836.0	9597333000000.0	3519.7418518066406
440	-7696.3984	1756.3344	-5453.6787	-12018.075	-7459.085	1712.5157	-4716.6206	-10661.663	110.0	110.0	725999	-52811492.0	78778830.0	-2215917.0	-945055500.0	52718280.0	9845526000000.0	3528.0223314762115
441	-6899.567	1507.8326	-3760.2139	-9799.594	-7242.383	2270.948	-3838.635	-11640.647	110.0	110.0	727649	-53569690.0	79372800.0	-2264863.2	-967131100.0	53486760.0	10120673000000.0	3535.8153722286224
442	-7346.989	2083.9243	-4149.713	-11826.463	-7494.794	1170.8903	-6319.157	-10376.032	110.0	110.0	729299	-54809692.0	81754110.0	-2883567.2	-965305300.0	54726004.0	10321740000000.0	3543.927051782608
443	-7022.885	2256.6895	-4140.226	-11925.709	-6948.1084	1042.525	-5596.0464	-9369.092	110.0	110.0	730949	-55504764.0	82704090.0	-2480311.8	-987091900.0	55419840.0	10782927000000.0	3552.0222527980804
444	-6309.3276	1623.2745	-3933.6387	-10178.69	-7317.8584	2094.7397	-4611.5938	-11125.826	110.0	110.0	732599	-56163410.0	83114680.0	-3096436.5	-991512770.0	56067590.0	10803593000000.0	3559.7804157733917
445	-7565.6494	2067.8186	-4062.1338	-12560.51	-7519.7275	2442.5225	-3357.2925	-11950.794	110.0	110.0	734249	-56856624.0	84505610.0	-3214951.5	-1026512640.0	56767470.0	11105841000000.0	3568.002801179886
446	-7365.123	2562.9988	-3619.0415	-11333.672	-6689.3506	1466.0999	-4528.874	-10147.697	110.0	110.0	735899	-58099320.0	86213340.0	-3177634.2	-1027798200.0	58016976.0	11561292000000.0	3575.8429622650146
447	-7789.451	1936.632	-5677.253	-11972.641	-7024.919	1279.6616	-4366.8955	-8932.487	110.0	110.0	737549	-58747424.0	86822890.0	-3138421.0	-1030965100.0	58663484.0	11686849000000.0	3584.0253534317017
448	-6622.2715	2120.1448	-3927.2205	-11808.558	-6629.0586	1822.713	-4336.03	-10511.538	110.0	110.0	739199	-59272772.0	87704424.0	-2684657.8	-1046817660.0	59185572.0	12058995000000.0	3592.227608680725
449	-6694.993	1712.6212	-4065.775	-10102.742	-6025.544	2495.1694	-3471.3171	-12204.41	110.0	110.0	740849	-59826696.0	87968480.0	-3438228.0	-1051649800.0	59736690.0	12393554000000.0	3600.4611625671387
450	-6168.6763	1693.758	-1247.5372	-8770.936	-6465.677	2679.0051	-3884.6855	-12649.853	110.0	110.0	742499	-61022030.0	89445144.0	-3358036.8	-1072278850.0	60930724.0	12607233000000.0	3608.4704217910767
451	-5599.0996	1125.2522	-4263.737	-7583.5303	-6004.344	1393.6869	-4155.1934	-7970.0576	110.0	110.0	744149	-61577640.0	90343464.0	-3133187.2	-1076454900.0	61483452.0	12984945000000.0	3616.690893650055
452	-6652.671	2327.6882	-2575.841	-10382.026	-6104.5967	1547.2455	-3309.0005	-8115.939	110.0	110.0	745799	-62434070.0	91788240.0	-3235149.0	-1087921200.0	62338636.0	13320451000000.0	3624.7872066497803
453	-6385.04	2051.1792	-3203.2537	-10237.256	-6353.975	2023.9564	-4151.24	-11633.993	110.0	110.0	747449	-63502276.0	93262584.0	-3705307.5	-1093210400.0	63404500.0	13457313000000.0	3632.7532048225403
454	-7329.0747	1742.3173	-4174.239	-10283.573	-7508.503	1284.4089	-5955.7217	-10045.846	110.0	110.0	749099	-64491000.0	94461660.0	-3650886.5	-1123105300.0	64393532.0	13930003000000.0	3640.8856015205383
455	-7510.364	2457.4495	-3630.8018	-11369.118	-6871.948	2546.23	-3463.8926	-11148.749	110.0	110.0	750749	-65644116.0	97268710.0	-3333600.2	-1137427700.0	65543268.0	14155928000000.0	3648.851175069809
456	-6678.9204	2678.0935	-986.1117	-11200.354	-8078.6104	2984.0486	-3273.8303	-11970.373	110.0	110.0	752399	-65985650.0	96193640.0	-3611715.0	-1149330200.0	65888212.0	14568103000000.0	3656.7404720783234
457	-8106.7256	2812.3745	-1159.4309	-12084.017	-6193.7837	2119.196	-4378.2866	-11711.01	110.0	110.0	754049	-67175224.0	99046744.0	-3375921.5	-1156296700.0	67078110.0	14885394000000.0	3664.9049260616302
458	-6749.5283	1991.0458	-4331.418	-10753.6875	-6792.0923	2055.253	-3171.2988	-9645.634	110.0	110.0	755699	-68204690.0	100345784.0	-3547752.5	-1157248500.0	68110584.0	15357795000000.0	3673.0690915584564
459	-6767.566	2402.0176	-3550.3904	-11699.512	-7376.2095	1986.158	-4586.4927	-10265.243	110.0	110.0	757349	-69595890.0	101954310.0	-4338831.0	-1192505100.0	69504040.0	15668012000000.0	3681.342162847519
460	-6929.091	2135.4568	-4151.775	-10689.623	-7537.997	2007.3539	-5768.4863	-13038.635	110.0	110.0	758999	-70181030.0	103119570.0	-4448710.5	-1200482200.0	70094380.0	15864145000000.0	3689.210493326187
461	-6562.7007	2325.6265	-3219.4192	-12141.963	-5703.3193	2108.3271	-3043.6965	-11022.721	110.0	110.0	760649	-71218510.0	103761090.0	-3776776.0	-1205963100.0	71132136.0	16529712000000.0	3697.0685517787933
462	-7078.4844	2278.7722	-4144.518	-11859.353	-6148.9653	910.69055	-4796.6787	-7736.542	110.0	110.0	762299	-72027250.0	105270830.0	-4329488.0	-1221826600.0	71929380.0	16657588000000.0	3705.1821274757385
463	-6625.78	1222.1804	-4576.595	-8702.93	-5631.171	1127.849	-3856.7688	-7601.1436	110.0	110.0	763949	-72981310.0	105635890.0	-3936239.8	-1239859600.0	72884130.0	17118872000000.0	3713.3613455295563
464	-6214.822	2072.5518	-3517.4663	-11143.13	-7046.1133	1237.0181	-4596.2617	-8894.014	110.0	110.0	765599	-73433500.0	106194504.0	-4074660.5	-1267669800.0	73333690.0	17596682000000.0	3721.426019191742
465	-6742.1216	1395.7827	-4655.9814	-9727.081	-6150.628	1241.6703	-4676.277	-8535.55	110.0	110.0	767249	-74656420.0	107432810.0	-5438298.0	-1254167300.0	74553740.0	17848106000000.0	3729.7056238651276
466	-6791.502	2863.761	-2814.9268	-11835.945	-7448.189	1337.6123	-5655.1426	-10259.187	110.0	110.0	768899	-75623820.0	109164920.0	-5034383.0	-1278776000.0	75517900.0	18377460000000.0	3737.969710111618
467	-7743.6865	2026.0979	-5048.4014	-11526.269	-6778.2837	1603.3077	-4075.582	-10233.223	110.0	110.0	770549	-76515176.0	110723224.0	-4381698.0	-1307472600.0	76409030.0	18639103000000.0	3745.8670830726624
468	-7237.02	1928.9169	-4698.565	-12572.8125	-7055.7236	2482.9626	-3401.5002	-11495.6455	110.0	110.0	772199	-77027736.0	110613950.0	-4636517.5	-1301437800.0	76917896.0	19172120000000.0	3753.814705848694
469	-8259.267	2070.124	-5213.555	-12797.475	-6564.8984	1537.3534	-4508.6064	-9137.968	110.0	110.0	773849	-78535336.0	113591730.0	-4651704.5	-1303570000.0	78429670.0	19508199000000.0	3761.5938336849213
470	-7321.782	1783.0175	-4101.4873	-10141.403	-8101.647	1698.79	-6066.651	-11854.816	110.0	110.0	775499	-79484136.0	113743040.0	-5284171.0	-1328701600.0	79378640.0	20183899000000.0	3769.418943166733
471	-6989.691	1745.0791	-4480.6816	-9931.394	-6798.125	1343.9515	-4156.963	-8870.444	110.0	110.0	777149	-81057730.0	115987070.0	-4964645.5	-1307899800.0	80952216.0	20449023000000.0	3777.6377313137054
472	-6793.0107	1489.2511	-4543.238	-9528.62	-6281.113	1736.349	-3279.664	-8890.656	110.0	110.0	778799	-80972660.0	115382700.0	-5839391.5	-1360510600.0	80869880.0	21040728000000.0	3785.8730840682983
473	-6749.6187	1750.4244	-4246.1816	-10905.784	-6052.1753	1347.2458	-3333.8577	-8021.6934	110.0	110.0	780449	-82182830.0	116421370.0	-5323855.0	-1363633200.0	82082110.0	21272150000000.0	3794.045050382614
474	-6821.448	939.82263	-5442.937	-8846.133	-7431.867	680.3865	-6536.2275	-9027.481	110.0	110.0	782099	-83565850.0	119644850.0	-5224352.0	-1364128400.0	83464100.0	21889443000000.0	3802.279802799225
475	-7284.819	2426.6345	-3772.8052	-11952.55	-7365.991	2122.1443	-4737.753	-12267.581	110.0	110.0	783749	-84409100.0	120038590.0	-6359543.5	-1402699300.0	84306800.0	22197350000000.0	3810.649781703949
476	-7318.8623	2387.1418	-4336.802	-12866.77	-6427.378	1315.9111	-4407.999	-8626.72	110.0	110.0	785399	-85226696.0	121293570.0	-5700846.0	-1412417700.0	85123440.0	22842322000000.0	3819.038613319397
477	-6733.7627	1701.2958	-4372.3687	-9653.898	-7051.7227	2246.817	-2887.106	-10701.381	110.0	110.0	787049	-86388904.0	122926540.0	-5680865.5	-1402324900.0	86283610.0	23241521000000.0	3826.9125061035156
478	-6274.1904	1694.5975	-3170.2214	-10197.281	-6033.128	2116.6267	-2923.3237	-10591.233	110.0	110.0	788699	-87486840.0	123664890.0	-5761932.5	-1441220700.0	87379210.0	23824490000000.0	3835.104702949524
479	-6559.2676	1954.1305	-2088.838	-9747.664	-6412.3184	1669.7085	-3652.51	-8802.84	110.0	110.0	790349	-88572160.0	125100060.0	-5889907.5	-1442911900.0	88463490.0	24044835000000.0	3843.1845242977142
480	-6679.0645	2404.444	-2986.2585	-11168.924	-6151.5366	998.78735	-4350.5454	-7453.99	110.0	110.0	791999	-89787650.0	126264380.0	-6926323.0	-1478920800.0	89680616.0	24556576000000.0	3851.285880804062
481	-7182.6807	1832.4913	-3262.5396	-10670.665	-6737.2563	1484.3839	-3602.6682	-8996.267	110.0	110.0	793649	-91336360.0	128987860.0	-6138994.5	-1481113500.0	91230060.0	25312648000000.0	3859.437481880188
482	-7004.76	1763.267	-4716.3677	-11005.107	-6902.043	2180.7104	-3685.4841	-11535.586	110.0	110.0	795299	-91541544.0	127807330.0	-6359371.5	-1501113600.0	91437240.0	25882490000000.0	3867.4555394649506
483	-7418.8906	1219.6953	-5736.6665	-10221.21	-6598.8506	1754.1028	-3902.4517	-9976.619	110.0	110.0	796949	-92894710.0	130463340.0	-7560782.5	-1535381100.0	92787380.0	26366870000000.0	3875.30424618721
484	-7215.345	1971.5785	-3984.5332	-11337.805	-7635.5938	1693.3154	-4130.549	-11409.418	110.0	110.0	798599	-93658320.0	130612440.0	-6539234.0	-1485293200.0	93550430.0	26857706000000.0	3883.4006640911102
485	-7116.0015	1653.4302	-4446.442	-9544.265	-7361.3774	2815.5286	-4273.332	-11853.446	110.0	110.0	800249	-95292590.0	132298050.0	-7987632.0	-1507157200.0	95184380.0	27663247000000.0	3891.382667541504
486	-7633.695	2292.555	-3707.0098	-11025.046	-6226.552	1110.9648	-4510.3203	-8746.029	110.0	110.0	801899	-96436250.0	134444590.0	-7946200.5	-1536787000.0	96326060.0	28132090000000.0	3899.620161294937
487	-6778.0454	2004.5529	-3754.6865	-10418.387	-6774.8853	1950.7815	-4267.5923	-11446.325	110.0	110.0	803549	-97546500.0	136472980.0	-8214125.0	-1561865300.0	97436720.0	28499901000000.0	3907.847680568695
488	-7003.7334	2112.1028	-4021.2446	-11598.495	-7429.3696	2131.009	-3889.42	-11085.726	110.0	110.0	805199	-99204390.0	138126610.0	-7144220.0	-1589329800.0	99094800.0	29050148000000.0	3916.1992576122284
489	-6694.809	1309.0507	-4287.6406	-8953.38	-8494.915	1589.1783	-5177.473	-10820.532	110.0	110.0	806849	-100295010.0	139372500.0	-7269363.5	-1591475500.0	100183930.0	29467079000000.0	3923.9830610752106
490	-7957.7646	3111.237	-3149.104	-12631.524	-7962.1	1996.5088	-4827.9326	-11799.715	110.0	110.0	808499	-100747690.0	139120420.0	-8445265.0	-1622337200.0	100636264.0	30377236000000.0	3931.8321561813354
491	-7455.156	2139.0896	-4916.196	-11972.53	-7940.715	1496.8041	-6293.3604	-10843.425	110.0	110.0	810149	-102074970.0	140854800.0	-7545186.0	-1592807000.0	101958950.0	31037812000000.0	3940.067220211029
492	-7055.125	1932.7848	-3944.8777	-11832.626	-6471.4	2363.0957	-3911.5232	-11013.884	110.0	110.0	811799	-103526930.0	143566460.0	-7699967.0	-1641096400.0	103410450.0	31505875000000.0	3948.0481510162354
493	-6534.8345	1724.6254	-4016.0361	-10812.375	-6728.388	839.79706	-4661.379	-7825.6157	110.0	110.0	813449	-104693420.0	144365650.0	-7929271.5	-1673635700.0	104575700.0	31952376000000.0	3956.226619720459
494	-7406.541	1827.6772	-4463.562	-11932.468	-7143.333	2517.1587	-3100.2944	-12335.519	110.0	110.0	815099	-105690710.0	145777580.0	-8239311.5	-1662535000.0	105574780.0	32843520000000.0	3964.3460354804993
495	-7493.9487	1605.6039	-4982.0493	-10797.588	-8069.1865	1719.2285	-5987.8257	-11379.567	110.0	110.0	816749	-107215800.0	147309800.0	-10556980.0	-1680329900.0	107101150.0	33421435000000.0	3972.5265629291534
496	-7686.4614	2014.7637	-4729.0093	-11101.261	-7334.155	1888.1671	-4796.006	-11781.271	110.0	110.0	818399	-108110056.0	148063380.0	-8381247.5	-1680734600.0	107996480.0	33979097000000.0	3980.7783160209656
497	-7234.279	2115.4292	-4239.4053	-11676.095	-6397.6934	1542.2749	-4138.0347	-8447.274	110.0	110.0	820049	-109240410.0	149183330.0	-8516996.0	-1699030400.0	109128850.0	34154425000000.0	3988.6424643993378
498	-6767.217	1909.2551	-4429.059	-11724.267	-6586.3115	2517.8394	-3506.5776	-11986.611	110.0	110.0	821699	-110628330.0	151132450.0	-10159046.0	-1702461800.0	110515090.0	34927865000000.0	3996.8353695869446
499	-7460.0737	1718.9025	-4270.173	-10859.132	-7100.824	1529.5693	-4653.7334	-9862.134	110.0	110.0	823349	-111371570.0	151546160.0	-10234282.0	-1714864400.0	111257390.0	35656563000000.0	4005.1107246875763
500	-8581.949	2109.7363	-4216.589	-11302.175	-7690.146	1853.2749	-5214.4707	-10815.379	110.0	110.0	824999	-112935220.0	152783650.0	-9441456.0	-1773402900.0	112826080.0	36642312000000.0	4013.151788711548
