Epoch	AverageEpRet	StdEpRet	MaxEpRet	MinEpRet	AverageTestEpRet	StdTestEpRet	MaxTestEpRet	MinTestEpRet	EpLen	TestEpLen	TotalEnvInteracts	AverageQ1Vals	StdQ1Vals	MaxQ1Vals	MinQ1Vals	AverageQ2Vals	StdQ2Vals	MaxQ2Vals	MinQ2Vals	AverageLogPi	StdLogPi	MaxLogPi	MinLogPi	LossPi	LossQ	Time
1	-7122.5513	1519.9697	-3846.5977	-9757.061	-7468.122	2210.21	-4016.2966	-10508.433	110.0	110.0	1649	-847.9489	588.90015	0.08775878	-2316.7717	-846.996	589.7151	0.24506539	-2326.216	2.4189317	1.6109736	7.137066	-7.3779216	832.0465	6187.9175	11.10900092124939
2	-6311.477	2014.403	-4037.3896	-10930.534	-3586.862	2568.8225	-388.36478	-9359.806	110.0	110.0	3299	-2656.3513	575.5986	-944.6229	-4325.2573	-2656.3542	575.3239	-940.63654	-4340.6167	3.3339972	1.4486713	12.623077	-8.521679	2629.2307	9485.48	33.06881666183472
3	-7013.4736	2574.889	-3328.497	-11147.903	-3291.909	2162.7224	-401.28964	-7730.8276	110.0	110.0	4949	-3130.5088	478.77554	-1686.9929	-4416.9067	-3130.5442	478.56113	-1691.0197	-4422.9414	4.2939305	2.516447	26.02294	-9.343939	3097.5364	8257.124	54.79624938964844
4	-4446.362	2536.1348	-1096.7949	-9602.999	-3560.3608	1722.896	-439.626	-6122.5034	110.0	110.0	6599	-2992.552	498.17606	-1474.4512	-4503.3022	-2992.5803	498.1686	-1472.3373	-4486.782	4.547231	2.777815	22.0111	-8.809164	2964.401	6233.1562	77.94733381271362
5	-3053.6099	2653.5771	-366.77042	-10169.709	-2682.2642	1754.7834	-359.74066	-5509.802	110.0	110.0	8249	-2943.641	751.4991	-416.99658	-4903.737	-2943.6064	751.7806	-421.2132	-4953.062	4.4373627	2.9178479	21.86549	-11.3743725	2920.5696	5871.0557	101.08987045288086
6	-3090.1292	2860.441	-784.6069	-9281.098	-3562.8945	2514.8674	-337.96182	-9148.466	110.0	110.0	9899	-2669.6907	1007.8321	120.28406	-5179.5273	-2669.61	1008.2962	131.68161	-5216.534	4.4488993	2.9606812	24.386944	-10.551499	2646.7134	6114.836	122.91238784790039
7	-2212.155	1467.9111	-175.91245	-6064.4214	-3297.8984	2127.9622	-1443.7397	-9266.574	110.0	110.0	11549	-2404.5774	1072.085	414.7103	-5342.643	-2404.5369	1072.2617	413.95844	-5338.511	4.4867992	3.0110853	24.635523	-11.765737	2381.7402	6874.125	146.1914267539978
8	-3040.724	1932.2241	-198.20744	-8013.42	-3545.2856	2209.9255	-400.03522	-7402.9316	110.0	110.0	13199	-1962.0074	1107.5897	1005.5543	-5403.242	-1962.0266	1107.565	1004.3534	-5490.2686	4.7471385	3.11462	25.817606	-7.9753857	1938.6682	6197.6133	169.56385445594788
9	-1398.2101	1244.2057	-103.06247	-4164.8994	-1045.1638	445.5107	-364.07837	-1750.3334	110.0	110.0	14849	-1629.201	1161.1876	1055.2229	-5615.729	-1629.2864	1161.0446	1050.3008	-5712.5493	4.866388	3.1042154	24.198162	-8.875686	1605.3883	6057.385	191.38751912117004
10	-2996.9402	2260.657	-135.40286	-8780.033	-2317.3633	953.4281	-872.0827	-4420.252	110.0	110.0	16499	-1315.8921	1108.2885	792.4268	-5652.433	-1316.0591	1107.833	804.80005	-5734.7217	4.9899063	2.9993186	26.260967	-7.7926874	1292.5793	6017.8047	213.68367862701416
11	-2607.5005	1376.6938	-274.99368	-4828.0947	-1820.3977	1695.3842	-165.12798	-5482.67	110.0	110.0	18149	-1284.7285	1175.5199	738.8764	-5941.322	-1284.7814	1175.3242	728.4458	-5975.883	4.8235188	2.971207	28.53748	-9.723631	1263.3832	6060.108	235.72969818115234
12	-2785.6067	1948.0358	-206.3744	-5619.6055	-1655.0906	1438.4833	-91.301346	-4795.65	110.0	110.0	19799	-1356.1732	1139.6827	659.9351	-6313.654	-1356.2205	1139.4633	646.762	-6224.3555	4.724023	2.9602244	22.98355	-7.543274	1337.2891	5267.6113	257.28165102005005
13	-2016.4938	1379.596	-597.643	-6350.1147	-1452.5471	668.8656	-799.5441	-3057.0854	110.0	110.0	21449	-1295.2684	1192.6768	553.3949	-6667.156	-1295.2994	1192.6215	534.6447	-6615.9	4.784709	2.9482837	22.03296	-8.002434	1275.7488	4870.9683	278.71940326690674
14	-1697.4808	1269.8651	-493.64975	-5438.885	-1321.6506	468.5428	-638.79553	-2282.7097	110.0	110.0	23099	-1175.2678	1159.2794	684.46967	-6888.118	-1175.2832	1159.2754	671.67865	-6884.344	4.623349	2.8387651	26.195564	-9.947983	1156.2804	4643.896	300.5666003227234
15	-1181.4083	732.40875	-261.30615	-2718.1404	-2210.5522	1607.8364	-371.19904	-5680.021	110.0	110.0	24749	-973.64197	1053.5238	720.2894	-6542.2544	-973.6278	1053.4884	709.255	-6552.8203	4.704187	2.929078	25.780998	-9.790047	954.47906	4618.649	322.90463423728943
16	-1200.27	662.2002	-277.0966	-2837.8923	-1322.3416	681.0003	-480.54858	-2640.377	110.0	110.0	26399	-943.78033	927.7558	553.7467	-6158.1704	-943.78754	927.72034	557.58014	-6150.171	4.6032867	2.893224	25.915983	-8.316824	926.4261	4287.582	345.072781085968
17	-1504.7937	946.1333	-256.91257	-3484.2178	-791.07556	474.13202	-171.36438	-1833.0967	110.0	110.0	28049	-877.0963	887.0876	675.0385	-5795.6104	-877.08636	887.1054	691.66455	-5777.511	4.698288	2.9918306	25.140974	-8.302004	859.98553	4410.4014	366.2559700012207
18	-1174.6697	857.41	-213.27704	-3003.0344	-1750.0869	1740.4174	-191.26382	-5795.1475	110.0	110.0	29699	-838.9979	833.98065	590.72815	-5648.378	-839.0147	833.9509	573.02826	-5636.426	4.70027	2.937578	26.610987	-8.803921	822.72076	4308.743	387.944176197052
19	-1254.3472	738.1406	-83.15981	-3051.03	-1714.4293	1870.0791	-163.12877	-6993.544	110.0	110.0	31349	-751.83417	799.7232	595.60785	-5486.919	-751.8653	799.6541	584.54974	-5424.687	4.7145214	2.9156969	24.85258	-7.5355797	735.8056	4137.551	409.18752789497375
20	-1313.062	689.75183	-149.05836	-2580.8472	-1329.5344	853.47485	-384.092	-3072.698	110.0	110.0	32999	-648.85333	756.9167	621.9479	-5100.094	-648.85626	756.8225	618.062	-5030.37	4.717408	2.966751	26.607834	-10.495461	632.31726	4026.4783	430.81468987464905
21	-1130.1678	616.3961	-431.71863	-2952.041	-1347.5547	892.2079	-94.10227	-3149.1865	110.0	110.0	34649	-534.5928	689.943	689.8984	-4649.9536	-534.6007	689.84796	710.7801	-4581.55	4.7990017	3.0389233	30.47661	-7.3468366	517.908	3961.2812	453.1908404827118
22	-901.1933	442.59494	-348.53488	-2016.7864	-928.40265	345.77927	-356.61185	-1439.4391	110.0	110.0	36299	-443.48645	646.9483	782.6392	-4146.3926	-443.48572	646.88336	771.1695	-4097.1016	4.8524275	3.112203	31.388758	-7.898087	426.99158	3991.8503	475.07889556884766
23	-1257.3848	727.4559	-232.86858	-3118.625	-1328.4558	940.8359	-126.36254	-3097.6497	110.0	110.0	37949	-472.47534	597.6005	670.9451	-4081.268	-472.46207	597.6499	650.3997	-4024.9526	4.6712966	3.0663786	34.03024	-6.9345512	457.7972	3656.5947	496.78818821907043
24	-1058.2683	796.94556	-40.72896	-2784.5737	-653.08453	410.7923	-117.12166	-1467.0399	110.0	110.0	39599	-494.2431	618.27374	708.2015	-3805.3037	-494.22375	618.3432	699.7466	-3842.1443	4.628721	2.9750013	33.609837	-10.229412	479.82993	3610.8909	518.9750056266785
25	-956.2189	753.33466	-303.42255	-2748.89	-964.5369	696.632	-132.7549	-2698.2883	110.0	110.0	41249	-457.45633	606.47003	761.3946	-3554.9128	-457.4479	606.553	747.917	-3612.9766	4.551219	2.9627066	36.19429	-11.206143	443.1622	3517.2266	541.0654857158661
26	-842.6934	686.2609	-197.36375	-2576.1187	-971.78503	550.3026	-241.28697	-2198.1047	110.0	110.0	42899	-492.4607	595.2117	661.2135	-3522.3054	-492.45963	595.2184	660.4803	-3647.3936	4.489162	2.934316	34.779716	-7.8291044	479.43857	3360.013	563.1715891361237
27	-1077.035	620.5011	-74.43407	-2099.666	-835.48	550.1615	-207.05952	-2147.2893	110.0	110.0	44549	-493.9406	583.04004	609.30286	-3505.709	-493.94086	582.9696	555.35565	-3610.042	4.463775	2.9770772	30.098827	-11.427684	481.44128	3339.962	584.2633676528931
28	-1300.4412	699.27673	-245.15915	-2458.9028	-720.45874	558.3678	-138.89381	-1905.1425	110.0	110.0	46199	-500.60397	561.22125	654.3318	-3346.3474	-500.5965	561.102	594.0267	-3414.3281	4.4260507	2.9341836	33.634087	-7.770014	488.66092	3213.8894	604.9986565113068
29	-1146.9712	646.92786	-228.15729	-2547.3325	-1250.2194	774.29285	-170.97797	-2535.5476	110.0	110.0	47849	-516.6172	548.6022	672.3591	-3417.7153	-516.6316	548.54535	571.19934	-3324.758	4.369581	2.8740473	37.415676	-7.4304724	505.18683	3152.5298	626.0858681201935
30	-783.66986	436.25586	-169.43614	-1576.0691	-894.7461	543.42316	-364.6122	-2044.3792	110.0	110.0	49499	-526.8236	554.3887	631.657	-3546.4106	-526.80725	554.3926	591.043	-3395.259	4.321396	2.80533	31.354694	-7.790301	515.69104	3157.3608	648.3034682273865
31	-1036.2073	579.50525	-176.13998	-2215.3938	-1015.64764	671.57153	-26.671028	-2543.5781	110.0	110.0	51149	-471.37097	562.09424	697.9303	-3570.9873	-471.38593	561.9627	716.6772	-3550.482	4.347575	2.8293562	31.07604	-7.0515184	459.98978	3213.5127	669.5794069766998
32	-872.54376	336.98132	-294.17114	-1646.0028	-820.0612	505.74936	-219.22432	-1906.7748	110.0	110.0	52799	-422.79123	551.73206	751.6723	-3261.7869	-422.79758	551.6459	785.4891	-3244.3325	4.336138	2.8517854	32.186993	-9.425507	411.5934	3177.726	690.7617433071136
33	-1138.8032	721.8696	-286.55832	-3007.5881	-1032.7429	678.52985	-341.34875	-2566.7856	110.0	110.0	54449	-436.72818	566.7814	817.8538	-3322.1853	-436.74966	566.6624	876.84467	-3248.36	4.2652187	2.8576193	37.723866	-6.911715	426.28033	3148.397	712.180180311203
34	-661.08777	282.55124	-229.54376	-1329.5115	-1148.2922	797.48944	-477.93915	-3278.6047	110.0	110.0	56099	-465.62314	589.2881	915.3967	-3544.7388	-465.6351	589.1935	979.87506	-3523.3135	4.2125163	2.83721	42.281628	-7.662459	455.96533	3257.6985	733.2451317310333
35	-1134.3383	1120.5826	-172.42603	-4815.1484	-514.8355	270.536	-82.64077	-844.734	110.0	110.0	57749	-453.65225	605.48517	962.3113	-3572.9685	-453.66705	605.41754	970.0509	-3513.9023	4.2964025	2.8568072	33.735954	-6.457362	443.75867	3315.8508	754.7472970485687
36	-935.98865	470.09085	-307.63205	-1879.857	-1286.9065	1008.81537	-112.05651	-3569.799	110.0	110.0	59399	-376.83868	563.3943	989.86993	-3421.0754	-376.83868	563.34094	962.8996	-3302.167	4.3674517	2.952008	32.07775	-7.946549	366.63614	3347.4746	775.5134160518646
37	-1215.1498	1099.5853	-355.80392	-5064.541	-1063.1448	930.9016	-164.50189	-3263.6487	110.0	110.0	61049	-363.60403	529.712	978.83734	-3262.4553	-363.6011	529.6727	949.22754	-3263.507	4.338501	2.9271364	32.95241	-10.326372	353.74582	3288.912	796.698618888855
38	-1278.579	716.5161	-109.32757	-2308.193	-1005.4424	670.03174	-369.98395	-2791.9124	110.0	110.0	62699	-383.14066	525.5937	907.28784	-3340.7715	-383.1445	525.5973	904.74976	-3297.6545	4.3073797	2.918368	30.72646	-12.253588	373.80994	3262.043	817.8917174339294
39	-713.9686	531.01514	-140.53662	-1625.8276	-1174.47	611.74	-318.28323	-2460.3433	110.0	110.0	64349	-383.7111	535.82	927.977	-3244.5974	-383.7025	535.6945	952.35645	-3326.172	4.246467	2.9084508	32.347153	-6.7056937	374.48068	3164.768	839.539234161377
40	-644.8707	326.51868	-146.48827	-1174.6797	-1028.7253	692.4843	-337.7013	-2921.8992	110.0	110.0	65999	-404.5604	526.3125	876.9322	-3230.2556	-404.55405	526.3405	924.82245	-3251.1914	4.22494	2.8922255	35.14369	-9.805739	395.89496	3074.0728	861.5088088512421
41	-1072.8239	572.92755	-222.9176	-1993.4832	-1061.4116	743.27155	-252.8331	-2498.1306	110.0	110.0	67649	-412.51385	516.8978	854.37244	-3283.029	-412.50787	516.91925	870.2154	-3213.1223	4.158057	2.8517041	34.52506	-6.6808987	404.00977	3026.5952	883.8080184459686
42	-1089.6024	888.53174	-266.34167	-3656.7524	-971.2966	731.57404	-206.5807	-2348.2532	110.0	110.0	69299	-387.44016	522.05176	744.32684	-3134.9868	-387.42862	521.8645	733.5744	-3178.7017	4.1775575	2.818094	32.424934	-7.3187995	378.6519	3053.7712	905.1766529083252
43	-928.3078	585.23987	-176.12665	-2341.0051	-1708.6246	1199.7677	-148.43472	-4629.875	110.0	110.0	70949	-351.25436	507.0468	723.06354	-3212.91	-351.25342	506.95227	705.4117	-3175.1646	4.1828012	2.79525	30.995815	-8.858037	342.86044	2938.3044	926.6949689388275
44	-1079.7748	602.03595	-429.74896	-2318.4595	-1014.11926	711.0657	-174.81967	-2613.266	110.0	110.0	72599	-354.5832	488.08762	658.19147	-3084.7473	-354.57068	487.91632	643.4447	-3039.6394	4.205583	2.8831153	34.327957	-8.463974	346.22415	2838.1382	948.6956806182861
45	-781.4861	430.72037	-277.4671	-1681.7052	-947.3372	610.66626	-147.71622	-2066.9119	110.0	110.0	74249	-373.2474	475.46378	656.77484	-3034.0344	-373.2558	475.51752	608.01556	-3013.606	4.2076206	2.8764987	36.815952	-7.6771584	365.34094	2802.7078	970.2163882255554
46	-1081.5933	799.7992	-236.04424	-2947.098	-794.3367	475.41937	-151.02802	-1477.6548	110.0	110.0	75899	-387.0572	468.26285	573.08484	-3004.0298	-387.07022	468.18237	549.90857	-2969.6345	4.183611	2.8658075	34.199146	-7.854126	379.37827	2707.6553	991.9302327632904
47	-810.0544	434.09286	-340.12424	-1885.1707	-722.9699	369.13153	-89.45804	-1214.9185	110.0	110.0	77549	-379.816	457.48825	523.7809	-2924.414	-379.83627	457.55588	539.9267	-3006.7437	4.1222687	2.8295877	33.674526	-8.345533	372.04257	2654.7476	1013.9162945747375
48	-842.1848	434.1861	-101.129524	-1424.3783	-924.80304	385.99335	-437.13403	-1631.4707	110.0	110.0	79199	-355.55127	443.25836	453.52652	-2952.7578	-355.54892	443.3626	463.62305	-2992.8516	4.1545463	2.8475137	35.087296	-8.893539	347.7275	2601.2776	1036.4454145431519
49	-976.9499	683.47253	-196.8843	-2540.228	-1032.7102	782.88275	-237.81488	-2775.0479	110.0	110.0	80849	-307.09827	470.18942	560.1577	-3317.9749	-307.10358	470.20663	551.6081	-3343.391	4.159417	2.8726208	45.958553	-7.5493927	298.8888	2634.3752	1060.0495474338531
50	-1148.888	458.6035	-244.7411	-1937.2642	-815.37335	354.63324	-96.99619	-1318.6193	110.0	110.0	82499	-304.89716	467.58792	512.6	-3369.374	-304.90186	467.5559	520.67126	-3255.205	4.123833	2.8525937	33.734478	-8.44709	297.31836	2646.318	1083.0372354984283
51	-696.29114	395.90573	-244.92567	-1858.288	-922.02325	408.85703	-431.9466	-1830.2102	110.0	110.0	84149	-316.65268	460.39313	507.8681	-3343.54	-316.64578	460.32437	524.3843	-3194.8096	4.116479	2.781825	34.1859	-8.547939	309.6035	2634.509	1106.0852530002594
52	-790.92847	390.34967	-188.5598	-1578.528	-851.9259	405.26154	-330.86307	-1586.6018	110.0	110.0	85799	-318.00043	451.06244	551.85815	-3468.1062	-317.9953	450.99356	555.9159	-3339.8994	4.105075	2.7639456	39.499897	-7.482972	310.56046	2648.6433	1129.0071847438812
53	-819.91754	417.6812	-136.15518	-1748.4906	-826.9375	437.7219	-262.30746	-1568.9836	110.0	110.0	87449	-292.85577	442.91025	622.1747	-3251.5596	-292.84113	442.8775	624.2862	-3271.9666	4.097785	2.7615516	40.497646	-9.149165	285.6474	2543.9746	1151.9506459236145
54	-1548.3807	832.90125	-376.53146	-3228.978	-659.9912	282.7139	-336.96	-1133.4053	110.0	110.0	89099	-325.1261	438.79785	560.08734	-3221.8826	-325.12573	438.732	575.9447	-3120.3257	4.0820866	2.8002536	34.443203	-6.786236	318.1316	2572.5059	1175.1114177703857
55	-1308.9269	743.51154	-104.81663	-2754.5923	-857.276	376.02216	-176.76094	-1477.3768	110.0	110.0	90749	-322.18445	443.45175	545.9594	-3351.5308	-322.20483	443.39053	547.73615	-3179.8325	4.103566	2.877041	38.342194	-7.2111964	315.1658	2592.9595	1198.3231346607208
56	-1005.72144	513.38745	-198.50986	-1981.8627	-866.1782	733.4651	-55.100014	-2257.967	110.0	110.0	92399	-304.14603	439.5606	520.21765	-3162.4744	-304.1353	439.46634	508.40213	-3081.5713	4.0997057	2.8681161	44.757454	-11.658034	297.07217	2601.48	1221.5153276920319
57	-1130.6459	624.47284	-34.902596	-2223.2405	-1029.778	613.8713	-241.89975	-1923.5616	110.0	110.0	94049	-251.71477	462.92026	696.9384	-3076.4775	-251.72374	462.86133	699.15906	-2994.4412	4.126012	2.9272184	37.525146	-10.574005	243.9086	2548.7231	1244.471741437912
58	-786.43243	624.9181	-134.02106	-2429.6792	-768.8924	418.08475	-260.03394	-1700.5078	110.0	110.0	95699	-278.66147	461.85187	668.8776	-2990.8186	-278.6655	461.77972	667.80725	-2955.994	4.087609	2.924283	37.32416	-7.5206637	272.06128	2558.6084	1268.0019059181213
59	-811.68414	349.2801	-234.53172	-1640.5219	-515.7835	217.76997	-226.00354	-892.7769	110.0	110.0	97349	-308.93207	443.51407	561.2844	-3061.388	-308.94064	443.48276	536.15314	-2992.42	4.110428	2.9585629	48.36421	-11.369921	301.98093	2532.7737	1291.6498446464539
60	-606.7803	286.5509	-228.09071	-1094.6322	-912.67706	541.9669	-307.44357	-2306.9773	110.0	110.0	98999	-277.96964	411.34198	531.4313	-3015.668	-277.97726	411.3772	533.9329	-3001.5068	4.0794635	2.9173996	43.75366	-6.942754	271.30368	2472.9749	1316.056580543518
61	-767.39496	591.0378	-70.596466	-2131.9248	-724.4956	337.88425	-247.01605	-1408.6244	110.0	110.0	100649	-299.02	389.20526	496.72763	-2801.3772	-299.02487	389.16357	475.8878	-2712.2795	4.0514336	2.8742695	42.53745	-8.209532	292.73785	2391.515	1339.8129341602325
62	-822.7849	369.0584	-361.46014	-1778.8948	-912.5104	417.1959	-336.39636	-1715.5918	110.0	110.0	102299	-294.0224	394.45883	508.68097	-2814.8564	-294.01492	394.49475	500.6831	-2667.4463	4.036836	2.839932	32.44953	-11.096369	287.5679	2402.7917	1363.4885506629944
63	-988.38293	517.447	-199.31061	-2371.3535	-803.67883	392.4426	-372.8861	-1689.3813	110.0	110.0	103949	-271.6832	396.01706	492.7456	-2764.0576	-271.68732	396.005	504.84537	-2749.0703	4.0251527	2.8274748	33.37181	-10.055726	265.4319	2399.1267	1387.3466715812683
64	-819.0214	418.47192	-176.17078	-1605.1011	-1288.448	825.69366	-250.23056	-2918.8738	110.0	110.0	105599	-289.58798	386.458	455.8368	-2667.8599	-289.57605	386.46207	470.5024	-2694.5054	3.99655	2.7904315	33.824608	-10.1065645	283.39145	2427.5159	1411.1479907035828
65	-975.07715	674.6752	-212.64723	-2684.287	-840.1948	402.4059	-145.93666	-1496.1357	110.0	110.0	107249	-244.11244	382.5608	541.1221	-2578.3975	-244.11674	382.48315	508.26266	-2627.319	4.0928392	2.9321046	39.372955	-9.690446	237.25826	2367.2983	1434.808100938797
66	-762.6292	398.71484	-251.31264	-1619.2137	-862.8799	563.20166	-304.46252	-2186.941	110.0	110.0	108899	-258.13806	380.3729	579.53796	-2645.3982	-258.14236	380.34146	544.46423	-2750.4885	3.9851382	2.8357975	37.8069	-8.227353	252.21909	2362.105	1458.2969467639923
67	-1008.85754	518.66675	-380.4903	-2052.5745	-964.0509	321.77515	-438.44104	-1550.3331	110.0	110.0	110549	-324.9854	381.9259	515.6881	-2697.309	-324.98096	381.85266	505.32544	-2728.862	3.89684	2.7165596	31.907558	-8.751356	319.6544	2221.1963	1481.8846356868744
68	-768.0402	422.9881	-60.27529	-1717.3373	-917.20245	334.44016	-502.37442	-1526.4362	110.0	110.0	112199	-309.1031	384.51242	541.7842	-2803.7864	-309.09613	384.51578	534.88275	-2832.6418	3.9107966	2.7484932	35.081486	-12.002077	303.23495	2234.2124	1505.4574136734009
69	-931.8979	500.858	-392.20734	-2068.5557	-667.4686	373.19696	-108.40584	-1342.3474	110.0	110.0	113849	-276.5687	373.23166	534.5159	-2769.6982	-276.58148	373.31354	518.4912	-2761.6162	3.8782537	2.733423	40.073586	-8.211116	270.8748	2171.3674	1529.4169783592224
70	-769.9754	471.47272	-74.92706	-1642.0779	-616.39905	228.33694	-219.76805	-964.35767	110.0	110.0	115499	-279.25632	367.10043	509.0457	-2890.6357	-279.25565	367.11688	495.9002	-2882.8005	3.8960738	2.7672408	33.534626	-8.400707	273.3563	2170.334	1553.777936220169
71	-866.2569	449.59918	-332.3022	-2020.0435	-875.12744	457.14197	-339.56314	-1704.2429	110.0	110.0	117149	-247.33781	356.40292	483.37326	-2705.8176	-247.32843	356.45856	473.5143	-2714.145	3.8884473	2.798789	40.320805	-9.160078	241.48422	2103.5178	1579.027532339096
72	-912.64105	524.8531	-135.37534	-2069.8687	-1029.7482	507.93372	-357.5559	-2334.215	110.0	110.0	118799	-258.0103	359.58826	441.5964	-2729.9565	-258.0222	359.63644	458.80756	-2576.4653	3.9435823	2.8109584	40.59819	-11.118638	252.22298	2118.481	1603.2932696342468
73	-854.01434	447.52557	-149.96957	-1732.421	-949.7031	464.6668	-328.53006	-1794.8312	110.0	110.0	120449	-235.30655	349.71915	541.88513	-2785.5603	-235.30371	349.70004	516.0668	-2608.165	3.9349372	2.837276	32.1959	-7.335586	229.29803	2079.91	1628.02605509758
74	-961.6285	466.5058	-260.03015	-1868.435	-1042.0564	880.04285	-206.50452	-3178.6477	110.0	110.0	122099	-230.0539	350.05093	537.4487	-2831.0706	-230.0572	349.9567	537.8652	-2723.3574	3.9034126	2.7606938	34.203903	-7.58697	224.31479	2081.118	1652.6115565299988
75	-716.73987	476.29755	-47.716198	-2007.4219	-509.81543	345.2474	-128.9522	-1331.8048	110.0	110.0	123749	-241.26257	352.25687	485.64285	-2723.9246	-241.26155	352.19287	532.8839	-2750.2395	3.8902144	2.7340398	31.829042	-8.9957	235.56902	2064.4475	1676.6385905742645
76	-964.30414	854.45544	-155.9728	-3120.0723	-974.3947	625.1834	-233.95203	-2226.3503	110.0	110.0	125399	-224.92558	356.522	568.75366	-2733.7217	-224.93861	356.5201	612.982	-2792.098	3.920325	2.7777488	31.09034	-8.019999	219.00667	2126.5317	1700.6788592338562
77	-938.79645	291.19858	-356.67255	-1556.8601	-716.36176	547.25244	-117.37088	-1973.8427	110.0	110.0	127049	-215.93428	368.28912	640.89233	-2785.4324	-215.94344	368.28732	671.9211	-2854.6777	3.8826818	2.7393005	33.92033	-11.011356	210.46268	2116.3691	1724.545616388321
78	-1193.2302	673.03986	-289.64117	-3098.0676	-714.8244	323.1956	-197.81035	-1220.5875	110.0	110.0	128699	-239.90855	362.63638	647.09576	-2888.0908	-239.90572	362.5559	667.5076	-2881.8762	3.8721433	2.7335687	32.75404	-9.524387	234.62791	2128.342	1748.8069031238556
79	-935.51764	386.93787	-394.62482	-1883.8456	-734.4753	299.4866	-372.21716	-1301.6176	110.0	110.0	130349	-264.78036	366.46738	579.5733	-2942.4722	-264.77722	366.33978	608.16504	-2943.4958	3.7935772	2.6688776	33.17295	-7.620962	259.59897	2074.8452	1772.8752779960632
80	-992.02203	501.40598	-193.37167	-1737.3057	-611.0347	415.85223	-55.90086	-1641.14	110.0	110.0	131999	-226.98737	355.45602	564.28204	-2969.787	-226.9952	355.41028	574.9113	-2935.939	3.8744428	2.7467048	37.176056	-9.164769	221.45224	2100.9795	1797.2244274616241
81	-865.47437	561.0061	-149.9345	-1928.4916	-1096.5219	749.549	-268.81076	-2492.1558	110.0	110.0	133649	-206.2681	357.5691	635.7396	-2933.954	-206.2735	357.48294	621.1735	-2888.9795	3.8842442	2.7777672	34.400574	-8.75878	200.81038	2115.4382	1822.4862740039825
82	-950.4994	365.93326	-260.74454	-1408.9196	-728.9405	292.6438	-305.8106	-1160.5907	110.0	110.0	135299	-212.7413	362.05536	678.1445	-2751.9253	-212.76689	362.1222	687.2166	-2817.4863	3.8420703	2.7291496	34.41352	-9.386521	207.412	2117.36	1847.158613204956
83	-644.63336	334.03506	-141.7803	-1331.5842	-886.2329	475.03494	-418.42923	-2175.2017	110.0	110.0	136949	-200.91553	367.08807	663.46063	-2908.469	-200.90541	367.14966	674.3481	-2921.2634	3.869622	2.760558	33.345352	-8.744093	195.6099	2067.0576	1872.0032215118408
84	-991.62305	463.55728	-181.68124	-1753.2048	-1237.6592	959.4033	-190.2431	-2714.73	110.0	110.0	138599	-219.59927	366.6018	614.83154	-2862.5923	-219.5982	366.57663	612.3765	-2797.6995	3.8301406	2.7474387	37.28487	-7.8396807	214.51337	2047.9097	1896.6252269744873
85	-911.9771	671.0728	-380.77298	-2468.3774	-878.3459	498.91028	-360.12115	-2240.844	110.0	110.0	140249	-181.25383	366.0352	670.79095	-2893.3772	-181.25987	366.03918	701.0948	-2893.6062	3.8604057	2.8058915	34.35303	-8.708407	175.87932	2067.196	1920.380075931549
86	-1146.8536	624.0354	-291.8759	-2310.7905	-580.5338	219.53423	-168.15181	-870.3569	110.0	110.0	141899	-175.37706	360.7335	657.32806	-2837.4204	-175.38191	360.80966	661.08923	-2780.4954	3.8471603	2.7653189	36.993675	-7.494114	170.12968	2051.849	1944.7222790718079
87	-834.15955	678.9985	-85.59687	-2341.3115	-1080.921	629.4683	-266.10852	-2209.0505	110.0	110.0	143549	-208.43005	365.2681	612.7943	-3064.8389	-208.44026	365.31927	644.9765	-3052.4917	3.818233	2.754062	39.717274	-7.011001	203.50772	2017.1207	1969.4736070632935
88	-972.0812	615.9866	-219.06226	-2257.9453	-1136.7556	525.9031	-310.062	-2223.5151	110.0	110.0	145199	-213.69983	368.32227	620.8352	-3111.681	-213.7074	368.30392	633.31964	-3030.6604	3.8307943	2.7327626	40.47708	-8.105606	208.57382	1970.1898	1993.8300232887268
89	-677.90204	405.04416	-100.68908	-1413.4845	-851.3591	603.32263	-214.57428	-2026.8583	110.0	110.0	146849	-200.59578	364.2192	630.81934	-3059.4404	-200.60594	364.28503	625.6304	-2964.8328	3.8465216	2.7356753	40.26947	-11.892309	195.35335	2042.5125	2017.5274798870087
90	-664.40375	305.79654	-131.18295	-1326.9238	-583.42834	368.7304	-184.5866	-1519.7461	110.0	110.0	148499	-165.5585	365.3077	591.7886	-3163.0376	-165.55772	365.3196	581.3122	-3025.2778	3.8310628	2.7347758	35.788727	-9.873448	160.23756	2026.5227	2041.2610156536102
91	-779.76086	470.262	-227.4789	-1794.1622	-926.76874	390.26968	-360.83115	-1522.6244	110.0	110.0	150149	-178.41402	358.88843	595.8747	-3118.284	-178.42305	358.92758	576.45703	-2995.9124	3.8476226	2.7711031	34.52653	-12.8878565	173.5558	2026.3354	2065.459803342819
92	-821.24396	554.07025	-139.39876	-1754.9143	-951.6515	476.78458	-317.05582	-1753.4377	110.0	110.0	151799	-206.2916	357.7226	576.0394	-3124.182	-206.29942	357.6296	598.27234	-3038.6934	3.7962556	2.6602333	41.868107	-10.864401	201.56206	2001.6145	2089.7450239658356
93	-965.7482	764.35077	-263.96796	-2999.8774	-635.3802	242.60336	-295.79233	-1013.6442	110.0	110.0	153449	-221.04666	350.00726	580.2876	-3385.7812	-221.04839	349.98148	585.3867	-3263.8472	3.7970946	2.6392872	40.198288	-8.429674	216.31044	1995.2603	2113.869745492935
94	-954.9825	486.37387	-262.24442	-2060.897	-570.98785	404.40787	-265.02362	-1705.4318	110.0	110.0	155099	-219.36491	343.64902	545.6673	-3124.047	-219.36705	343.59592	561.3488	-3046.0784	3.8245318	2.708818	37.541245	-9.607218	214.50464	1961.57	2137.886713027954
95	-802.14386	668.498	-85.51107	-2795.8381	-754.6815	635.4662	-77.84108	-1998.8765	110.0	110.0	156749	-210.92921	332.72147	545.84576	-2943.1396	-210.94125	332.69592	568.0287	-2896.726	3.8054607	2.6943152	41.149876	-8.392498	206.61234	1873.4052	2161.768934726715
96	-916.2929	576.54236	-220.88196	-2387.2368	-980.70276	622.67737	-202.01999	-2110.078	110.0	110.0	158399	-259.93073	340.69373	516.7829	-3080.4397	-259.92517	340.62814	528.1359	-3041.5122	3.7624633	2.659286	44.238834	-8.191782	255.8406	1991.0597	2186.102520942688
97	-876.11066	932.72736	-219.33272	-4025.9783	-771.75824	607.7375	-93.63005	-1912.5209	110.0	110.0	160049	-220.16371	334.20602	536.06995	-3091.3633	-220.15906	334.09164	535.1086	-3015.6042	3.8333535	2.6807575	46.024033	-10.192963	215.60602	2012.6777	2210.76527261734
98	-1045.7607	636.4008	-192.33815	-2399.6975	-969.9608	864.40295	-130.4991	-3134.6501	110.0	110.0	161699	-227.86652	318.2021	485.3711	-2989.6196	-227.87689	318.2466	489.58194	-2980.5203	3.7997482	2.757673	38.91017	-8.467348	223.49002	1976.4558	2234.902164697647
99	-894.27954	334.35526	-209.71028	-1545.5708	-619.77594	321.4883	-73.46344	-1123.4928	110.0	110.0	163349	-229.53491	320.52872	547.8936	-2965.654	-229.54254	320.5009	513.71796	-2938.3271	3.7945652	2.763062	37.417946	-8.376644	225.2818	2009.2041	2259.230753183365
100	-860.1422	632.71454	-332.43555	-3001.2017	-1001.2584	509.88943	-386.60666	-1897.0984	110.0	110.0	164999	-270.52393	323.61505	514.15405	-2979.311	-270.51367	323.62732	491.09503	-2837.9922	3.7504697	2.6955237	38.77617	-8.547208	266.8589	1949.2383	2283.539719104767
