Epoch	AverageEpRet	StdEpRet	MaxEpRet	MinEpRet	AverageTestEpRet	StdTestEpRet	MaxTestEpRet	MinTestEpRet	EpLen	TestEpLen	TotalEnvInteracts	AverageQVals	StdQVals	MaxQVals	MinQVals	LossPi	LossQ	Time
1	-481.8902	110.34996	-351.996	-706.86584	-213.44836	42.988388	-168.47879	-332.33752	110.0	110.0	1649	-9.156123	3.855366	0.24267149	-25.47862	8.257829	3.3377116	7.238790512084961
2	-610.7899	143.30614	-364.4099	-819.2008	-178.45334	27.952044	-110.76161	-205.61484	110.0	110.0	3299	-22.852959	8.291027	-7.6941032	-57.544743	19.944096	1.0183616	18.543277502059937
3	-553.6175	117.86806	-431.05557	-882.09076	-184.59825	22.947262	-137.95615	-216.04147	110.0	110.0	4949	-32.29096	9.371814	-13.316605	-67.1306	28.206266	1.28741	28.22869610786438
4	-557.8402	105.11399	-426.88324	-756.2594	-168.43478	32.170895	-107.30942	-203.97847	110.0	110.0	6599	-37.659985	8.845288	-15.266594	-71.61182	33.63681	1.3975164	39.181031942367554
5	-488.42276	92.330864	-378.2014	-676.3854	-171.81859	16.101126	-137.764	-197.37364	110.0	110.0	8249	-43.982773	8.963172	-19.485914	-79.40174	40.18922	1.2571372	49.94041419029236
6	-531.6096	112.31517	-360.0113	-733.84845	-166.52205	27.3734	-104.00325	-195.45767	110.0	110.0	9899	-51.434788	9.899065	-25.305107	-97.09959	47.800735	1.1807249	60.98420572280884
7	-554.8082	143.69464	-350.9818	-940.8682	-167.25131	29.424656	-113.07844	-217.40985	110.0	110.0	11549	-59.15159	11.645921	-27.595158	-111.24352	55.481384	1.1435614	71.01160407066345
8	-569.9314	127.06749	-396.3654	-848.9576	-171.68315	24.930008	-126.107796	-196.76329	110.0	110.0	13199	-66.63652	13.448787	-31.44662	-123.6172	62.92869	1.2322072	82.42359471321106
9	-560.4633	118.367325	-390.9568	-805.7145	-156.67986	29.109762	-110.417694	-198.96454	110.0	110.0	14849	-73.74983	15.551803	-34.83199	-133.8431	70.06038	1.2395052	93.03044819831848
10	-549.98206	138.75	-381.91257	-832.9259	-172.17346	18.046782	-148.91898	-213.63783	110.0	110.0	16499	-80.83412	17.230352	-38.21058	-145.01048	77.13232	1.2642576	104.42751026153564
11	-514.06024	67.75007	-430.3969	-696.08954	-173.62454	22.94178	-131.75648	-222.985	110.0	110.0	18149	-87.70879	18.524122	-41.782494	-155.31905	83.99868	1.3074381	115.9543809890747
12	-554.55457	141.17245	-385.9954	-862.7828	-169.20552	25.535349	-113.85013	-195.69533	110.0	110.0	19799	-93.35693	19.664948	-45.162598	-162.6757	89.619965	1.3471645	127.0755181312561
13	-207.72586	102.031075	-116.09904	-491.91452	-167.80086	20.434185	-117.15013	-194.00063	110.0	110.0	21449	-98.055016	20.556028	-48.063297	-169.25267	94.40053	1.3468978	136.71819972991943
14	-175.64355	25.527876	-113.55473	-209.92368	-177.41147	19.034796	-129.37326	-198.83577	110.0	110.0	23099	-103.62275	21.484407	-52.54511	-174.00868	100.20233	1.2643877	146.58895683288574
15	-181.01268	18.530903	-145.72638	-209.00388	-187.21376	15.827422	-160.64966	-204.46677	110.0	110.0	24749	-108.592094	22.339403	-55.475567	-179.01257	105.43404	1.2128102	156.49202752113342
16	-163.28574	28.080097	-107.168816	-201.279	-173.02695	21.039465	-128.59943	-198.99672	110.0	110.0	26399	-113.47042	23.130182	-60.29472	-184.87164	110.50926	1.196242	166.98669576644897
17	-174.75563	17.431288	-140.31613	-196.2529	-164.27602	26.186546	-123.85787	-198.66866	110.0	110.0	28049	-117.95802	23.91301	-63.54231	-189.99118	115.149376	1.1411386	177.37024998664856
18	-170.98784	23.5319	-112.13048	-201.01704	-167.59702	24.22755	-118.78832	-202.36702	110.0	110.0	29699	-122.43984	24.214325	-67.35616	-197.52788	119.77733	1.1217159	187.33825516700745
19	-165.14722	31.754375	-105.72367	-204.4348	-171.58263	16.237253	-137.27019	-196.93076	110.0	110.0	31349	-126.80252	24.522488	-72.068245	-202.61674	124.27027	1.0967331	196.992990732193
20	-165.82181	25.772688	-126.13411	-214.72281	-174.73041	22.76987	-137.62701	-210.74548	110.0	110.0	32999	-130.88332	24.854776	-75.6831	-209.353	128.4681	1.0624195	207.77307057380676
21	-174.75948	22.829714	-122.511566	-203.1164	-175.31564	13.155292	-143.04465	-192.27357	110.0	110.0	34649	-134.75357	25.364807	-77.90639	-214.9937	132.4592	1.0150641	220.0187430381775
22	-157.62057	25.421293	-109.99107	-190.56715	-165.73343	24.997255	-112.53184	-198.75288	110.0	110.0	36299	-138.50171	25.834593	-80.87005	-221.09995	136.27985	1.0064349	232.5810170173645
23	-167.44359	26.184557	-123.424095	-213.74216	-146.84906	25.601063	-115.48837	-190.7222	110.0	110.0	37949	-142.21765	26.184052	-83.93984	-225.56688	140.07867	0.99593574	243.9915542602539
24	-161.67262	25.85212	-120.22401	-209.21715	-165.8201	24.61118	-115.62372	-199.59016	110.0	110.0	39599	-145.56715	26.389448	-86.59587	-231.96234	143.50447	0.988132	253.61304664611816
25	-160.1406	21.65357	-133.17255	-202.41978	-153.10605	33.33448	-82.536964	-198.99948	110.0	110.0	41249	-148.66995	26.750744	-89.60147	-233.74744	146.66522	0.9641316	263.21102476119995
26	-158.95918	21.016607	-112.394	-193.15663	-154.10303	33.277836	-108.91617	-210.26811	110.0	110.0	42899	-150.85109	27.2761	-92.52298	-240.00096	148.92775	0.95104766	274.537873506546
27	-134.3359	37.49279	-50.45019	-195.25366	-170.30704	27.265188	-132.75269	-217.58257	110.0	110.0	44549	-153.32544	27.538485	-96.02697	-243.85838	151.46275	0.91515476	288.94593834877014
28	-150.98886	23.13304	-93.70083	-185.0368	-174.45897	19.45982	-144.06613	-209.44455	110.0	110.0	46199	-155.89497	27.610168	-99.30071	-246.11089	154.07985	0.91769737	300.0673677921295
29	-151.86832	28.463573	-98.76463	-202.79047	-161.5206	25.435106	-121.48728	-199.0954	110.0	110.0	47849	-158.40477	27.737398	-102.769905	-247.28084	156.64676	0.8916418	312.05785274505615
30	-154.46571	23.109556	-107.96137	-183.76717	-151.71078	20.25551	-122.49911	-188.28072	110.0	110.0	49499	-160.90128	27.71218	-105.694984	-253.32576	159.18704	0.9062614	322.84788250923157
31	-163.95648	27.986795	-107.3952	-208.29364	-132.3189	26.358057	-74.67636	-160.11725	110.0	110.0	51149	-163.24265	27.605404	-107.58998	-256.97192	161.57611	0.8981941	334.0008611679077
32	-161.05609	26.304647	-119.803024	-214.7613	-158.91364	19.655432	-127.39088	-191.21423	110.0	110.0	52799	-165.61386	27.504381	-108.910934	-257.1244	163.9869	0.8997609	345.1497323513031
33	-154.54926	28.408804	-108.55517	-197.686	-139.03232	31.741762	-69.11399	-177.23468	110.0	110.0	54449	-167.22488	27.362516	-109.56422	-259.99478	165.6239	0.9129534	356.5466842651367
34	-148.22891	29.08099	-98.319984	-195.1714	-148.35487	14.430373	-111.625916	-162.40549	110.0	110.0	56099	-169.21065	27.209982	-111.59258	-260.49957	167.65616	0.90274763	366.7215676307678
35	-141.13779	24.019232	-109.6043	-190.71858	-127.437416	17.758972	-89.73239	-160.4218	110.0	110.0	57749	-170.86069	27.075851	-113.66492	-264.4548	169.3341	0.8997762	378.12720918655396
36	-142.6225	26.034782	-100.414566	-202.12491	-134.70198	18.20693	-91.36794	-156.1549	110.0	110.0	59399	-172.2633	26.828047	-115.58109	-266.4494	170.77882	0.88094765	388.47280740737915
37	-156.40387	19.80189	-119.81208	-194.35065	-123.09874	46.812195	-56.69836	-220.26987	110.0	110.0	61049	-173.71378	26.77393	-117.006256	-269.41714	172.25626	0.89118785	398.0967900753021
38	-148.48232	29.974022	-95.51679	-196.24213	-133.52425	37.232414	-68.83875	-185.23077	110.0	110.0	62699	-175.21738	26.76816	-118.43995	-269.51212	173.77585	0.89899236	408.910808801651
39	-144.57088	33.03468	-79.613464	-190.05038	-148.39049	32.63296	-76.931595	-186.66829	110.0	110.0	64349	-176.59883	26.603884	-119.68633	-270.5767	175.19511	0.90176684	420.4666814804077
40	-152.36035	33.587	-77.76785	-203.40942	-120.12124	25.725994	-77.03803	-162.58517	110.0	110.0	65999	-177.7028	26.57254	-120.51113	-270.89053	176.31194	0.8794765	431.2592406272888
41	-135.6936	27.114285	-79.09665	-170.26088	-138.50961	33.08084	-79.17495	-184.68565	110.0	110.0	67649	-178.53629	26.452837	-121.11677	-272.0044	177.18376	0.8815261	442.89503288269043
42	-135.04092	33.542225	-86.103065	-192.42827	-127.529396	23.711687	-86.243835	-163.57985	110.0	110.0	69299	-179.4188	26.47883	-121.62458	-273.562	178.08008	0.8560896	454.13734555244446
43	-144.04568	29.886265	-95.63332	-202.38235	-140.93463	22.31835	-100.469475	-175.77261	110.0	110.0	70949	-180.03987	26.60693	-122.217155	-274.02417	178.72865	0.85822	465.15244603157043
44	-142.44218	19.764458	-82.15641	-170.09975	-138.68701	40.639244	-71.233536	-190.68852	110.0	110.0	72599	-180.41594	26.643278	-122.9054	-276.6035	179.13188	0.84476525	474.9964678287506
45	-127.43502	30.753923	-72.29764	-172.18858	-130.23111	13.54562	-108.12308	-154.93788	110.0	110.0	74249	-180.99475	26.693096	-123.35783	-277.7721	179.72322	0.8885034	484.9403419494629
46	-127.40183	20.870285	-87.00074	-162.01262	-126.95705	35.025574	-57.813892	-190.46628	110.0	110.0	75899	-181.39885	26.728342	-123.89077	-279.20978	180.14651	0.87295365	497.87657403945923
47	-124.87681	28.844028	-66.79457	-169.29141	-119.70775	22.067879	-94.84931	-153.43391	110.0	110.0	77549	-181.5214	26.681334	-124.07562	-279.6848	180.29132	0.8773166	508.32710123062134
48	-129.55194	31.047092	-70.50564	-184.53488	-133.06769	21.25096	-102.917435	-166.02397	110.0	110.0	79199	-181.51949	26.891394	-124.121506	-282.57382	180.30167	0.8765189	518.4396073818207
49	-137.36754	23.484549	-102.85441	-189.90831	-127.017395	24.97955	-86.428665	-168.8543	110.0	110.0	80849	-181.68027	27.120316	-124.72202	-282.6466	180.48064	0.888762	528.4863817691803
50	-138.757	30.796967	-85.70522	-200.69106	-133.19803	27.535053	-88.783875	-174.11986	110.0	110.0	82499	-181.6191	27.23805	-125.30944	-283.5574	180.42235	0.8788443	538.3165276050568
51	-131.43343	20.672953	-73.44705	-166.5383	-130.82925	27.191916	-93.577774	-176.43733	110.0	110.0	84149	-181.94315	27.610535	-125.22159	-284.27304	180.76666	0.8782416	547.9767615795135
52	-139.37082	30.745052	-88.392784	-188.73888	-138.43192	20.83035	-98.8683	-160.781	110.0	110.0	85799	-182.17075	28.060993	-124.82854	-286.232	180.99742	0.9008067	557.7154848575592
53	-147.55527	29.25903	-91.36564	-198.50447	-148.7172	27.749739	-116.60434	-200.89725	110.0	110.0	87449	-182.22789	28.422916	-124.49235	-286.36328	181.07224	0.87401956	567.7874910831451
54	-140.32394	31.348679	-100.858734	-219.36906	-132.76323	27.864176	-80.66844	-165.40959	110.0	110.0	89099	-182.19624	28.706226	-124.32788	-287.6286	181.05357	0.87196594	578.0818328857422
55	-125.91743	23.486872	-77.91989	-164.00179	-121.5074	31.003164	-79.57464	-166.01013	110.0	110.0	90749	-182.09695	28.949749	-124.1657	-289.77435	180.9599	0.90366364	590.2087736129761
56	-143.1043	26.085049	-98.31047	-194.01797	-115.08059	29.442884	-59.687107	-154.51279	110.0	110.0	92399	-181.83633	29.303282	-123.91193	-302.79935	180.71057	0.9249528	600.2724130153656
57	-107.26757	24.664185	-67.59536	-164.66942	-129.28355	25.010078	-80.71899	-159.88498	110.0	110.0	94049	-181.40004	29.623577	-123.890274	-308.30463	180.29356	0.9227322	610.4832656383514
58	-131.28505	30.160744	-73.733086	-172.11723	-109.64176	20.12505	-65.141975	-140.16156	110.0	110.0	95699	-180.96454	29.83011	-123.300476	-304.5338	179.83755	0.9256525	620.4537763595581
59	-131.62132	27.289919	-84.97467	-175.70242	-115.57539	30.686308	-61.218914	-162.85458	110.0	110.0	97349	-180.44432	30.01824	-123.402534	-308.94992	179.33762	0.9168349	630.1608757972717
60	-128.34749	35.12373	-77.10076	-196.4198	-129.45079	29.93819	-82.68108	-187.9217	110.0	110.0	98999	-179.79573	30.115458	-122.81611	-309.0839	178.70306	0.92140114	639.9471282958984
61	-128.62602	33.60156	-80.17825	-186.69386	-114.065796	26.943714	-76.26149	-180.46797	110.0	110.0	100649	-179.28262	30.327211	-122.07498	-308.0662	178.1965	0.92008585	649.7590465545654
62	-129.56844	34.125107	-71.741806	-182.49356	-114.80991	22.782303	-58.510983	-138.38972	110.0	110.0	102299	-178.51944	30.424526	-121.39729	-307.87204	177.46442	0.9373414	660.0384225845337
63	-125.7521	28.367058	-84.53823	-175.94408	-116.47748	24.636065	-70.01986	-159.12961	110.0	110.0	103949	-178.09744	30.506649	-120.3957	-309.39874	177.0361	0.930124	670.1605083942413
64	-123.75446	29.595396	-61.147285	-164.438	-126.065384	14.398263	-106.5584	-149.58325	110.0	110.0	105599	-177.41367	30.560307	-119.688484	-307.98108	176.35896	0.940751	680.3674364089966
65	-123.153854	28.269865	-72.489876	-172.90247	-120.468544	26.087168	-76.44994	-160.31474	110.0	110.0	107249	-176.70326	30.640198	-118.82877	-307.86493	175.66016	0.9322158	690.3157773017883
66	-119.87247	32.27792	-68.86579	-183.35934	-112.636986	22.73603	-75.91491	-157.5003	110.0	110.0	108899	-176.15483	30.717478	-117.83211	-307.95697	175.1411	0.9378888	700.3228371143341
67	-134.22029	27.645613	-71.71956	-179.07585	-125.22013	18.608961	-97.91293	-152.36931	110.0	110.0	110549	-175.84866	30.843203	-116.98536	-302.19684	174.83943	0.94961023	710.4703364372253
68	-118.76145	21.868814	-64.8342	-145.82372	-127.9539	23.481218	-90.05215	-162.06862	110.0	110.0	112199	-175.1985	30.812084	-116.21275	-305.92773	174.18405	0.96387774	720.4870460033417
69	-137.28377	25.733063	-88.52667	-192.67587	-125.95125	28.460178	-84.87871	-165.22015	110.0	110.0	113849	-174.46484	30.89969	-115.7708	-305.03665	173.46382	0.96249616	730.4975752830505
70	-108.83165	23.600573	-67.09744	-146.66896	-124.16237	28.731318	-71.85723	-173.13358	110.0	110.0	115499	-173.99515	31.012466	-114.96436	-304.4163	172.99283	0.9408561	740.6759510040283
71	-112.2014	23.552835	-78.86637	-173.24998	-109.35449	39.433044	-55.31612	-190.3392	110.0	110.0	117149	-172.8891	30.961195	-114.09495	-302.89127	171.90529	0.9721415	750.9242312908173
72	-124.9475	29.658566	-73.88273	-181.63031	-125.85348	28.840218	-76.74215	-166.62724	110.0	110.0	118799	-172.05786	30.961132	-113.55428	-298.3008	171.07797	0.95708364	761.0163187980652
73	-132.3409	30.305744	-86.583145	-201.08876	-137.54103	44.854496	-71.2146	-201.2144	110.0	110.0	120449	-171.26936	30.852854	-112.85902	-301.2961	170.29958	0.9724189	770.8540029525757
74	-121.323006	37.36979	-72.08994	-205.37476	-120.781006	43.25109	-57.988087	-211.15273	110.0	110.0	122099	-170.6346	30.91767	-111.85686	-304.00885	169.67784	0.9773042	780.8105144500732
75	-121.88125	23.071922	-83.54356	-167.38022	-107.650314	33.79285	-60.509216	-160.78705	110.0	110.0	123749	-169.86314	30.896187	-111.38381	-301.38626	168.91684	0.9621224	791.0375530719757
76	-123.26104	17.113691	-94.716156	-155.28195	-116.23087	28.960285	-73.02875	-152.8571	110.0	110.0	125399	-169.14357	30.916437	-110.236855	-299.908	168.18262	0.96478516	801.869889497757
77	-118.39644	36.286495	-38.056454	-171.68044	-108.99375	15.55029	-85.27197	-130.53802	110.0	110.0	127049	-168.38724	31.023638	-109.59224	-300.24396	167.4594	0.9867094	812.4272055625916
78	-133.97287	27.2074	-96.198494	-191.9945	-109.48454	30.711622	-63.41771	-172.43561	110.0	110.0	128699	-167.86209	30.974325	-109.027916	-300.37708	166.93242	0.95068794	823.1299962997437
79	-133.36604	34.86509	-68.85206	-189.97641	-132.81056	25.313734	-75.15123	-165.83652	110.0	110.0	130349	-167.0851	30.816778	-108.36939	-299.51712	166.16624	0.9770392	834.696914434433
80	-128.9849	29.7729	-71.94361	-175.47707	-115.84589	29.886654	-67.52295	-171.82275	110.0	110.0	131999	-166.40036	30.745625	-107.761215	-299.20154	165.49615	0.9520838	844.5000691413879
81	-116.42127	27.773209	-71.82507	-155.52109	-128.21307	19.048658	-89.22671	-148.59761	110.0	110.0	133649	-165.75427	30.839664	-106.692535	-298.87994	164.8553	0.9529137	854.2603788375854
82	-132.77129	28.430595	-89.916176	-186.93796	-136.0062	22.774933	-93.4422	-185.18187	110.0	110.0	135299	-165.42274	30.888102	-105.543236	-296.06238	164.52196	0.9496899	864.2308990955353
83	-133.10213	23.632824	-105.73669	-189.1715	-132.95097	44.194557	-45.715996	-184.90038	110.0	110.0	136949	-164.80013	30.82664	-104.52053	-293.27078	163.9155	0.96067977	874.308774471283
84	-129.21596	22.643751	-70.49073	-166.15672	-127.00752	27.315617	-79.2526	-163.08025	110.0	110.0	138599	-164.42729	30.736082	-102.81343	-295.41092	163.56519	0.9639016	884.1953806877136
85	-118.452324	30.9547	-56.72087	-171.18777	-141.76772	24.426619	-93.445786	-187.62477	110.0	110.0	140249	-163.851	30.727581	-102.47748	-293.09756	162.98613	0.97952384	894.0736966133118
86	-151.32777	31.059944	-103.41425	-208.3377	-137.47647	33.302345	-89.671844	-183.24463	110.0	110.0	141899	-163.53061	30.718842	-101.33867	-287.61783	162.6635	0.9666298	903.993744134903
87	-122.977554	25.434704	-76.93544	-165.49269	-145.30746	19.812874	-123.176506	-176.04527	110.0	110.0	143549	-162.95876	30.650053	-100.64637	-291.50247	162.10579	0.95071894	914.4757001399994
88	-110.567245	29.693424	-43.269024	-156.50206	-120.443115	32.070316	-73.439095	-166.81946	110.0	110.0	145199	-162.39005	30.509676	-99.72056	-289.36063	161.5369	0.9670377	924.3719017505646
89	-138.20769	18.605042	-103.88545	-164.95343	-104.81126	28.990566	-53.24057	-150.50612	110.0	110.0	146849	-162.21732	30.520727	-98.92697	-287.71	161.37212	0.97454846	934.1878633499146
90	-115.72595	21.268234	-65.6576	-146.09222	-124.89022	25.988882	-86.7749	-180.0891	110.0	110.0	148499	-161.71678	30.460077	-97.51156	-287.4452	160.87909	0.96370995	944.1537230014801
91	-121.05988	33.184837	-56.92438	-186.74933	-121.62067	35.264748	-62.636505	-181.13779	110.0	110.0	150149	-161.2317	30.427637	-96.771614	-284.31894	160.3976	0.9753032	954.3427896499634
92	-114.97062	16.617012	-87.69973	-149.82928	-116.46041	24.645918	-61.75915	-153.82135	110.0	110.0	151799	-160.71596	30.458746	-96.12313	-282.0537	159.87769	0.9702406	963.9838042259216
93	-132.46956	28.192837	-89.281685	-201.2079	-126.96037	32.20556	-91.358025	-189.05435	110.0	110.0	153449	-160.14436	30.251713	-94.421135	-279.2424	159.32175	0.9947918	973.632511138916
94	-121.17305	22.094095	-92.8396	-168.7074	-95.363686	26.436626	-40.710865	-133.34296	110.0	110.0	155099	-159.62352	30.2154	-93.81879	-270.8339	158.80319	0.9958356	983.173896074295
95	-118.97633	24.068993	-71.909454	-165.91943	-110.36015	24.674992	-60.647087	-143.20079	110.0	110.0	156749	-159.06871	30.197662	-93.00793	-269.08554	158.26349	0.9731668	993.1148071289062
96	-116.576645	29.961302	-69.48559	-166.35512	-118.06102	27.277325	-79.42335	-161.64804	110.0	110.0	158399	-158.73123	30.268599	-92.17803	-268.04276	157.93	0.98413247	1002.9350490570068
97	-126.159256	43.49879	-47.394474	-203.92647	-126.23901	13.381635	-106.268166	-149.35747	110.0	110.0	160049	-158.09477	30.153711	-92.324776	-270.4611	157.29633	0.9697544	1012.8284902572632
98	-122.30839	24.3082	-85.4284	-169.70137	-130.00963	22.797298	-92.725174	-174.67819	110.0	110.0	161699	-157.63809	30.131212	-92.064835	-267.98953	156.84201	0.9905472	1022.7245924472809
99	-130.91925	27.937807	-81.87724	-180.78612	-134.25089	30.504717	-97.043205	-182.24524	110.0	110.0	163349	-157.17667	30.100422	-91.34805	-265.91937	156.39632	0.95128727	1032.4517171382904
100	-123.65714	29.538143	-64.297035	-179.19225	-119.71484	30.037777	-68.81855	-186.87772	110.0	110.0	164999	-156.83998	30.056585	-90.69619	-264.2269	156.04092	0.9765581	1042.2619202136993
101	-109.73571	32.551308	-47.18872	-165.06924	-99.565926	32.61718	-55.018063	-155.76479	110.0	110.0	166649	-156.38809	30.135948	-90.31508	-262.3338	155.61421	0.9506738	1051.8741195201874
102	-117.26217	29.443758	-78.003365	-190.71553	-115.7465	34.851643	-52.31269	-179.19327	110.0	110.0	168299	-155.81659	30.045702	-89.69588	-258.37515	155.05252	0.98961174	1061.6076381206512
103	-122.39985	22.204721	-84.23967	-154.49536	-121.59928	23.144917	-87.70035	-162.49443	110.0	110.0	169949	-155.41019	30.03511	-89.20765	-258.78177	154.64262	0.97844136	1071.486013174057
104	-129.17027	35.18405	-68.61675	-200.4748	-105.866844	30.797781	-64.61975	-153.14153	110.0	110.0	171599	-155.13594	30.000772	-88.68029	-257.8799	154.37572	0.98449856	1082.689116716385
105	-128.88135	28.090857	-60.837955	-166.79156	-128.76791	23.602974	-79.96251	-161.0499	110.0	110.0	173249	-154.95903	29.967777	-88.41232	-258.8173	154.20847	1.0061965	1092.9000070095062
106	-107.21126	26.166534	-49.905727	-154.22678	-111.648605	24.77594	-68.87043	-149.02599	110.0	110.0	174899	-154.4826	29.750195	-87.76748	-259.56924	153.72841	1.0032042	1104.6297118663788
107	-131.91335	28.07672	-86.030205	-180.59827	-117.096725	28.719728	-75.924065	-161.72455	110.0	110.0	176549	-154.04265	29.694433	-87.16113	-260.40546	153.2869	0.99471223	1115.393970966339
108	-128.84668	28.663412	-75.27795	-189.45363	-111.10852	29.361683	-61.733944	-161.59663	110.0	110.0	178199	-153.66661	29.568935	-87.01752	-261.12576	152.9204	0.99453115	1128.6311571598053
109	-127.92669	31.115585	-73.11325	-179.35606	-120.15028	34.626522	-58.865246	-175.27962	110.0	110.0	179849	-153.44318	29.583569	-86.09233	-261.34885	152.68698	0.99704945	1140.4461579322815
110	-128.57832	28.062773	-84.573906	-185.31161	-133.15965	24.830313	-97.05369	-173.24153	110.0	110.0	181499	-152.85321	29.500479	-85.74044	-260.91504	152.10143	0.9982038	1150.2256119251251
111	-109.45906	28.046474	-46.74114	-158.79106	-110.27053	29.138777	-48.51266	-144.65744	110.0	110.0	183149	-152.50848	29.371517	-85.30528	-261.21066	151.77083	0.9708745	1160.6503913402557
112	-118.93906	25.769764	-80.00251	-182.06003	-135.17834	33.49928	-69.64329	-180.49535	110.0	110.0	184799	-152.1082	29.214798	-85.068565	-260.66022	151.38342	0.9459018	1170.6849167346954
113	-113.517105	25.402822	-78.39867	-162.15259	-110.9614	32.218945	-53.516468	-155.20107	110.0	110.0	186449	-151.75775	28.958189	-84.82745	-259.8465	151.03528	0.9595003	1181.4174375534058
114	-129.3465	32.891106	-58.50883	-196.08159	-124.00432	31.889711	-62.45307	-178.87262	110.0	110.0	188099	-151.2014	28.893791	-84.741516	-260.5208	150.46468	0.96079975	1192.6126046180725
115	-130.34995	22.946175	-84.605515	-166.73431	-121.13275	27.054129	-94.80614	-178.82016	110.0	110.0	189749	-150.68018	28.852001	-84.06817	-260.70807	149.95569	0.96632	1203.5552372932434
116	-121.82347	25.34928	-58.791157	-154.39607	-123.97634	42.513237	-60.665447	-205.84944	110.0	110.0	191399	-150.51514	28.79574	-83.48755	-260.73444	149.79068	0.96623504	1214.6935367584229
117	-133.30054	22.362814	-90.307	-171.45465	-106.02606	28.715586	-59.496258	-146.69693	110.0	110.0	193049	-150.04205	28.757416	-82.706245	-261.49182	149.32545	0.9503383	1225.5621855258942
118	-118.99121	28.555351	-76.40244	-174.77657	-102.281136	31.409945	-49.724735	-164.2636	110.0	110.0	194699	-149.69305	28.638912	-82.414856	-261.85635	148.98164	0.93231714	1236.149028301239
119	-130.00241	31.20546	-86.373474	-209.8605	-122.871605	36.571316	-67.483475	-174.24438	110.0	110.0	196349	-149.40706	28.732187	-81.81833	-261.29767	148.68974	0.9006537	1246.4651515483856
120	-117.07247	30.301853	-69.73146	-171.90665	-121.14895	27.622196	-65.1589	-161.21283	110.0	110.0	197999	-149.14752	28.683985	-81.83222	-261.11835	148.4375	0.9486145	1257.2366178035736
121	-129.41216	26.33976	-78.66607	-176.74957	-116.28003	28.36311	-68.765495	-168.71654	110.0	110.0	199649	-148.75807	28.618158	-81.884254	-259.72397	148.04971	0.94768065	1267.3742046356201
122	-121.4713	40.596107	-45.972546	-206.06314	-117.02061	26.70507	-62.4568	-159.37805	110.0	110.0	201299	-148.2531	28.649277	-81.64433	-259.15033	147.546	0.9235061	1277.6034882068634
123	-119.699905	28.473108	-67.280075	-158.55766	-109.79653	22.107473	-62.846443	-134.09581	110.0	110.0	202949	-147.86859	28.602545	-81.69297	-258.92798	147.1679	0.9105029	1288.0147218704224
124	-117.17297	35.55775	-45.63978	-166.03587	-122.3553	24.072922	-103.202896	-188.52728	110.0	110.0	204599	-147.58191	28.536877	-81.82951	-259.4976	146.88116	0.91550493	1299.831154346466
125	-123.17187	28.32584	-78.7056	-188.97954	-119.301476	29.755896	-95.889626	-203.63705	110.0	110.0	206249	-147.41003	28.509113	-81.726295	-259.7042	146.70667	0.9035852	1312.1960229873657
126	-121.247185	34.14792	-75.97376	-191.03424	-117.16261	36.55414	-69.74813	-167.08743	110.0	110.0	207899	-146.95123	28.291315	-81.50054	-259.91922	146.2593	0.91376585	1322.5101897716522
127	-120.67848	20.810444	-79.227135	-168.9979	-109.84818	36.927483	-35.22316	-154.85254	110.0	110.0	209549	-146.65253	28.39641	-81.49371	-259.43982	145.9715	0.9151871	1332.5587813854218
128	-124.3348	19.6928	-88.128334	-155.29424	-116.78813	37.609386	-58.2071	-195.15012	110.0	110.0	211199	-146.41249	28.33962	-81.77563	-255.51852	145.71666	0.8959865	1342.1958677768707
129	-123.38282	27.52257	-73.39821	-192.58972	-120.70598	26.42033	-81.89197	-176.9773	110.0	110.0	212849	-146.06798	28.313238	-81.36796	-254.32039	145.39948	0.9150876	1353.067253112793
130	-111.35269	25.733583	-77.5801	-152.30214	-124.225975	22.851007	-74.316734	-171.32497	110.0	110.0	214499	-145.60776	28.130623	-80.93948	-255.51355	144.92767	0.89734125	1363.8419787883759
131	-128.8428	24.298426	-89.25318	-182.5619	-129.28754	19.497309	-91.89561	-168.70052	110.0	110.0	216149	-145.27126	28.242296	-80.696396	-254.90648	144.5986	0.87986284	1374.464893579483
132	-106.545746	16.288551	-79.843605	-136.90582	-119.334694	26.726437	-49.834248	-153.89798	110.0	110.0	217799	-145.14781	28.1507	-80.08997	-254.95277	144.48059	0.8868857	1384.1754114627838
133	-123.68639	31.052654	-72.124985	-188.41203	-113.13457	29.319439	-55.8002	-162.38835	110.0	110.0	219449	-145.09398	28.25431	-80.23731	-254.41464	144.42671	0.87670565	1395.4065918922424
134	-107.7333	29.423943	-70.01135	-170.1567	-126.26384	27.15757	-91.941864	-191.2894	110.0	110.0	221099	-144.80132	28.457092	-80.059616	-254.03648	144.14838	0.8805765	1406.2100825309753
135	-116.17204	28.16047	-64.167854	-159.94603	-123.3315	45.631847	-35.95181	-188.45195	110.0	110.0	222749	-144.58998	28.220982	-79.37357	-254.34795	143.94536	0.8751426	1417.764957666397
136	-130.1428	28.685547	-62.530678	-175.43796	-117.60097	31.52192	-81.45304	-184.63895	110.0	110.0	224399	-144.44319	28.265047	-79.27088	-254.46231	143.79996	0.89304054	1428.727704524994
137	-121.05191	32.548946	-70.61241	-175.59302	-105.91251	33.13533	-54.597847	-171.56886	110.0	110.0	226049	-144.23802	28.349392	-79.16176	-254.27448	143.6005	0.90085554	1439.1456167697906
138	-132.05266	22.221796	-90.49734	-167.30357	-105.00716	30.73386	-69.55135	-178.21156	110.0	110.0	227699	-144.23012	28.16574	-78.89999	-253.3188	143.58992	0.8790785	1449.6004490852356
139	-126.2717	42.685368	-57.391785	-208.05042	-118.00641	25.772734	-68.27436	-150.40419	110.0	110.0	229349	-144.16034	28.028212	-78.499435	-252.12764	143.52313	0.8814746	1460.1923568248749
140	-126.9603	30.82738	-68.69933	-184.34096	-124.435974	27.808258	-56.272575	-169.67923	110.0	110.0	230999	-143.81116	28.064484	-78.1501	-253.56415	143.18387	0.90894973	1470.6814708709717
141	-119.02624	32.086704	-72.62794	-189.052	-151.40912	34.946346	-93.08151	-190.94946	110.0	110.0	232649	-143.80275	27.979786	-78.0058	-249.67032	143.16318	0.9136215	1480.849443435669
142	-118.4495	22.9187	-72.121284	-153.03813	-125.42637	37.348694	-72.1723	-192.26637	110.0	110.0	234299	-143.64476	27.95352	-77.74656	-248.27898	143.01077	0.9086056	1491.5303032398224
143	-119.836334	35.0918	-88.334114	-239.13463	-122.4885	33.7445	-63.342953	-184.43796	110.0	110.0	235949	-143.52853	27.947842	-77.7265	-247.36655	142.89282	0.9263601	1501.7751824855804
144	-133.10223	33.59719	-51.853947	-177.74011	-113.85957	37.707222	-16.921011	-161.4821	110.0	110.0	237599	-143.1094	27.877806	-77.62349	-248.58168	142.49245	0.9309225	1512.3662230968475
145	-113.9336	35.27877	-59.265057	-178.92552	-134.5818	36.209297	-73.81396	-194.0665	110.0	110.0	239249	-143.05507	27.845512	-77.27375	-246.73886	142.42204	0.93983406	1523.284042596817
146	-127.45102	26.841455	-86.14613	-169.97281	-99.597275	28.374702	-55.994205	-148.79655	110.0	110.0	240899	-142.85153	27.806076	-77.18571	-246.62396	142.21637	0.9438518	1533.6242578029633
147	-119.42399	29.788727	-56.884644	-169.77966	-130.67065	44.89928	-76.014084	-242.67102	110.0	110.0	242549	-142.37749	27.6552	-77.1637	-245.1997	141.74893	0.9338308	1544.0478429794312
148	-127.79904	28.662117	-68.35009	-182.65816	-124.94216	30.090326	-78.358284	-183.5574	110.0	110.0	244199	-142.0937	27.598007	-76.65882	-246.45377	141.46768	0.9349807	1554.9571948051453
149	-124.19924	28.181183	-60.687683	-177.52554	-122.19773	17.757475	-96.671234	-149.10196	110.0	110.0	245849	-142.0581	27.516825	-76.34878	-247.21819	141.43587	0.9295044	1565.8279883861542
150	-126.465546	28.63253	-73.16823	-184.01787	-114.57349	29.618296	-60.712627	-169.33699	110.0	110.0	247499	-141.78166	27.381659	-76.30048	-252.07806	141.16624	0.9537126	1576.1544933319092
151	-125.78619	22.069681	-82.25601	-158.1261	-105.635765	18.628067	-81.429794	-136.39925	110.0	110.0	249149	-141.52873	27.367235	-76.26876	-251.97855	140.91472	0.94024456	1586.7246580123901
152	-116.5602	19.812727	-83.46208	-156.49197	-117.28581	26.542213	-59.141685	-155.92413	110.0	110.0	250799	-141.23428	27.254528	-75.90989	-247.67982	140.62297	0.96007776	1597.5384948253632
153	-120.00368	34.09705	-61.039368	-193.25272	-140.45212	28.371286	-92.59618	-175.35887	110.0	110.0	252449	-141.15594	27.226852	-75.88249	-248.47096	140.54816	0.96679646	1608.3097496032715
154	-110.279015	34.455326	-30.38213	-157.81873	-123.383896	37.793594	-63.600227	-174.53635	110.0	110.0	254099	-140.8862	27.134142	-75.94994	-247.54167	140.2759	0.9645413	1618.185210466385
155	-129.69695	40.524277	-69.26905	-209.24773	-120.362206	23.001053	-81.646614	-151.88754	110.0	110.0	255749	-140.69821	27.205603	-75.5486	-247.22351	140.08612	0.97526246	1628.6472713947296
156	-129.50052	30.262669	-80.65507	-188.6051	-135.12994	31.92614	-61.674713	-178.66893	110.0	110.0	257399	-140.42995	27.152166	-75.740204	-250.01138	139.82614	0.9680856	1638.9605648517609
157	-117.712494	27.353039	-68.63307	-168.14563	-126.27004	14.683441	-106.72403	-155.60718	110.0	110.0	259049	-140.21089	27.079367	-75.22103	-247.75491	139.60165	1.0120729	1648.6006541252136
158	-117.79036	26.973776	-60.19854	-164.78502	-133.03392	26.245201	-92.21058	-179.19273	110.0	110.0	260699	-139.86967	27.062462	-75.91426	-247.85933	139.26654	0.99637705	1658.4087450504303
159	-127.19839	30.049932	-78.49636	-191.77022	-114.16404	38.64077	-58.794544	-180.9513	110.0	110.0	262349	-139.70505	27.077206	-75.78952	-248.46059	139.09978	0.9803244	1668.892603635788
160	-122.1342	18.479803	-76.81442	-153.91814	-128.33238	28.28642	-70.27508	-164.59567	110.0	110.0	263999	-139.35117	27.036066	-76.07826	-248.90646	138.73976	0.9749581	1679.2401642799377
161	-128.28256	30.702763	-68.130226	-192.38002	-102.26775	21.619932	-47.86213	-125.79414	110.0	110.0	265649	-139.29291	26.876482	-76.032974	-247.91719	138.70023	0.9622064	1689.383529663086
162	-111.9467	28.307856	-57.39653	-181.2033	-121.50747	29.748285	-72.31248	-164.11192	110.0	110.0	267299	-138.85977	26.82288	-76.54422	-248.012	138.25543	0.9934721	1699.5194509029388
163	-109.3826	35.50914	-54.318737	-196.12791	-116.78822	44.27638	-39.426212	-193.93318	110.0	110.0	268949	-138.45609	26.874424	-76.076706	-249.51265	137.84142	0.9573702	1709.0308430194855
164	-127.40784	31.694813	-69.403465	-202.24611	-126.23889	37.421177	-61.87655	-206.66692	110.0	110.0	270599	-138.17929	26.92999	-76.105	-249.0082	137.57854	0.9705676	1718.691745042801
165	-119.92982	29.194445	-63.73633	-158.7893	-138.88902	37.168316	-61.116684	-192.64629	110.0	110.0	272249	-137.8844	26.87729	-76.16559	-249.31534	137.28304	0.9384121	1728.8070623874664
166	-114.38331	30.59097	-64.814896	-167.44716	-110.91235	35.62995	-65.751366	-173.23541	110.0	110.0	273899	-137.62878	26.837204	-76.13182	-247.87988	137.02502	0.9582808	1739.4764766693115
167	-114.45216	22.129887	-75.121315	-146.4645	-123.72495	35.133183	-53.280777	-176.0117	110.0	110.0	275549	-137.32901	26.767504	-75.97304	-246.50291	136.73067	0.96756613	1750.0356817245483
168	-123.10129	27.473341	-90.24823	-174.50542	-116.81648	27.080486	-76.50809	-164.44205	110.0	110.0	277199	-137.02847	26.734558	-76.24215	-249.1121	136.43748	0.9386603	1760.3984093666077
169	-131.4145	31.239212	-76.8871	-190.36624	-112.68528	19.77411	-72.66143	-139.97166	110.0	110.0	278849	-136.81953	26.712637	-76.00931	-249.34615	136.23756	0.96084774	1770.68687748909
170	-129.26706	31.076847	-101.548065	-220.39003	-141.03836	38.18957	-80.43019	-191.32274	110.0	110.0	280499	-136.74663	26.771332	-75.83009	-247.60213	136.14622	0.9661681	1781.346908569336
171	-126.92718	32.22117	-73.50222	-208.46167	-132.76184	17.637247	-92.2537	-156.57433	110.0	110.0	282149	-136.39633	26.743084	-76.029816	-248.8698	135.80774	0.9773772	1791.8168783187866
172	-122.919815	28.483887	-63.00554	-176.90375	-137.01636	36.045753	-92.6783	-192.90334	110.0	110.0	283799	-136.18207	26.740675	-75.89845	-252.79984	135.59718	0.97240555	1803.2012248039246
173	-116.71477	33.11477	-60.51386	-184.20326	-110.15318	24.770645	-66.648766	-151.01831	110.0	110.0	285449	-136.0237	26.722223	-75.66824	-252.1097	135.43456	0.97362965	1814.5143468379974
174	-121.98698	33.127743	-61.01398	-184.88481	-128.72345	34.691776	-71.87114	-190.06564	110.0	110.0	287099	-135.65805	26.616758	-75.18332	-250.12718	135.0575	0.93351805	1825.2010819911957
175	-114.693954	31.205431	-65.0344	-170.66936	-133.21071	25.966421	-87.49699	-170.02065	110.0	110.0	288749	-135.38615	26.618	-74.69209	-256.44128	134.80347	0.9463826	1836.6420469284058
176	-112.38784	22.409866	-68.1097	-149.80595	-128.82549	20.367891	-97.73573	-166.79962	110.0	110.0	290399	-135.06781	26.561962	-74.811295	-251.72325	134.47195	0.95808536	1847.5031471252441
177	-112.41816	22.355253	-75.164314	-160.74034	-121.62612	32.181293	-61.067642	-170.0694	110.0	110.0	292049	-134.84561	26.669834	-74.871994	-251.92102	134.25084	0.96054685	1857.6873593330383
178	-125.46609	36.547318	-86.76382	-230.05936	-120.53291	35.93857	-60.42988	-177.22484	110.0	110.0	293699	-134.49767	26.594917	-74.33887	-252.23894	133.91428	0.9426339	1867.7672724723816
179	-117.572014	32.563805	-62.26405	-172.79253	-116.441505	31.414246	-72.9176	-168.62695	110.0	110.0	295349	-134.13121	26.619698	-74.114006	-251.74808	133.55882	0.9708783	1878.6711673736572
180	-117.946815	29.298288	-72.40613	-174.0647	-124.924545	26.985859	-95.088165	-178.0791	110.0	110.0	296999	-134.00496	26.590298	-74.07002	-258.82452	133.43031	0.92885655	1889.5662469863892
181	-128.45462	31.337372	-60.70154	-176.74074	-99.02976	26.024313	-60.439354	-145.06766	110.0	110.0	298649	-133.9014	26.58752	-73.26292	-252.54668	133.33543	0.94199246	1901.271654844284
182	-124.04133	25.6664	-84.310715	-176.68379	-111.199135	35.99788	-53.256138	-166.56206	110.0	110.0	300299	-133.75447	26.535004	-73.12878	-252.88298	133.19974	0.93053627	1914.760808467865
183	-122.057846	19.877962	-79.47575	-159.3219	-135.97008	31.922905	-83.455475	-179.35776	110.0	110.0	301949	-133.58887	26.562065	-73.47444	-257.1535	133.00792	0.9507999	1927.8686156272888
184	-131.4701	34.141567	-76.965485	-191.42615	-122.775406	26.011467	-67.98195	-161.94658	110.0	110.0	303599	-133.29483	26.546486	-73.14344	-251.65816	132.726	0.9680375	1939.0727279186249
185	-112.7985	21.761211	-79.355095	-159.27202	-99.848526	23.423103	-77.52379	-157.89384	110.0	110.0	305249	-133.18285	26.505636	-73.47152	-254.81807	132.607	0.9771145	1949.3241486549377
186	-125.78466	21.89265	-79.7119	-159.66568	-127.206055	44.587013	-64.58878	-193.2395	110.0	110.0	306899	-132.9225	26.52973	-72.936714	-247.56787	132.35153	0.9661538	1961.105269908905
187	-120.51053	24.673573	-82.71448	-181.73883	-110.27079	23.56033	-82.47126	-156.28885	110.0	110.0	308549	-132.67006	26.574646	-73.14243	-254.348	132.10866	0.93683016	1973.2502837181091
188	-119.146255	30.89401	-53.235477	-170.76387	-86.383156	20.186623	-57.615437	-126.33474	110.0	110.0	310199	-132.57507	26.631002	-73.1624	-247.46527	132.00673	0.94878775	1983.8182170391083
189	-116.96151	19.718554	-67.182495	-149.50359	-100.41305	23.37993	-81.51609	-157.79388	110.0	110.0	311849	-132.36874	26.680584	-72.31499	-252.78903	131.80888	0.95950633	1995.5809938907623
190	-115.55029	28.926807	-68.444336	-161.82913	-128.44777	26.650127	-95.83534	-173.9527	110.0	110.0	313499	-132.14719	26.672024	-72.741325	-252.48015	131.5907	0.933479	2006.0893907546997
191	-117.92234	24.84652	-73.6191	-151.62714	-113.45607	21.200436	-84.817406	-150.49585	110.0	110.0	315149	-131.92525	26.640533	-72.13773	-250.26804	131.34833	0.97727925	2016.5939509868622
192	-106.1501	24.131475	-48.606667	-156.22858	-116.4344	30.308979	-75.4524	-166.66809	110.0	110.0	316799	-131.61699	26.616165	-71.85571	-244.63516	131.0428	0.9665839	2026.3546831607819
193	-123.45387	40.972675	-83.0591	-243.56094	-116.6155	24.247463	-66.42467	-149.18394	110.0	110.0	318449	-131.25162	26.620378	-71.26257	-249.19418	130.679	0.9543755	2037.2907285690308
194	-121.271286	27.587248	-74.985596	-165.97617	-117.5423	30.483797	-62.086853	-165.94936	110.0	110.0	320099	-131.15887	26.562757	-70.748184	-243.07538	130.60881	0.9518935	2047.4750108718872
195	-112.85859	29.777601	-76.65316	-185.47375	-121.285706	24.914392	-65.68925	-159.71568	110.0	110.0	321749	-130.93546	26.525314	-70.94318	-243.21124	130.37448	0.96591073	2057.749413251877
196	-113.01292	17.609322	-86.9198	-157.3711	-100.72679	29.390266	-63.101727	-154.25656	110.0	110.0	323399	-130.7432	26.413029	-70.84142	-244.17801	130.18866	0.9587441	2068.3162970542908
197	-115.129555	40.150696	-54.57104	-228.35876	-138.28372	23.349215	-107.30283	-182.11847	110.0	110.0	325049	-130.62767	26.443657	-70.905205	-242.05867	130.08278	0.987348	2078.0932824611664
198	-112.16311	28.630373	-66.02735	-178.066	-124.82143	33.81452	-55.506298	-181.79034	110.0	110.0	326699	-130.51831	26.405706	-70.69861	-241.24982	129.96118	0.9738555	2087.96387052536
199	-112.43155	13.289329	-90.09049	-138.38353	-126.90867	33.740498	-79.88232	-175.57059	110.0	110.0	328349	-130.2727	26.312572	-70.963875	-240.48322	129.72305	1.0171844	2097.8847205638885
200	-107.22627	22.637405	-66.84238	-142.08055	-109.0142	35.97309	-64.38137	-184.26056	110.0	110.0	329999	-129.95775	26.220438	-70.98537	-239.08382	129.39696	0.9854408	2109.2761538028717
