Epoch	AverageEpRet	StdEpRet	MaxEpRet	MinEpRet	AverageTestEpRet	StdTestEpRet	MaxTestEpRet	MinTestEpRet	EpLen	TestEpLen	TotalEnvInteracts	AverageQ1Vals	StdQ1Vals	MaxQ1Vals	MinQ1Vals	AverageQ2Vals	StdQ2Vals	MaxQ2Vals	MinQ2Vals	LossPi	LossQ	Time
1	-278.93692	19.267708	-261.1463	-320.72455	-214.74654	4.971106	-205.38364	-222.26372	110.0	110.0	1649	-4.1492352	1.19881	0.28908724	-7.9241514	-4.1460247	1.2043114	0.24811156	-7.877959	3.9047198	0.490077	6.592214345932007
2	-280.19614	21.94656	-252.44711	-334.5936	-204.90295	8.721467	-188.73975	-214.81602	110.0	110.0	3299	-9.748567	2.450011	-4.4894857	-18.535847	-9.748566	2.4502656	-4.447668	-18.519451	9.27182	0.09971495	18.09519338607788
3	-290.6317	26.70314	-258.2203	-351.2552	-195.40198	19.304201	-157.06148	-216.63708	110.0	110.0	4949	-17.19344	2.57275	-10.676788	-27.169054	-17.193405	2.57283	-10.566027	-27.154255	16.479803	0.09574728	28.77700400352478
4	-282.64886	25.941778	-250.9762	-345.76996	-193.98834	19.256426	-146.47415	-214.12666	110.0	110.0	6599	-24.112427	2.6465733	-17.113169	-35.213036	-24.112429	2.6467433	-17.034063	-35.34345	23.303392	0.12187226	39.62878441810608
5	-274.49442	18.386326	-229.425	-311.96762	-191.07088	23.50978	-131.93697	-214.87225	110.0	110.0	8249	-30.610638	2.7159622	-23.082897	-42.19619	-30.61067	2.7168489	-23.14944	-42.253933	29.790144	0.13618131	50.14554286003113
6	-289.36847	33.52754	-250.42651	-356.59454	-201.83044	10.010951	-189.21141	-217.67917	110.0	110.0	9899	-36.843403	2.7624445	-29.365955	-48.465145	-36.843323	2.7634635	-29.437874	-48.59536	36.011917	0.15053266	60.68705081939697
7	-276.24377	27.95758	-249.78668	-344.53308	-208.98616	7.632263	-193.2436	-216.71582	110.0	110.0	11549	-42.849804	2.797921	-34.75885	-55.03566	-42.849777	2.799588	-34.718433	-55.005676	42.006725	0.16484527	70.99939513206482
8	-292.56012	31.692904	-251.44681	-346.1679	-195.92249	18.656254	-160.07924	-214.20882	110.0	110.0	13199	-48.68576	2.8399315	-39.68524	-60.862194	-48.685734	2.8405614	-39.7328	-60.769947	47.828808	0.17704329	81.70631527900696
9	-286.59442	23.988497	-254.78596	-340.67526	-185.26144	31.482368	-128.91844	-218.4209	110.0	110.0	14849	-54.271076	2.8781683	-44.791603	-67.05357	-54.271088	2.8791518	-44.995815	-67.14028	53.40593	0.18865423	92.90150022506714
10	-281.4893	19.582306	-252.66232	-328.5739	-196.67061	19.836353	-143.14482	-217.4879	110.0	110.0	16499	-59.5956	2.8846984	-49.817894	-72.774864	-59.595577	2.8858562	-49.938305	-73.20311	58.727547	0.20257032	104.6227457523346
11	-290.11685	30.57717	-244.01656	-352.39847	-203.61897	8.161279	-190.05258	-213.85805	110.0	110.0	18149	-64.70574	2.9165847	-55.094078	-77.38307	-64.70576	2.9174728	-54.938305	-77.62383	63.829094	0.22245482	116.32041358947754
12	-283.13867	30.586359	-241.82399	-360.39203	-186.13156	29.722534	-103.14012	-211.76514	110.0	110.0	19799	-69.56701	2.9354763	-59.68587	-82.68551	-69.566925	2.937077	-59.2969	-82.5952	68.670044	0.23398027	128.92754554748535
13	-207.3835	25.571245	-170.95709	-267.8295	-202.57643	12.345533	-170.97069	-216.64326	110.0	110.0	21449	-74.14471	3.0107512	-64.31388	-87.03028	-74.14469	3.0125873	-64.05419	-87.13956	73.277626	0.23883748	142.06111192703247
14	-200.70654	11.939519	-173.48117	-216.07582	-192.72426	17.543064	-166.329	-211.51855	110.0	110.0	23099	-78.333565	3.2584476	-68.1298	-92.14607	-78.33347	3.2597628	-68.26434	-92.3124	77.52258	0.23373291	154.62423062324524
15	-205.13315	11.601651	-178.07028	-218.04901	-198.62773	18.12282	-165.31508	-215.8125	110.0	110.0	24749	-82.52239	3.389955	-72.125496	-96.874176	-82.522446	3.3911831	-72.12631	-97.00177	81.758514	0.23471765	172.16370749473572
16	-198.83061	14.788045	-168.61987	-214.85547	-204.32939	8.421254	-191.23051	-215.87517	110.0	110.0	26399	-86.52429	3.5225103	-76.13349	-101.20737	-86.524254	3.524161	-75.81545	-101.42559	85.822365	0.23213975	184.98236513137817
17	-197.98737	12.330892	-165.15991	-215.11072	-197.77957	15.010907	-165.8468	-213.62105	110.0	110.0	28049	-90.35864	3.6658072	-79.5481	-104.98753	-90.35856	3.666775	-79.587166	-104.98159	89.67443	0.23363255	197.9743196964264
18	-187.99452	19.795647	-159.90225	-212.39326	-193.1875	11.354139	-167.69688	-206.48064	110.0	110.0	29699	-94.05549	3.8088372	-83.22292	-110.34724	-94.05546	3.8099997	-83.148285	-110.58852	93.40553	0.23702042	211.01738929748535
19	-198.03598	11.498576	-167.1874	-211.02286	-192.75502	12.667753	-174.81528	-215.58748	110.0	110.0	31349	-97.5994	3.9884326	-86.24419	-115.07534	-97.599304	3.9896762	-86.22353	-115.28755	96.99347	0.24053028	224.21478414535522
20	-195.5765	14.830863	-164.31984	-217.05461	-194.03668	17.25038	-148.58311	-213.63773	110.0	110.0	32999	-100.993004	4.1358056	-89.33129	-119.32475	-100.993034	4.1371746	-89.26568	-119.51997	100.392006	0.24692316	236.64775013923645
21	-198.99677	8.324676	-180.84329	-212.17587	-198.10979	9.769401	-180.21448	-209.81357	110.0	110.0	34649	-104.18464	4.307624	-92.4339	-123.444595	-104.184616	4.3088117	-92.35088	-123.65843	103.61376	0.24948479	250.05129742622375
22	-193.53346	16.18297	-163.39258	-216.37852	-189.04623	18.955608	-155.25887	-208.36302	110.0	110.0	36299	-107.29755	4.4397306	-95.37593	-127.45337	-107.29754	4.4407706	-95.33537	-127.87561	106.72286	0.25773102	263.08930349349976
23	-195.72047	17.165678	-162.92674	-214.95284	-185.3794	23.463982	-140.90747	-211.97928	110.0	110.0	37949	-110.30312	4.5459113	-97.94992	-130.3495	-110.30311	4.5470333	-97.94012	-130.4761	109.767715	0.26398268	277.07953572273254
24	-194.03793	13.459282	-165.35782	-210.92291	-200.03433	12.888738	-175.89651	-217.2484	110.0	110.0	39599	-113.12404	4.739975	-100.51888	-134.52238	-113.124016	4.7423015	-100.46067	-134.82184	112.595604	0.27352235	290.40971517562866
25	-191.15663	17.30357	-146.92232	-210.41644	-188.04416	14.986125	-156.23396	-207.07767	110.0	110.0	41249	-115.787346	4.856662	-103.08354	-137.25029	-115.787224	4.8588123	-103.11632	-137.66516	115.2774	0.28078797	303.8111741542816
26	-188.73676	18.922728	-138.55719	-214.5115	-190.35861	16.5626	-163.57088	-215.21669	110.0	110.0	42899	-118.33495	4.946659	-105.54052	-139.40498	-118.33496	4.9492335	-105.48552	-139.75333	117.84304	0.28710943	318.8777401447296
