Epoch	AverageEpRet	StdEpRet	MaxEpRet	MinEpRet	AverageTestEpRet	StdTestEpRet	MaxTestEpRet	MinTestEpRet	EpLen	TestEpLen	TotalEnvInteracts	AverageQVals	StdQVals	MaxQVals	MinQVals	LossPi	LossQ	Time
1	-11948.686	2276.471	-8607.597	-15705.926	-12353.881	3836.0054	-7618.2925	-18554.209	110.0	110.0	1649	-167.79846	97.56371	0.25440496	-464.81638	162.5208	2350.2048	5.851613759994507
2	-11266.135	1858.9125	-7365.845	-13668.146	-8232.1	2453.1917	-4664.5	-11560.975	110.0	110.0	3299	-663.35175	241.3679	-158.07523	-1472.6566	650.6632	1520.7175	16.09488844871521
3	-11476.698	2269.64	-7274.818	-15664.544	-7314.7954	1808.5405	-4565.346	-10912.791	110.0	110.0	4949	-1332.9646	308.5964	-586.73126	-2333.8376	1313.0762	2699.7788	25.99889850616455
4	-12024.869	2513.2747	-8315.717	-16088.919	-6454.222	1178.5732	-3939.6277	-7936.124	110.0	110.0	6599	-1890.8435	337.43747	-982.86957	-2985.0269	1860.2405	3515.6807	36.658790588378906
5	-11715.916	991.3295	-8961.153	-13036.795	-7957.1616	3863.2612	-4360.9795	-18708.05	110.0	110.0	8249	-2358.446	359.8644	-1394.2305	-3507.0376	2319.4502	3946.3967	46.66726088523865
6	-10716.632	1700.3557	-7272.345	-13583.361	-7067.6978	1660.1724	-4909.142	-11216.366	110.0	110.0	9899	-2795.8484	387.54477	-1705.4039	-4134.9355	2752.3906	4083.699	57.60542058944702
7	-7350.6416	2148.3901	-4647.0825	-11075.59	-5670.8154	1828.488	-944.3551	-8442.717	110.0	110.0	11549	-3142.5156	419.074	-2037.57	-4595.4185	3097.7642	3738.2039	68.2194983959198
8	-5877.107	1659.8815	-2017.2311	-8785.653	-6056.674	1304.6248	-4552.517	-8442.315	110.0	110.0	13199	-3401.068	463.65103	-2319.277	-4938.6646	3360.9197	3267.6938	78.7013828754425
9	-6135.7793	1909.6746	-3092.3433	-10083.653	-6789.1123	1035.0669	-4979.225	-8971.908	110.0	110.0	14849	-3647.0005	497.65866	-2598.7048	-5306.6636	3609.8684	2934.6914	89.55173707008362
10	-7105.376	1728.7406	-4877.3555	-11585.03	-5161.9214	1528.4784	-989.2006	-6472.3896	110.0	110.0	16499	-3888.2146	526.35974	-2853.8123	-5680.8506	3853.5864	2738.5427	100.82688570022583
11	-6172.4795	1886.3579	-2182.5066	-10348.131	-7199.561	2202.356	-4893.844	-13233.502	110.0	110.0	18149	-4106.0723	554.191	-3056.8088	-6042.5596	4074.5552	2639.5537	110.69630265235901
12	-7740.1216	1962.3274	-5314.4507	-12092.116	-5995.492	758.8192	-4772.6177	-6868.1177	110.0	110.0	19799	-4324.1416	582.46173	-3182.8281	-6307.9087	4294.643	2583.7993	121.55697083473206
13	-6205.711	1674.7172	-3094.6545	-10795.173	-6619.6865	2091.1555	-4628.501	-11212.548	110.0	110.0	21449	-4552.9937	608.65375	-3313.1482	-6726.778	4525.291	2608.251	132.64653158187866
14	-5897.52	837.8108	-4686.8857	-7878.0083	-5369.2773	1670.5809	-2507.601	-8338.112	110.0	110.0	23099	-4755.8506	628.1709	-3466.916	-7037.2134	4729.083	2570.7512	142.2560715675354
15	-6283.9004	1740.0844	-1819.1931	-10547.377	-5134.7236	1966.5696	-1086.7455	-6945.6846	110.0	110.0	24749	-4952.5054	645.23737	-3613.4478	-7246.8564	4926.8154	2560.7727	152.0993070602417
16	-5900.705	1839.0205	-1024.5114	-7582.82	-8331.467	3861.4146	-4808.9243	-14379.021	110.0	110.0	26399	-5151.7983	663.07025	-3762.843	-7515.9624	5126.777	2550.4004	162.50053191184998
17	-5553.498	2020.1755	-1180.5731	-9015.092	-6873.103	2210.9897	-4793.12	-12316.427	110.0	110.0	28049	-5318.5312	679.4105	-3897.5405	-7767.2324	5294.2363	2526.4827	172.6392786502838
18	-5290.8853	1561.2489	-2522.0283	-8529.121	-5827.3325	954.3148	-4086.9353	-7365.0864	110.0	110.0	29699	-5460.9883	697.5188	-4005.9834	-7952.4546	5437.0117	2532.7358	182.57480430603027
19	-6340.479	1205.8579	-4541.1973	-8715.094	-5173.6396	1636.6329	-1418.6371	-8300.154	110.0	110.0	31349	-5596.25	706.4908	-4119.958	-8083.4487	5573.0083	2526.5837	192.06292986869812
20	-5851.5063	1408.8142	-2670.3987	-8383.292	-5657.4287	1063.5947	-4448.7324	-7359.521	110.0	110.0	32999	-5723.301	723.1776	-4205.6216	-8244.06	5700.8877	2523.5889	202.13433861732483
21	-6021.7236	2065.3528	-2002.4846	-9816.452	-6839.625	2347.8674	-2766.6216	-12019.761	110.0	110.0	34649	-5834.936	746.79016	-4303.144	-8427.999	5812.835	2565.6528	212.49635243415833
22	-6428.5825	1543.3418	-2786.6614	-9044.927	-4878.0366	1691.2367	-215.41599	-6334.661	110.0	110.0	36299	-5949.0273	767.73004	-4391.2603	-8561.56	5927.5386	2600.0288	222.70696830749512
23	-5390.889	1585.5499	-1143.0116	-8001.393	-6500.521	1122.6636	-4670.8896	-8488.506	110.0	110.0	37949	-6053.2764	783.31354	-4464.2534	-8700.745	6031.7266	2625.98	234.09507775306702
24	-6023.4624	973.3543	-4410.077	-7850.7485	-5320.177	1769.5491	-641.34595	-7170.7446	110.0	110.0	39599	-6137.362	803.8568	-4523.177	-8906.183	6115.8345	2728.926	244.00246286392212
25	-5962.2393	953.07544	-4642.166	-8465.288	-6556.081	1395.4316	-4033.3955	-9011.386	110.0	110.0	41249	-6230.415	815.62494	-4585.5767	-9002.853	6209.139	2711.935	253.645672082901
26	-5764.123	1742.3901	-867.765	-8370.066	-6127.796	1579.0913	-3965.6445	-9417.777	110.0	110.0	42899	-6303.4756	825.2426	-4657.113	-9101.841	6282.457	2672.2312	263.70977568626404
27	-5827.1084	1023.52435	-4369.4424	-8092.5337	-6384.68	897.5224	-5181.427	-7518.4956	110.0	110.0	44549	-6379.556	840.0331	-4723.479	-9229.084	6358.52	2670.623	274.07877492904663
28	-6437.179	1432.0029	-4032.351	-9211.325	-5541.498	1043.2579	-4247.879	-7834.4946	110.0	110.0	46199	-6450.8813	853.6921	-4759.276	-9321.245	6430.1406	2637.1611	284.3104863166809
29	-6613.0	1348.8126	-3589.3418	-9968.002	-7159.996	2728.0525	-4855.7075	-14779.545	110.0	110.0	47849	-6521.6387	863.3709	-4780.8975	-9419.112	6501.058	2683.4382	294.34322786331177
30	-6528.42	1352.0037	-4260.4824	-9833.615	-6524.57	1763.8752	-2984.2512	-9908.485	110.0	110.0	49499	-6583.8135	878.3913	-4793.4014	-9589.913	6563.171	2698.888	304.5614914894104
31	-5589.729	2399.2896	-225.11111	-8867.374	-5494.6924	825.60236	-4649.751	-7671.0586	110.0	110.0	51149	-6629.8003	891.17175	-4805.9395	-9729.57	6609.206	2678.089	314.5755000114441
32	-5451.8755	1541.9672	-1885.162	-8844.42	-5979.948	1068.6458	-4549.2593	-7916.6895	110.0	110.0	52799	-6682.9966	910.7278	-4832.1367	-9917.303	6662.8765	2664.4849	324.7610983848572
33	-5764.6025	1597.9232	-1910.587	-7882.3486	-5377.9404	1944.7618	-597.07294	-7335.032	110.0	110.0	54449	-6715.686	923.1969	-4835.8213	-9997.353	6695.583	2662.171	334.92071628570557
34	-5967.8657	1321.689	-4094.8362	-8652.3	-6233.3076	874.59436	-4738.7393	-7289.567	110.0	110.0	56099	-6745.146	940.2961	-4834.5845	-10224.521	6724.839	2686.459	344.3788480758667
35	-6106.8047	1136.4319	-4750.8423	-8817.8	-6373.2	1240.2004	-5037.445	-8800.337	110.0	110.0	57749	-6784.49	951.3475	-4836.024	-10272.625	6763.96	2701.4846	355.21859788894653
36	-5205.524	1309.0905	-2860.6252	-8432.913	-5358.2554	2161.646	-1386.7953	-10499.551	110.0	110.0	59399	-6809.461	955.62384	-4848.385	-10303.605	6788.986	2668.4182	365.90511894226074
37	-5591.809	1265.9929	-4015.6997	-8454.464	-5670.41	611.0927	-5084.895	-7216.525	110.0	110.0	61049	-6823.8047	963.3925	-4846.7134	-10407.131	6803.4253	2640.293	375.58962750434875
38	-5052.4766	1433.4761	-1723.8647	-7063.0674	-5753.269	858.2185	-4827.886	-7145.66	110.0	110.0	62699	-6845.3677	972.63794	-4781.8467	-10480.794	6825.4595	2604.2395	386.62046480178833
39	-6245.502	1853.5911	-1880.7988	-10635.679	-6018.407	1338.0076	-4261.1143	-8486.387	110.0	110.0	64349	-6873.74	977.7978	-4783.498	-10502.438	6853.6914	2621.031	396.312203168869
40	-6261.7495	1111.6995	-4630.464	-8315.476	-5301.62	934.97327	-4613.427	-7945.6855	110.0	110.0	65999	-6893.1895	986.90076	-4779.5537	-10557.606	6873.2266	2571.3572	405.93526697158813
41	-5984.3486	1282.5575	-3325.491	-8955.047	-5103.5435	1981.2896	-795.76013	-7267.003	110.0	110.0	67649	-6918.885	985.58966	-4779.865	-10577.849	6898.4136	2541.3694	416.2094249725342
42	-5382.097	1559.233	-1529.889	-7663.2305	-4616.862	2182.995	-762.178	-7023.904	110.0	110.0	69299	-6929.644	989.72253	-4771.8677	-10652.16	6910.291	2547.7942	425.88149976730347
43	-5411.759	1206.2861	-2010.647	-7390.862	-5734.283	1324.8995	-3474.316	-7801.207	110.0	110.0	70949	-6942.86	991.94	-4769.669	-10710.789	6923.123	2486.3276	435.6737298965454
44	-5265.664	1306.6409	-2141.0112	-7137.81	-4931.2725	1758.6852	-613.53986	-7416.7583	110.0	110.0	72599	-6942.1504	1002.88885	-4780.348	-10685.782	6922.5034	2381.85	445.9387700557709
45	-5161.024	1670.6732	-1098.9712	-7443.4917	-5603.0645	646.46155	-4705.0073	-6646.6104	110.0	110.0	74249	-6943.175	1006.43335	-4787.9497	-10748.269	6922.954	2386.6196	455.70050954818726
46	-5369.8823	853.40717	-3071.9895	-6661.0415	-4958.666	1428.7765	-938.6469	-6083.1616	110.0	110.0	75899	-6937.745	1008.06995	-4775.817	-11383.548	6917.704	2305.4607	465.3940317630768
47	-5922.499	943.90063	-4705.343	-7991.0957	-5185.378	1606.1885	-763.9416	-7062.7983	110.0	110.0	77549	-6934.3447	1017.1963	-4761.701	-11368.078	6914.0527	2289.17	475.7674195766449
48	-6170.96	1987.041	-4648.356	-12976.57	-5271.3374	1313.4175	-2115.377	-7105.8994	110.0	110.0	79199	-6932.0303	1024.773	-4738.9985	-11321.303	6912.0254	2241.1167	486.1767520904541
49	-5094.687	1274.2642	-2405.2717	-6851.4824	-5892.761	1175.0215	-4789.19	-8803.126	110.0	110.0	80849	-6921.222	1021.96906	-4750.6406	-11227.38	6901.257	2159.7083	496.08385014533997
50	-4795.729	1559.6289	-1552.8079	-6943.3135	-5968.626	1995.7064	-3020.2065	-9745.811	110.0	110.0	82499	-6902.4272	1026.2915	-4757.4688	-11216.675	6882.384	2100.0693	505.87939167022705
51	-5492.034	1558.7124	-2747.5486	-7974.285	-5912.3086	1361.889	-4806.927	-9584.572	110.0	110.0	84149	-6889.6426	1029.9232	-4762.73	-11202.95	6870.0933	2065.7676	515.7898578643799
52	-5108.0874	1307.6436	-3001.8608	-9168.968	-5712.21	1451.7466	-2696.228	-8182.7417	110.0	110.0	85799	-6886.4263	1030.9291	-4769.973	-11215.273	6867.0938	2017.0916	525.9819438457489
53	-5910.4233	1534.7393	-1217.7153	-7922.7305	-4877.0254	2246.9272	-419.42978	-7321.635	110.0	110.0	87449	-6887.497	1037.7375	-4767.7314	-11159.86	6868.283	2036.372	535.5604445934296
54	-5113.3345	1150.375	-2068.697	-6795.045	-5923.768	965.7169	-4522.9985	-7965.406	110.0	110.0	89099	-6884.522	1034.1544	-4762.491	-11160.859	6865.455	2017.1754	545.3037202358246
55	-5286.9956	1115.6809	-2170.4834	-7264.028	-5006.973	828.0537	-3345.22	-6314.349	110.0	110.0	90749	-6876.039	1033.4342	-4719.066	-11093.176	6856.8374	1984.1678	556.7141742706299
56	-4739.1724	1737.2217	-605.6895	-7186.359	-5560.5967	427.60504	-4994.5825	-6334.425	110.0	110.0	92399	-6879.0845	1040.3397	-4709.0312	-11059.713	6859.1255	1961.6658	567.3108837604523
57	-5827.4473	1282.4358	-4302.964	-8856.983	-5508.1885	505.77057	-4681.811	-6341.3584	110.0	110.0	94049	-6862.2524	1041.0214	-4705.2188	-11162.567	6842.6304	1931.4102	577.1546919345856
58	-5021.64	1369.2253	-470.8662	-6949.491	-5612.38	746.54517	-4329.096	-6836.0513	110.0	110.0	95699	-6849.5215	1043.2931	-4686.7886	-11162.049	6830.7656	1902.2694	587.946759223938
59	-5685.9067	1110.5973	-3406.0825	-8074.867	-4973.081	1636.952	-283.0246	-6488.721	110.0	110.0	97349	-6844.291	1043.1213	-4641.645	-11182.421	6825.5903	1869.9506	598.8515863418579
60	-4977.1655	1133.5997	-2525.269	-6949.2456	-5965.621	3073.3977	-720.2609	-13977.093	110.0	110.0	98999	-6844.8916	1042.4979	-4633.56	-11053.74	6826.522	1834.8749	609.4647941589355
61	-4921.9517	1505.622	-1107.6699	-7483.2915	-4947.137	1751.898	-406.4222	-6853.7715	110.0	110.0	100649	-6838.1333	1041.447	-4602.467	-11188.699	6820.219	1805.8348	619.6492383480072
62	-5428.0264	1610.9128	-1373.8187	-8397.45	-5709.0186	1113.0709	-4838.553	-8427.68	110.0	110.0	102299	-6835.4795	1046.1947	-4604.186	-11202.198	6817.444	1776.6179	630.3344779014587
63	-5558.2314	709.04095	-4519.887	-7032.406	-4887.9663	1551.3529	-428.91968	-6346.859	110.0	110.0	103949	-6834.07	1043.2676	-4553.0864	-11140.723	6816.2837	1744.92	640.5794146060944
64	-5270.114	1774.6703	-1752.7794	-9415.495	-4209.421	2124.311	-265.92554	-6238.5234	110.0	110.0	105599	-6840.814	1045.9994	-4545.821	-11090.608	6823.3975	1734.7306	652.0767397880554
65	-5221.49	1950.4626	-874.5858	-8715.035	-5081.046	1582.6628	-1103.5645	-6941.48	110.0	110.0	107249	-6837.044	1043.2039	-4511.046	-11090.031	6819.4243	1736.0934	662.2020196914673
66	-5553.6543	1137.6184	-4462.273	-9105.767	-5799.5186	1379.6166	-4830.4956	-9464.905	110.0	110.0	108899	-6835.7812	1046.1372	-4490.3857	-11056.107	6818.3467	1736.1873	672.0655863285065
67	-5705.4316	835.4966	-4492.5796	-6883.2812	-6242.124	2436.2468	-4520.0815	-13151.24	110.0	110.0	110549	-6832.842	1053.4427	-4493.135	-11038.74	6815.1274	1734.319	682.5206210613251
68	-5010.1294	1333.74	-2578.1333	-7680.064	-4881.0127	1646.8514	-1177.8253	-6897.2817	110.0	110.0	112199	-6814.938	1053.4811	-4445.1987	-11026.559	6797.2363	1688.6603	692.9619247913361
69	-5986.151	1364.4822	-3060.3518	-8097.498	-5290.3857	1739.7325	-763.9051	-7006.094	110.0	110.0	113849	-6818.31	1061.0405	-4476.877	-10888.12	6800.852	1727.7878	703.7837257385254
70	-5571.792	1389.7208	-1664.8237	-8108.4683	-5024.556	1767.0491	-441.65964	-7352.693	110.0	110.0	115499	-6821.407	1061.8894	-4430.244	-10974.17	6803.824	1716.4442	714.292044878006
71	-5355.361	1291.7223	-2589.962	-8572.37	-6205.466	1541.4148	-5065.7925	-9879.965	110.0	110.0	117149	-6808.001	1059.0509	-4403.447	-10974.057	6790.052	1708.4697	725.2711856365204
72	-5250.605	1360.7502	-1723.4501	-6731.4756	-5187.1006	456.96454	-4448.485	-6048.0635	110.0	110.0	118799	-6797.848	1067.243	-4413.456	-10886.092	6779.776	1719.2612	736.7465250492096
73	-5542.447	773.0825	-4480.456	-7726.0337	-5390.1294	654.2668	-4556.0894	-6453.925	110.0	110.0	120449	-6786.6436	1063.7568	-4417.6797	-11024.731	6768.7344	1696.3909	747.4677398204803
74	-5527.197	1770.367	-301.14417	-7719.1685	-5866.3955	1254.8258	-4398.915	-8851.375	110.0	110.0	122099	-6776.31	1064.764	-4464.9004	-11066.574	6758.623	1692.1666	758.9402854442596
75	-5825.7744	1930.6794	-916.8754	-10215.533	-5855.057	1110.6135	-4623.68	-8590.361	110.0	110.0	123749	-6771.141	1064.7068	-4409.7026	-11023.924	6753.3535	1666.5658	769.1822695732117
76	-5854.8833	1228.927	-4554.953	-9331.299	-5653.0874	1282.396	-4402.6836	-8450.553	110.0	110.0	125399	-6763.9854	1072.1873	-4410.916	-10996.596	6746.2686	1697.8679	779.2395675182343
77	-5290.8647	749.40027	-4071.972	-6615.0254	-5454.548	1465.3424	-2421.0366	-8710.052	110.0	110.0	127049	-6744.7476	1073.083	-4406.849	-10998.139	6727.032	1677.8927	788.8102774620056
78	-5320.2373	987.8929	-3462.896	-7301.917	-4901.6553	1616.1345	-597.9112	-6872.7246	110.0	110.0	128699	-6728.147	1076.9504	-4401.4507	-11035.208	6710.1553	1677.0704	798.7055804729462
79	-6109.795	836.68536	-4858.216	-7666.3384	-5420.73	1610.404	-762.8437	-6877.923	110.0	110.0	130349	-6723.7075	1082.3635	-4410.698	-10888.371	6706.051	1656.9973	808.7826387882233
80	-5278.6377	1508.1864	-968.99713	-7710.729	-5926.855	2078.691	-1620.238	-10117.382	110.0	110.0	131999	-6713.337	1078.0305	-4393.3643	-10887.72	6695.673	1644.2545	818.9402542114258
81	-6317.131	1364.4521	-3941.0068	-9004.324	-5610.0527	579.753	-4650.8027	-7053.6787	110.0	110.0	133649	-6705.6553	1077.5786	-4383.7007	-10956.172	6687.8164	1679.8824	829.0519962310791
82	-6558.4155	1981.081	-4889.77	-12087.865	-5831.7124	1957.2805	-1357.1654	-9224.773	110.0	110.0	135299	-6697.5913	1078.9175	-4371.349	-10996.743	6679.4424	1697.3267	838.8772327899933
83	-5970.7314	1469.8417	-4169.7124	-8832.559	-4459.0557	1696.1185	-1111.955	-6719.5605	110.0	110.0	136949	-6692.02	1086.2346	-4367.3486	-11191.659	6673.777	1712.4203	848.5110063552856
84	-5902.772	952.90497	-3312.6057	-7438.5923	-5652.1978	1738.2859	-2188.5403	-8159.2466	110.0	110.0	138599	-6679.154	1090.4186	-4335.06	-11210.649	6660.9614	1719.638	859.2296197414398
85	-5974.281	1362.2709	-3135.2883	-8585.68	-6170.661	959.0517	-5150.9473	-8177.942	110.0	110.0	140249	-6667.119	1098.2301	-4316.0166	-11190.523	6649.2734	1668.8594	869.578458070755
86	-5185.7954	1402.7292	-1152.9514	-7033.797	-5551.0977	738.9991	-4521.1733	-6661.7163	110.0	110.0	141899	-6660.266	1102.8756	-4283.416	-11418.794	6642.63	1698.8794	879.2914750576019
87	-5357.617	1659.7991	-1895.5425	-9409.1045	-5430.7393	437.20462	-4496.005	-6033.67	110.0	110.0	143549	-6657.7666	1104.6372	-4266.583	-11540.354	6640.125	1662.365	889.0949177742004
88	-5265.6104	1681.4808	-1265.9468	-7504.3286	-5629.788	1611.9456	-2286.7532	-9070.996	110.0	110.0	145199	-6662.198	1104.4658	-4259.6357	-11962.792	6645.361	1662.2588	899.0439164638519
89	-5377.9106	2098.8328	-507.28574	-8764.578	-5767.6807	1245.1617	-4312.1313	-8887.432	110.0	110.0	146849	-6662.019	1103.4851	-4309.8687	-11848.487	6645.0	1650.5387	909.499037027359
90	-5611.28	754.9767	-4756.3687	-7115.066	-4430.4116	1928.1646	-435.13028	-6278.4443	110.0	110.0	148499	-6658.4756	1104.8345	-4257.799	-11898.801	6641.6953	1633.0203	919.4754803180695
91	-5251.438	1747.084	-1307.7775	-7963.228	-4893.95	1641.8967	-1009.9294	-8228.004	110.0	110.0	150149	-6655.337	1103.6766	-4263.367	-11734.776	6638.72	1603.6426	929.0827844142914
92	-5295.322	1655.3623	-1588.586	-7946.0376	-5362.9434	552.1382	-4525.0835	-6345.8345	110.0	110.0	151799	-6652.295	1104.1809	-4304.548	-11732.237	6635.3335	1571.3865	938.8565874099731
93	-5358.4946	1465.4498	-2123.0088	-8904.05	-5080.2446	1788.9053	-818.84595	-8234.156	110.0	110.0	153449	-6651.817	1102.3988	-4374.873	-11811.922	6634.6836	1575.0115	948.8835272789001
94	-5623.415	762.0216	-4054.9712	-6743.709	-5896.99	3496.955	-752.859	-12812.951	110.0	110.0	155099	-6645.9146	1097.4419	-4277.6357	-11647.618	6629.1406	1568.5348	958.4647536277771
95	-5410.8364	1847.4014	-2435.0654	-10615.389	-5620.4316	2715.8918	-630.7664	-12380.64	110.0	110.0	156749	-6637.385	1092.1831	-4276.1714	-11714.547	6619.3843	1557.9283	968.7918064594269
96	-4452.236	1481.897	-224.85152	-6345.5117	-5075.5376	1246.8553	-2052.3538	-6657.8467	110.0	110.0	158399	-6623.246	1090.0944	-4288.078	-11700.943	6605.9917	1543.5925	979.5464477539062
97	-5514.8916	2300.4895	-1176.4749	-12626.657	-4673.9365	1319.1493	-1103.1685	-6112.49	110.0	110.0	160049	-6611.63	1091.6167	-4304.9365	-11646.146	6594.4766	1595.7415	990.0079576969147
98	-5308.462	1276.3638	-2955.711	-9138.949	-5187.0176	524.5251	-4611.235	-6541.3438	110.0	110.0	161699	-6600.742	1085.8557	-4287.3296	-11468.275	6584.0205	1578.559	1000.1357018947601
99	-5704.9717	2430.755	-1745.2671	-11353.381	-4565.9487	1807.1084	-1060.6277	-6950.2725	110.0	110.0	163349	-6597.16	1081.5005	-4316.463	-11329.515	6580.257	1583.1788	1010.0219547748566
100	-6033.6216	2984.1492	-2541.6196	-15069.44	-4957.0713	1642.7877	-188.42593	-6320.782	110.0	110.0	164999	-6588.076	1081.8813	-4286.103	-11447.807	6571.5317	1600.3962	1020.2213225364685
